{
    "description": "TODO: Add a description of the recording. You can add as much as you want, even if the wording is not perfect.",
    "time": [
        1753088319.0516605,
        1753088319.0615637,
        1753088319.0717006,
        1753088319.081723,
        1753088319.0917213,
        1753088319.1018827,
        1753088319.1120179,
        1753088319.1219862,
        1753088319.1319487,
        1753088319.1423032,
        1753088319.1523757,
        1753088319.1621575,
        1753088319.1723247,
        1753088319.1823153,
        1753088319.192334,
        1753088319.2024848,
        1753088319.2124887,
        1753088319.2225409,
        1753088319.2327783,
        1753088319.2427683,
        1753088319.2529395,
        1753088319.2628758,
        1753088319.2729073,
        1753088319.2830322,
        1753088319.2929554,
        1753088319.3029878,
        1753088319.31314,
        1753088319.3231614,
        1753088319.3332388,
        1753088319.343297,
        1753088319.3533778,
        1753088319.3634064,
        1753088319.3735209,
        1753088319.3835635,
        1753088319.3936474,
        1753088319.403842,
        1753088319.4139676,
        1753088319.423854,
        1753088319.4338672,
        1753088319.444022,
        1753088319.4540422,
        1753088319.4640174,
        1753088319.4741657,
        1753088319.4843483,
        1753088319.4942954,
        1753088319.5043283,
        1753088319.5143158,
        1753088319.5244508,
        1753088319.5344436,
        1753088319.5446033,
        1753088319.5547063,
        1753088319.564631,
        1753088319.5747485,
        1753088319.58481,
        1753088319.5948107,
        1753088319.604952,
        1753088319.61548,
        1753088319.6259062,
        1753088319.6359642,
        1753088319.646079,
        1753088319.6561246,
        1753088319.6661012,
        1753088319.6761818,
        1753088319.6861672,
        1753088319.6961608,
        1753088319.7062802,
        1753088319.7163804,
        1753088319.7263236,
        1753088319.7364562,
        1753088319.7466445,
        1753088319.7567387,
        1753088319.7667267,
        1753088319.7768068,
        1753088319.7869735,
        1753088319.7972567,
        1753088319.8070917,
        1753088319.8170915,
        1753088319.82713,
        1753088319.8373208,
        1753088319.8473442,
        1753088319.857307,
        1753088319.8673143,
        1753088319.8773956,
        1753088319.8875961,
        1753088319.8975437,
        1753088319.907569,
        1753088319.917626,
        1753088319.927639,
        1753088319.9378767,
        1753088319.9478652,
        1753088319.9579675,
        1753088319.967947,
        1753088319.9780278,
        1753088319.9881074,
        1753088319.9980907,
        1753088320.0082116,
        1753088320.0181959,
        1753088320.028215,
        1753088320.0387588,
        1753088320.0485115,
        1753088320.058493,
        1753088320.068532,
        1753088320.0786352,
        1753088320.0887458,
        1753088320.0987363,
        1753088320.1089516,
        1753088320.1188877,
        1753088320.1289353,
        1753088320.1390064,
        1753088320.1491823,
        1753088320.1590464,
        1753088320.1691842,
        1753088320.1792417,
        1753088320.1892672,
        1753088320.1993418,
        1753088320.2093956,
        1753088320.219493,
        1753088320.2295477,
        1753088320.2396405,
        1753088320.2499354,
        1753088320.2598653,
        1753088320.2699306,
        1753088320.2799993,
        1753088320.2901874,
        1753088320.3001726,
        1753088320.3101997,
        1753088320.32022,
        1753088320.330189,
        1753088320.3402545,
        1753088320.350364,
        1753088320.3603427,
        1753088320.37078,
        1753088320.3805566,
        1753088320.3906255,
        1753088320.4006336,
        1753088320.410695,
        1753088320.4207792,
        1753088320.4307864,
        1753088320.4409404,
        1753088320.4509096,
        1753088320.460925,
        1753088320.4710476,
        1753088320.4811604,
        1753088320.4912758,
        1753088320.5012245,
        1753088320.5113275,
        1753088320.5214446,
        1753088320.531423,
        1753088320.5420554,
        1753088320.552032,
        1753088320.5615559,
        1753088320.5717182,
        1753088320.581762,
        1753088320.5917785,
        1753088320.60188,
        1753088320.6120083,
        1753088320.6220384,
        1753088320.6321545,
        1753088320.6421304,
        1753088320.6521385,
        1753088320.6621978,
        1753088320.6722972,
        1753088320.682463,
        1753088320.69245,
        1753088320.7024877,
        1753088320.7126093,
        1753088320.7226615,
        1753088320.732631,
        1753088320.7427366,
        1753088320.7529109,
        1753088320.7628539,
        1753088320.7730315,
        1753088320.7832134,
        1753088320.7932096,
        1753088320.8032074,
        1753088320.8131845,
        1753088320.8232594,
        1753088320.8332758,
        1753088320.8433397,
        1753088320.8534136,
        1753088320.863433,
        1753088320.8736234,
        1753088320.8836982,
        1753088320.8936305,
        1753088320.9037244,
        1753088320.9141128,
        1753088320.9239771,
        1753088320.9339566,
        1753088320.9440475,
        1753088320.9540708,
        1753088320.96414,
        1753088320.9741983,
        1753088320.9842167,
        1753088320.9942415,
        1753088321.0043218,
        1753088321.0143888,
        1753088321.024446,
        1753088321.0345387,
        1753088321.0445845,
        1753088321.0546787,
        1753088321.0646703,
        1753088321.074979,
        1753088321.084953,
        1753088321.094879,
        1753088321.1050277,
        1753088321.115027,
        1753088321.1251023,
        1753088321.1353054,
        1753088321.1452856,
        1753088321.1553292,
        1753088321.1652877,
        1753088321.1754336,
        1753088321.185472,
        1753088321.1954849,
        1753088321.2055697,
        1753088321.2156951,
        1753088321.2256954,
        1753088321.235947,
        1753088321.245877,
        1753088321.2562513,
        1753088321.2659924,
        1753088321.2762558,
        1753088321.2862983,
        1753088321.2963188,
        1753088321.3063204,
        1753088321.3163354,
        1753088321.32639,
        1753088321.3364258,
        1753088321.3464997,
        1753088321.3566043,
        1753088321.3666244,
        1753088321.3767216,
        1753088321.386781,
        1753088321.3968012,
        1753088321.4069664,
        1753088321.4169645,
        1753088321.426957,
        1753088321.4370985,
        1753088321.447221,
        1753088321.4571111,
        1753088321.4672012,
        1753088321.4772875,
        1753088321.4876416,
        1753088321.497633,
        1753088321.507508,
        1753088321.517576,
        1753088321.5275714,
        1753088321.5377011,
        1753088321.5477157,
        1753088321.5578482,
        1753088321.5678208,
        1753088321.5778928,
        1753088321.5879772,
        1753088321.597994,
        1753088321.6082156,
        1753088321.6181684,
        1753088321.6286974,
        1753088321.6388962,
        1753088321.648947,
        1753088321.6588302,
        1753088321.6689136,
        1753088321.6789923,
        1753088321.6890724,
        1753088321.6990793,
        1753088321.7091863,
        1753088321.7192218,
        1753088321.7292771,
        1753088321.7393336,
        1753088321.7494442,
        1753088321.7594101,
        1753088321.7695167,
        1753088321.7795918,
        1753088321.789752,
        1753088321.799799,
        1753088321.8099172,
        1753088321.8200011,
        1753088321.830009,
        1753088321.8399885,
        1753088321.850011,
        1753088321.8600788,
        1753088321.8700998,
        1753088321.8802056,
        1753088321.890353,
        1753088321.9002676,
        1753088321.9103875,
        1753088321.920422,
        1753088321.9304852,
        1753088321.9405057,
        1753088321.950704,
        1753088321.9608157,
        1753088321.9708936,
        1753088321.9807246,
        1753088321.9908137,
        1753088322.000919,
        1753088322.0109704,
        1753088322.0210211,
        1753088322.0310214,
        1753088322.0411062,
        1753088322.051171,
        1753088322.0612252,
        1753088322.0712907,
        1753088322.081346,
        1753088322.0914688,
        1753088322.1015012,
        1753088322.1116626,
        1753088322.1216586,
        1753088322.1316319,
        1753088322.1416996,
        1753088322.1519263,
        1753088322.1617923,
        1753088322.1719153,
        1753088322.1819432,
        1753088322.192024,
        1753088322.2023323,
        1753088322.2123535,
        1753088322.2223842,
        1753088322.2324314,
        1753088322.2422802,
        1753088322.2522964,
        1753088322.2624013,
        1753088322.2725878,
        1753088322.2825968,
        1753088322.2928188,
        1753088322.3028822,
        1753088322.3128765,
        1753088322.3229005,
        1753088322.3328705,
        1753088322.3429353,
        1753088322.3530512,
        1753088322.3630104,
        1753088322.373225,
        1753088322.3831847,
        1753088322.393204,
        1753088322.4033349,
        1753088322.4134667,
        1753088322.423419,
        1753088322.4335155,
        1753088322.443591,
        1753088322.4536114,
        1753088322.4636402,
        1753088322.4737458,
        1753088322.4839394,
        1753088322.4939256,
        1753088322.5039341,
        1753088322.5140262,
        1753088322.5240996,
        1753088322.5345938,
        1753088322.5445738,
        1753088322.5542433,
        1753088322.5643713,
        1753088322.574317,
        1753088322.5844045,
        1753088322.594388,
        1753088322.604568,
        1753088322.6145916,
        1753088322.624583,
        1753088322.6347117,
        1753088322.6447759,
        1753088322.6548107,
        1753088322.6648767,
        1753088322.674978,
        1753088322.685014,
        1753088322.6950874,
        1753088322.7053008,
        1753088322.7153275,
        1753088322.7254279,
        1753088322.7353363,
        1753088322.7453911,
        1753088322.755477,
        1753088322.7655215,
        1753088322.7757156,
        1753088322.7858217,
        1753088322.7957578,
        1753088322.806023,
        1753088322.815996,
        1753088322.8260224,
        1753088322.8360968,
        1753088322.8461263,
        1753088322.856239,
        1753088322.8663294,
        1753088322.8762794,
        1753088322.8863523,
        1753088322.89639,
        1753088322.9064581,
        1753088322.916557,
        1753088322.9266303,
        1753088322.9367456,
        1753088322.9467692,
        1753088322.9570076,
        1753088322.9668627,
        1753088322.9768932,
        1753088322.9869645,
        1753088322.9969885,
        1753088323.0070868,
        1753088323.0172064,
        1753088323.0272622,
        1753088323.0373151,
        1753088323.0474296,
        1753088323.0574272,
        1753088323.0674496,
        1753088323.0777006,
        1753088323.0877113,
        1753088323.0977287,
        1753088323.1078262,
        1753088323.1178696,
        1753088323.1278849,
        1753088323.1379015,
        1753088323.147955,
        1753088323.158046,
        1753088323.1680582,
        1753088323.1781232,
        1753088323.1881866,
        1753088323.1982062,
        1753088323.208519,
        1753088323.2184381,
        1753088323.2284455,
        1753088323.2386117,
        1753088323.2486095,
        1753088323.2585905,
        1753088323.2686827,
        1753088323.2787807,
        1753088323.289074,
        1753088323.2989552,
        1753088323.3091023,
        1753088323.3192286,
        1753088323.3292158,
        1753088323.3393111,
        1753088323.3496213,
        1753088323.3592513,
        1753088323.369635,
        1753088323.3796968,
        1753088323.3894992,
        1753088323.3995662,
        1753088323.4096358,
        1753088323.419662,
        1753088323.4297004,
        1753088323.4399416,
        1753088323.449945,
        1753088323.459818,
        1753088323.4700122,
        1753088323.4800892,
        1753088323.4902406,
        1753088323.5002303,
        1753088323.510286,
        1753088323.5202377,
        1753088323.530296,
        1753088323.540725,
        1753088323.550806,
        1753088323.5608387,
        1753088323.570826,
        1753088323.5809312,
        1753088323.5909595,
        1753088323.601076,
        1753088323.611139,
        1753088323.6211185,
        1753088323.6311798,
        1753088323.6413348,
        1753088323.6515555,
        1753088323.6613932,
        1753088323.6714776,
        1753088323.681508,
        1753088323.6915767,
        1753088323.7016547,
        1753088323.7117708,
        1753088323.721979,
        1753088323.7318256,
        1753088323.7419412,
        1753088323.7520397,
        1753088323.7620285,
        1753088323.7721915,
        1753088323.7822065,
        1753088323.7922583,
        1753088323.8022661,
        1753088323.812418,
        1753088323.822427,
        1753088323.8326063,
        1753088323.842598,
        1753088323.852674,
        1753088323.8626404,
        1753088323.872784,
        1753088323.8830163,
        1753088323.892851,
        1753088323.9029176,
        1753088323.9129403,
        1753088323.9230456,
        1753088323.9331243,
        1753088323.943125,
        1753088323.9532301,
        1753088323.963209,
        1753088323.9732764,
        1753088323.983323,
        1753088323.9933283,
        1753088324.003518,
        1753088324.0135105,
        1753088324.0235887,
        1753088324.033647,
        1753088324.0438144,
        1753088324.0537717,
        1753088324.0637858,
        1753088324.0739625,
        1753088324.0840368
    ],
    "set_target_data": [
        {
            "head": [
                [
                    0.9984146043884199,
                    0.036100503596651234,
                    -0.04318600912313204,
                    -0.0029393782934462997
                ],
                [
                    -0.034089132872654415,
                    0.9983393499239721,
                    0.04643784462452378,
                    0.003393021704490442
                ],
                [
                    0.044790721850686714,
                    -0.0448920486662067,
                    0.9979872219636109,
                    0.004815919150187198
                ],
                [
                    0.0,
                    0.0,
                    0.0,
                    1.0
                ]
            ],
            "antennas": [
                0.3318104307479155,
                -0.5465781273801565
            ],
            "body_yaw": 0.0,
            "check_collision": false
        },
        {
            "head": [
                [
                    0.9984199365940942,
                    0.036177300792403305,
                    -0.042998059477386906,
                    -0.002917472970442564
                ],
                [
                    -0.034169990817766394,
                    0.9983320152954069,
                    0.04653599642991654,
                    0.003350341325825114
                ],
                [
                    0.04460988611237073,
                    -0.04499322330737618,
                    0.9979907654469824,
                    0.0048360629177902625
                ],
                [
                    0.0,
                    0.0,
                    0.0,
                    1.0
                ]
            ],
            "antennas": [
                0.3318104307479155,
                -0.5465781273801565
            ],
            "body_yaw": 0.0,
            "check_collision": false
        },
        {
            "head": [
                [
                    0.9984340562738251,
                    0.036178545607396986,
                    -0.04266788148396386,
                    -0.002862059861565139
                ],
                [
                    -0.034162766490432706,
                    0.9983075920839645,
                    0.04706226697936347,
                    0.0033132735406671684
                ],
                [
                    0.044298314395880334,
                    -0.045530917245869454,
                    0.9979802577788969,
                    0.004770734946856869
                ],
                [
                    0.0,
                    0.0,
                    0.0,
                    1.0
                ]
            ],
            "antennas": [
                0.3318104307479155,
                -0.5465781273801565
            ],
            "body_yaw": 0.0,
            "check_collision": false
        },
        {
            "head": [
                [
                    0.9984433762125996,
                    0.036045936130145104,
                    -0.042561895936231706,
                    -0.0028505889825174192
                ],
                [
                    -0.03401706756456735,
                    0.998293384850373,
                    0.04746742965752974,
                    0.003257814243816974
                ],
                [
                    0.04420026709752756,
                    -0.0459457098376592,
                    0.9979655946654779,
                    0.004800619598992029
                ],
                [
                    0.0,
                    0.0,
                    0.0,
                    1.0
                ]
            ],
            "antennas": [
                0.3318104307479155,
                -0.5465781273801565
            ],
            "body_yaw": 0.0,
            "check_collision": false
        },
        {
            "head": [
                [
                    0.9984499074991766,
                    0.03590072981621618,
                    -0.04253139797313193,
                    -0.00285167823387642
                ],
                [
                    -0.033861429151183876,
                    0.9982859004488402,
                    0.04773535985920304,
                    0.0032663740670533714
                ],
                [
                    0.04417222917994109,
                    -0.046221191716693165,
                    0.9979541149800243,
                    0.0047413793451613895
                ],
                [
                    0.0,
                    0.0,
                    0.0,
                    1.0
                ]
            ],
            "antennas": [
                0.3318104307479155,
                -0.5465781273801565
            ],
            "body_yaw": 0.0,
            "check_collision": false
        },
        {
            "head": [
                [
                    0.9984550939793441,
                    0.03590602062836767,
                    -0.04240498778839876,
                    -0.0028412167147749464
                ],
                [
                    -0.03383669785027079,
                    0.9982475531930431,
                    0.04854791882966618,
                    0.00319742823828503
                ],
                [
                    0.044073837877912254,
                    -0.04703807209843544,
                    0.9979202957090179,
                    0.004764640417573962
                ],
                [
                    0.0,
                    0.0,
                    0.0,
                    1.0
                ]
            ],
            "antennas": [
                0.3318104307479155,
                -0.5465781273801565
            ],
            "body_yaw": 0.0,
            "check_collision": false
        },
        {
            "head": [
                [
                    0.9984555330163208,
                    0.03597897782674357,
                    -0.04233275024891139,
                    -0.0028433117458820725
                ],
                [
                    -0.03386478136315882,
                    0.9981927961814416,
                    0.049641899990832565,
                    0.003311258638548256
                ],
                [
                    0.04404231116005907,
                    -0.048131640383609044,
                    0.9978695405821659,
                    0.004693744385186438
                ],
                [
                    0.0,
                    0.0,
                    0.0,
                    1.0
                ]
            ],
            "antennas": [
                0.3318104307479155,
                -0.5465781273801565
            ],
            "body_yaw": 0.0,
            "check_collision": false
        },
        {
            "head": [
                [
                    0.9984552432950482,
                    0.03605929567779886,
                    -0.042271199791906876,
                    -0.0028279329007896894
                ],
                [
                    -0.03388562106845255,
                    0.9981206927159689,
                    0.05105729582537539,
                    0.0032348958007995697
                ],
                [
                    0.04403284934490926,
                    -0.04954603886705502,
                    0.9978007307128779,
                    0.004719272365871774
                ],
                [
                    0.0,
                    0.0,
                    0.0,
                    1.0
                ]
            ],
            "antennas": [
                0.3318104307479155,
                -0.5465781273801565
            ],
            "body_yaw": 0.0,
            "check_collision": false
        },
        {
            "head": [
                [
                    0.9984760862567408,
                    0.03585427510044675,
                    -0.04195206944172401,
                    -0.00281048030358025
                ],
                [
                    -0.0336532419331249,
                    0.9980775478951472,
                    0.05204486233050098,
                    0.003274444723728312
                ],
                [
                    0.0437374494090855,
                    -0.05055372730701189,
                    0.9977631763973634,
                    0.004732833081130261
                ],
                [
                    0.0,
                    0.0,
                    0.0,
                    1.0
                ]
            ],
            "antennas": [
                0.3318104307479155,
                -0.5465781273801565
            ],
            "body_yaw": 0.0,
            "check_collision": false
        },
        {
            "head": [
                [
                    0.9985000714319644,
                    0.03546997502930966,
                    -0.04170717230623894,
                    -0.002772843764387167
                ],
                [
                    -0.03323025544032134,
                    0.9980297228064514,
                    0.05322050843658736,
                    0.0032095589550917647
                ],
                [
                    0.04351272772112946,
                    -0.05175474148614813,
                    0.9977114258441511,
                    0.004743039222064316
                ],
                [
                    0.0,
                    0.0,
                    0.0,
                    1.0
                ]
            ],
            "antennas": [
                0.3318104307479155,
                -0.5465781273801565
            ],
            "body_yaw": 0.0,
            "check_collision": false
        },
        {
            "head": [
                [
                    0.9985247477802731,
                    0.035274965411568875,
                    -0.041279594057532336,
                    -0.002771753111460761
                ],
                [
                    -0.03301525119319298,
                    0.997984199048925,
                    0.054199000335117625,
                    0.0032643600571426795
                ],
                [
                    0.04310825047473405,
                    -0.0527561869726038,
                    0.9976765324879198,
                    0.004761817199884111
                ],
                [
                    0.0,
                    0.0,
                    0.0,
                    1.0
                ]
            ],
            "antennas": [
                0.3318104307479155,
                -0.5465781273801565
            ],
            "body_yaw": 0.0,
            "check_collision": false
        },
        {
            "head": [
                [
                    0.9985373580480134,
                    0.035175347636729755,
                    -0.041058975889915424,
                    -0.0027468351403479845
                ],
                [
                    -0.03291694395989488,
                    0.9979742717493317,
                    0.054441048178116486,
                    0.003228812009787586
                ],
                [
                    0.042890784357884924,
                    -0.053009884408722036,
                    0.997672457659396,
                    0.004774208116828937
                ],
                [
                    0.0,
                    0.0,
                    0.0,
                    1.0
                ]
            ],
            "antennas": [
                0.3318104307479155,
                -0.5465781273801565
            ],
            "body_yaw": 0.0,
            "check_collision": false
        },
        {
            "head": [
                [
                    0.9985514660844832,
                    0.0351006799200361,
                    -0.04077881618781862,
                    -0.0027306302476707706
                ],
                [
                    -0.03284746654475222,
                    0.9979641055705387,
                    0.05466889366345029,
                    0.0033145809915715993
                ],
                [
                    0.04261471016116508,
                    -0.053250223116391035,
                    0.997671489126523,
                    0.00476639486193331
                ],
                [
                    0.0,
                    0.0,
                    0.0,
                    1.0
                ]
            ],
            "antennas": [
                0.3318104307479155,
                -0.5465781273801565
            ],
            "body_yaw": 0.0,
            "check_collision": false
        },
        {
            "head": [
                [
                    0.9985535657342763,
                    0.03518677415060064,
                    -0.040653010764727854,
                    -0.0027040536991313584
                ],
                [
                    -0.032945133436168804,
                    0.9979671981877603,
                    0.05455354731036958,
                    0.0032917112373574255
                ],
                [
                    0.04248993459909639,
                    -0.05313532032599711,
                    0.997682937205813,
                    0.004784040364786413
                ],
                [
                    0.0,
                    0.0,
                    0.0,
                    1.0
                ]
            ],
            "antennas": [
                0.3318104307479155,
                -0.5465781273801565
            ],
            "body_yaw": 0.0,
            "check_collision": false
        },
        {
            "head": [
                [
                    0.9985621745037996,
                    0.03507055253275253,
                    -0.04054183019167411,
                    -0.0026908312813203467
                ],
                [
                    -0.03283938176731557,
                    0.9979764485388817,
                    0.054447985884339876,
                    0.0033613977669780777
                ],
                [
                    0.042369312661212646,
                    -0.05303833054280855,
                    0.9976932278199787,
                    0.004816207310398446
                ],
                [
                    0.0,
                    0.0,
                    0.0,
                    1.0
                ]
            ],
            "antennas": [
                0.3318104307479155,
                -0.5465781273801565
            ],
            "body_yaw": 0.0,
            "check_collision": false
        },
        {
            "head": [
                [
                    0.9985666284410534,
                    0.03505968487685804,
                    -0.04044140279717107,
                    -0.00266273060793229
                ],
                [
                    -0.032843742969767595,
                    0.9979890107177988,
                    0.05421460167008146,
                    0.0033276849405980856
                ],
                [
                    0.0422608224198662,
                    -0.05280864496316081,
                    0.9977100129323909,
                    0.004838814873463382
                ],
                [
                    0.0,
                    0.0,
                    0.0,
                    1.0
                ]
            ],
            "antennas": [
                0.3318104307479155,
                -0.5465781273801565
            ],
            "body_yaw": 0.0,
            "check_collision": false
        },
        {
            "head": [
                [
                    0.9985744996267633,
                    0.035060980650645196,
                    -0.04024545105939464,
                    -0.002653386025566584
                ],
                [
                    -0.03287081587749685,
                    0.9980079127164374,
                    0.053849007594636705,
                    0.0032858316194297006
                ],
                [
                    0.04205327762144998,
                    -0.052449345002531955,
                    0.9977377351038189,
                    0.0048360498858531775
                ],
                [
                    0.0,
                    0.0,
                    0.0,
                    1.0
                ]
            ],
            "antennas": [
                0.3318104307479155,
                -0.5465781273801565
            ],
            "body_yaw": 0.0,
            "check_collision": false
        },
        {
            "head": [
                [
                    0.9985822183712553,
                    0.03504381701520212,
                    -0.04006849188261964,
                    -0.0026248492449938033
                ],
                [
                    -0.03287887195243894,
                    0.9980280348874824,
                    0.0534698172595085,
                    0.003237534853868961
                ],
                [
                    0.04186326470639444,
                    -0.05207660192096965,
                    0.9977652502470143,
                    0.004845267952465315
                ],
                [
                    0.0,
                    0.0,
                    0.0,
                    1.0
                ]
            ],
            "antennas": [
                0.3318104307479155,
                -0.5465781273801565
            ],
            "body_yaw": 0.0,
            "check_collision": false
        },
        {
            "head": [
                [
                    0.9985941763539842,
                    0.03506345687330289,
                    -0.03975204326826575,
                    -0.0026063503795522597
                ],
                [
                    -0.0329130494609312,
                    0.9980243856278381,
                    0.05351688394664473,
                    0.0032567945203530293
                ],
                [
                    0.0415499955125189,
                    -0.052133287679469946,
                    0.9977753846375642,
                    0.004797225104332559
                ],
                [
                    0.0,
                    0.0,
                    0.0,
                    1.0
                ]
            ],
            "antennas": [
                0.3318104307479155,
                -0.5465781273801565
            ],
            "body_yaw": 0.0,
            "check_collision": false
        },
        {
            "head": [
                [
                    0.9985921159594335,
                    0.035197723735120985,
                    -0.03968508772230779,
                    -0.002582579345126748
                ],
                [
                    -0.033053308917464545,
                    0.9980230665737478,
                    0.05345500309923316,
                    0.003219360773753962
                ],
                [
                    0.041488127377212664,
                    -0.0520680211895792,
                    0.99778136706201,
                    0.004807870351749566
                ],
                [
                    0.0,
                    0.0,
                    0.0,
                    1.0
                ]
            ],
            "antennas": [
                0.3318104307479155,
                -0.5465781273801565
            ],
            "body_yaw": 0.0,
            "check_collision": false
        },
        {
            "head": [
                [
                    0.9985950057811357,
                    0.035277345616625946,
                    -0.039541412660887246,
                    -0.002521407749644204
                ],
                [
                    -0.033153155534824896,
                    0.998036223233374,
                    0.0531466404596399,
                    0.0032550934194146416
                ],
                [
                    0.0413386345572415,
                    -0.05176104713302896,
                    0.9978035434355979,
                    0.004722658135297375
                ],
                [
                    0.0,
                    0.0,
                    0.0,
                    1.0
                ]
            ],
            "antennas": [
                0.3318104307479155,
                -0.5465781273801565
            ],
            "body_yaw": 0.0,
            "check_collision": false
        },
        {
            "head": [
                [
                    0.9985940644890049,
                    0.035299345183668784,
                    -0.03954555091199789,
                    -0.002506561932893432
                ],
                [
                    -0.03317324857874614,
                    0.9980333961148227,
                    0.053187177197574896,
                    0.0032200151644145537
                ],
                [
                    0.041345253005175026,
                    -0.05180054506583607,
                    0.9978012194745106,
                    0.004741816339269733
                ],
                [
                    0.0,
                    0.0,
                    0.0,
                    1.0
                ]
            ],
            "antennas": [
                0.3318104307479155,
                -0.5465781273801565
            ],
            "body_yaw": 0.0,
            "check_collision": false
        },
        {
            "head": [
                [
                    0.9986056507311118,
                    0.03500818804944113,
                    -0.03951178428504294,
                    -0.0024784189109451904
                ],
                [
                    -0.032875884958162654,
                    0.9980327585479261,
                    0.05338341552799809,
                    0.003311718938113024
                ],
                [
                    0.041302911714677606,
                    -0.052009995526939065,
                    0.9977920774636254,
                    0.004669650356953103
                ],
                [
                    0.0,
                    0.0,
                    0.0,
                    1.0
                ]
            ],
            "antennas": [
                0.3318104307479155,
                -0.5465781273801565
            ],
            "body_yaw": 0.0,
            "check_collision": false
        },
        {
            "head": [
                [
                    0.9986175113325425,
                    0.034765176385336584,
                    -0.03942649579782359,
                    -0.002469475634238877
                ],
                [
                    -0.03264240684613199,
                    0.9980468266522765,
                    0.053263543673061936,
                    0.003289737100055393
                ],
                [
                    0.04120120550773923,
                    -0.051902931711195435,
                    0.9978018572564855,
                    0.004678768542305978
                ],
                [
                    0.0,
                    0.0,
                    0.0,
                    1.0
                ]
            ],
            "antennas": [
                0.3318104307479155,
                -0.5465781273801565
            ],
            "body_yaw": 0.0,
            "check_collision": false
        },
        {
            "head": [
                [
                    0.9986253105781566,
                    0.034598091619430095,
                    -0.03937589527838005,
                    -0.002463098877134808
                ],
                [
                    -0.03247708476967542,
                    0.9980509722957994,
                    0.053286918322163965,
                    0.003307716398745668
                ],
                [
                    0.04114277624983209,
                    -0.051934851070386034,
                    0.997802607336117,
                    0.00469502421090795
                ],
                [
                    0.0,
                    0.0,
                    0.0,
                    1.0
                ]
            ],
            "antennas": [
                0.3318104307479155,
                -0.5465781273801565
            ],
            "body_yaw": 0.0,
            "check_collision": false
        },
        {
            "head": [
                [
                    0.998633946424205,
                    0.034480766881986855,
                    -0.03925962002424138,
                    -0.002458243763176826
                ],
                [
                    -0.032351797984754446,
                    0.9980367007852766,
                    0.05362933015424917,
                    0.003277326806513562
                ],
                [
                    0.04103172207416324,
                    -0.052285950320042004,
                    0.9977888439859198,
                    0.004705986012932262
                ],
                [
                    0.0,
                    0.0,
                    0.0,
                    1.0
                ]
            ],
            "antennas": [
                0.3318104307479155,
                -0.5465781273801565
            ],
            "body_yaw": 0.0,
            "check_collision": false
        },
        {
            "head": [
                [
                    0.9986432535171561,
                    0.03432890700681281,
                    -0.03915582138567556,
                    -0.002494941861675499
                ],
                [
                    -0.03218197837842903,
                    0.9980112593229098,
                    0.05420190524649761,
                    0.0032519014303848725
                ],
                [
