{
    "description": "TODO: Add a description of the recording. You can add as much as you want, even if the wording is not perfect.",
    "time": [
        1753089051.8202538,
        1753089051.8302355,
        1753089051.840374,
        1753089051.8503833,
        1753089051.8604488,
        1753089051.8707113,
        1753089051.880623,
        1753089051.8907082,
        1753089051.9007423,
        1753089051.9109259,
        1753089051.9209447,
        1753089051.931029,
        1753089051.9410133,
        1753089051.9509814,
        1753089051.9610777,
        1753089051.9710367,
        1753089051.9810789,
        1753089051.991217,
        1753089052.0011897,
        1753089052.0112677,
        1753089052.0213306,
        1753089052.0313761,
        1753089052.0415223,
        1753089052.05148,
        1753089052.061574,
        1753089052.0716383,
        1753089052.0817182,
        1753089052.0917861,
        1753089052.1017864,
        1753089052.1120205,
        1753089052.1220176,
        1753089052.1319966,
        1753089052.1421247,
        1753089052.1521516,
        1753089052.1622057,
        1753089052.1723118,
        1753089052.1823535,
        1753089052.1924725,
        1753089052.2024317,
        1753089052.2125769,
        1753089052.2226503,
        1753089052.232786,
        1753089052.2427797,
        1753089052.2528515,
        1753089052.2628462,
        1753089052.272968,
        1753089052.2829895,
        1753089052.2930965,
        1753089052.3033552,
        1753089052.313208,
        1753089052.3232558,
        1753089052.3332846,
        1753089052.343505,
        1753089052.3534539,
        1753089052.3635287,
        1753089052.3739557,
        1753089052.3836923,
        1753089052.3937805,
        1753089052.4037905,
        1753089052.4139063,
        1753089052.4239533,
        1753089052.4340556,
        1753089052.4442632,
        1753089052.454244,
        1753089052.4641633,
        1753089052.4742563,
        1753089052.484557,
        1753089052.4944668,
        1753089052.5044937,
        1753089052.514525,
        1753089052.5256152,
        1753089052.5351462,
        1753089052.545165,
        1753089052.5551383,
        1753089052.5650947,
        1753089052.5752707,
        1753089052.5852125,
        1753089052.595297,
        1753089052.6053693,
        1753089052.6154575,
        1753089052.6255012,
        1753089052.6355782,
        1753089052.6457095,
        1753089052.6557379,
        1753089052.6656818,
        1753089052.6757827,
        1753089052.6858213,
        1753089052.6962764,
        1753089052.706024,
        1753089052.7161016,
        1753089052.7261384,
        1753089052.7361596,
        1753089052.7464583,
        1753089052.7562962,
        1753089052.766286,
        1753089052.7765195,
        1753089052.786537,
        1753089052.7965615,
        1753089052.8066514,
        1753089052.8167453,
        1753089052.8267827,
        1753089052.8368108,
        1753089052.8468778,
        1753089052.8569689,
        1753089052.8669708,
        1753089052.8772242,
        1753089052.8872657,
        1753089052.8972588,
        1753089052.9074538,
        1753089052.9174118,
        1753089052.9276314,
        1753089052.9376585,
        1753089052.9476793,
        1753089052.9577413,
        1753089052.9677374,
        1753089052.9777584,
        1753089052.9877954,
        1753089052.9977956,
        1753089053.0079281,
        1753089053.0180016,
        1753089053.0280085,
        1753089053.038148,
        1753089053.048196,
        1753089053.058138,
        1753089053.0682123,
        1753089053.0784528,
        1753089053.0883675,
        1753089053.098402,
        1753089053.108577,
        1753089053.1185372,
        1753089053.1287143,
        1753089053.1387763,
        1753089053.1489272,
        1753089053.1589255,
        1753089053.1690745,
        1753089053.1790297,
        1753089053.1890788,
        1753089053.1990774,
        1753089053.2091126,
        1753089053.2191882,
        1753089053.2291963,
        1753089053.2393382,
        1753089053.2493804,
        1753089053.2595105,
        1753089053.2694569,
        1753089053.279627,
        1753089053.2896295,
        1753089053.2996376,
        1753089053.3098385,
        1753089053.3197923,
        1753089053.3298504,
        1753089053.339951,
        1753089053.3499885,
        1753089053.3600707,
        1753089053.3700979,
        1753089053.3802118,
        1753089053.390252,
        1753089053.4002721,
        1753089053.4104867,
        1753089053.4204464,
        1753089053.430489,
        1753089053.4406354,
        1753089053.450903,
        1753089053.4607701,
        1753089053.470859,
        1753089053.480943,
        1753089053.490969,
        1753089053.5010922,
        1753089053.5110488,
        1753089053.521077,
        1753089053.5311356,
        1753089053.5412374,
        1753089053.551298,
        1753089053.5613163,
        1753089053.5713558,
        1753089053.5814373,
        1753089053.591524,
        1753089053.602234,
        1753089053.611628,
        1753089053.621754,
        1753089053.6320012,
        1753089053.6419044,
        1753089053.6518981,
        1753089053.6619415,
        1753089053.6720047,
        1753089053.682061,
        1753089053.6921806,
        1753089053.70205,
        1753089053.7123454,
        1753089053.722271,
        1753089053.7322488,
        1753089053.7424464,
        1753089053.7524037,
        1753089053.7624905,
        1753089053.7725358,
        1753089053.7825909,
        1753089053.7926774,
        1753089053.8027012,
        1753089053.8128188,
        1753089053.8228896,
        1753089053.8329225,
        1753089053.8430943,
        1753089053.85301,
        1753089053.8630366,
        1753089053.8731534,
        1753089053.8831801,
        1753089053.8932202,
        1753089053.9032829,
        1753089053.9134035,
        1753089053.9234574,
        1753089053.9336104,
        1753089053.9436276,
        1753089053.9538226,
        1753089053.963805,
        1753089053.9738336,
        1753089053.9838536,
        1753089053.9939518,
        1753089054.0039144,
        1753089054.0139732,
        1753089054.0240464,
        1753089054.034059,
        1753089054.0442958,
        1753089054.0542011,
        1753089054.0642087,
        1753089054.0743804,
        1753089054.0844204,
        1753089054.0944896,
        1753089054.1045659,
        1753089054.114582,
        1753089054.1246686,
        1753089054.1346927,
        1753089054.1448152,
        1753089054.1548717,
        1753089054.164914,
        1753089054.1749778,
        1753089054.185054,
        1753089054.195138,
        1753089054.2050624,
        1753089054.2151752,
        1753089054.2251797,
        1753089054.2354708,
        1753089054.2455235,
        1753089054.2553847,
        1753089054.2654152,
        1753089054.2756696,
        1753089054.2855968,
        1753089054.2956388,
        1753089054.3057976,
        1753089054.3157701,
        1753089054.3259168,
        1753089054.3358612,
        1753089054.3459876,
        1753089054.356075,
        1753089054.366097,
        1753089054.3761668,
        1753089054.3862529,
        1753089054.3963542,
        1753089054.4063485,
        1753089054.416443,
        1753089054.4264743,
        1753089054.436529,
        1753089054.4468384,
        1753089054.4567764,
        1753089054.4668074,
        1753089054.477008,
        1753089054.4870543,
        1753089054.497198,
        1753089054.5072048,
        1753089054.517125,
        1753089054.5271742,
        1753089054.537614,
        1753089054.5480084,
        1753089054.5580122,
        1753089054.5675988,
        1753089054.5778506,
        1753089054.5877445,
        1753089054.5977285,
        1753089054.607804,
        1753089054.6179156,
        1753089054.6279354,
        1753089054.6382878,
        1753089054.648185,
        1753089054.6580997,
        1753089054.6680844,
        1753089054.6784084,
        1753089054.6882803,
        1753089054.6983333,
        1753089054.7084484,
        1753089054.718505,
        1753089054.7285264,
        1753089054.7386422,
        1753089054.748795,
        1753089054.7588239,
        1753089054.768821,
        1753089054.778908,
        1753089054.7889678,
        1753089054.7990177,
        1753089054.8090625,
        1753089054.8191118,
        1753089054.8291523,
        1753089054.839231,
        1753089054.8492832,
        1753089054.8594053,
        1753089054.8694258,
        1753089054.8796434,
        1753089054.8895729,
        1753089054.8995922,
        1753089054.909718,
        1753089054.9197748,
        1753089054.9299366,
        1753089054.9398937,
        1753089054.9499865,
        1753089054.960081,
        1753089054.9701295,
        1753089054.9802792,
        1753089054.9903011,
        1753089055.0003648,
        1753089055.0104113,
        1753089055.0204499,
        1753089055.0304074,
        1753089055.0405333,
        1753089055.0505626,
        1753089055.060663,
        1753089055.0707145,
        1753089055.0807705,
        1753089055.0907717,
        1753089055.1008322,
        1753089055.1109664,
        1753089055.120983,
        1753089055.1310532,
        1753089055.1411076,
        1753089055.1512172,
        1753089055.1614628,
        1753089055.1715033,
        1753089055.1814106,
        1753089055.1915996,
        1753089055.2016766,
        1753089055.2116077,
        1753089055.221635,
        1753089055.2316709,
        1753089055.241845,
        1753089055.2518501,
        1753089055.2618744,
        1753089055.2722762,
        1753089055.282086,
        1753089055.2920957,
        1753089055.3021758,
        1753089055.3122456,
        1753089055.3222942,
        1753089055.3323295,
        1753089055.3424065,
        1753089055.3524792,
        1753089055.362675,
        1753089055.3726385,
        1753089055.3826768,
        1753089055.3928037,
        1753089055.402748,
        1753089055.4129019,
        1753089055.4228847,
        1753089055.432939,
        1753089055.4430544,
        1753089055.4532146,
        1753089055.4631763,
        1753089055.473383,
        1753089055.483563,
        1753089055.4952154,
        1753089055.5036526,
        1753089055.5135615,
        1753089055.5236712,
        1753089055.533732,
        1753089055.543748,
        1753089055.5538523,
        1753089055.5638392,
        1753089055.5739117,
        1753089055.583959,
        1753089055.5941246,
        1753089055.6042237,
        1753089055.6142545,
        1753089055.6243696,
        1753089055.634406,
        1753089055.6445413,
        1753089055.6545925,
        1753089055.6645212,
        1753089055.6746593,
        1753089055.6847377,
        1753089055.6947792,
        1753089055.7048285,
        1753089055.7148623,
        1753089055.7249603,
        1753089055.7349012,
        1753089055.745051,
        1753089055.755157,
        1753089055.7650704,
        1753089055.7751644,
        1753089055.7852416,
        1753089055.7953098,
        1753089055.8054125,
        1753089055.8154352,
        1753089055.8255904,
        1753089055.8355424,
        1753089055.8458238,
        1753089055.855712,
        1753089055.865749,
        1753089055.8759134,
        1753089055.8859587,
        1753089055.8959563,
        1753089055.9060378,
        1753089055.916106,
        1753089055.9261994,
        1753089055.9362726,
        1753089055.946311,
        1753089055.9564626,
        1753089055.9663434,
        1753089055.9765344,
        1753089055.9866593,
        1753089055.9967122,
        1753089056.0067377,
        1753089056.0168312,
        1753089056.0268352,
        1753089056.0367925,
        1753089056.0469017,
        1753089056.0569694,
        1753089056.0670428,
        1753089056.0771272,
        1753089056.0871422,
        1753089056.0971367,
        1753089056.107283,
        1753089056.1173162,
        1753089056.1274385,
        1753089056.1374779,
        1753089056.1475046,
        1753089056.1576383,
        1753089056.1676195,
        1753089056.1778224,
        1753089056.1889634,
        1753089056.1982872,
        1753089056.207917,
        1753089056.218017,
        1753089056.2279909,
        1753089056.238119,
        1753089056.2481291,
        1753089056.2581487,
        1753089056.2681549,
        1753089056.2783191,
        1753089056.2884347,
        1753089056.2983713,
        1753089056.308475,
        1753089056.3185058,
        1753089056.3285887,
        1753089056.3386803,
        1753089056.348768,
        1753089056.3588624,
        1753089056.3688035,
        1753089056.3789787,
        1753089056.388987,
        1753089056.3990133,
        1753089056.40917,
        1753089056.4191878,
        1753089056.4292135,
        1753089056.4392707,
        1753089056.4493754,
        1753089056.459555,
        1753089056.4694884,
        1753089056.4796116,
        1753089056.4897964,
        1753089056.499749,
        1753089056.5098822,
        1753089056.5200388,
        1753089056.530044,
        1753089056.5400171,
        1753089056.550136,
        1753089056.560149,
        1753089056.5702622,
        1753089056.5801704,
        1753089056.5902128,
        1753089056.6003048,
        1753089056.6103714,
        1753089056.620407,
        1753089056.6303978,
        1753089056.6405268,
        1753089056.650564,
        1753089056.6606712,
        1753089056.6707392,
        1753089056.6808946,
        1753089056.6910417,
        1753089056.7009196,
        1753089056.7112002,
        1753089056.7211287,
        1753089056.7310975,
        1753089056.7411988,
        1753089056.751378,
        1753089056.761301,
        1753089056.771456,
        1753089056.7814102,
        1753089056.7914898,
        1753089056.8015172,
        1753089056.811708,
        1753089056.8217063,
        1753089056.8317037,
        1753089056.8418043,
        1753089056.8518744,
        1753089056.8619404,
        1753089056.872009,
        1753089056.8820298,
        1753089056.8923686,
        1753089056.9023943,
        1753089056.9124863,
        1753089056.9225333,
        1753089056.9325066,
        1753089056.9425168,
        1753089056.9525983,
        1753089056.9625177,
        1753089056.9726472,
        1753089056.9827185,
        1753089056.9928114,
        1753089057.0028467,
        1753089057.0129793,
        1753089057.0230722,
        1753089057.033055,
        1753089057.043196,
        1753089057.053302,
        1753089057.0632222,
        1753089057.0732896,
        1753089057.083363,
        1753089057.0933256,
        1753089057.1034396,
        1753089057.1135404,
        1753089057.1235452,
        1753089057.1335819,
        1753089057.1436424,
        1753089057.1537397,
        1753089057.163808,
        1753089057.1738806,
        1753089057.1839092,
        1753089057.1940193,
        1753089057.2040205,
        1753089057.2141147,
        1753089057.2241955,
        1753089057.2341547,
        1753089057.2443342,
        1753089057.254375,
        1753089057.2662733,
        1753089057.2744637,
        1753089057.2844787,
        1753089057.294541,
        1753089057.3045957,
        1753089057.3146718,
        1753089057.3247855,
        1753089057.3347945,
        1753089057.3449051,
        1753089057.355013,
        1753089057.3649738,
        1753089057.3753188,
        1753089057.385202,
        1753089057.3952634,
        1753089057.4052207,
        1753089057.4152927,
        1753089057.4254038,
        1753089057.4354186,
        1753089057.4455895,
        1753089057.455568,
        1753089057.4655573,
        1753089057.4757152,
        1753089057.4858708,
        1753089057.4967484,
        1753089057.5058959,
        1753089057.515959,
        1753089057.5261676,
        1753089057.5362222,
        1753089057.5465298,
        1753089057.5562644,
        1753089057.5662572,
        1753089057.5763414,
        1753089057.5864701,
        1753089057.5964937,
        1753089057.6064734,
        1753089057.6171293,
        1753089057.6266816,
        1753089057.6370087,
        1753089057.6469724,
        1753089057.656894,
        1753089057.6668823,
        1753089057.6771824,
        1753089057.6870332,
        1753089057.6970816,
        1753089057.7072113,
        1753089057.7171571,
        1753089057.7272255,
        1753089057.7373676,
        1753089057.7474108,
        1753089057.7574492,
        1753089057.7675421,
        1753089057.777608,
        1753089057.787701,
        1753089057.7977157,
        1753089057.8078115,
        1753089057.817833,
        1753089057.8279111,
        1753089057.8379776,
        1753089057.8482606,
        1753089057.8582249,
        1753089057.8682284,
        1753089057.8783965,
        1753089057.8883116,
        1753089057.8983247,
        1753089057.908422,
        1753089057.9184263,
        1753089057.9285817,
        1753089057.9386582,
        1753089057.9486957,
        1753089057.958783,
        1753089057.968739,
        1753089057.9788384,
        1753089057.988928,
        1753089057.999053,
        1753089058.0091057,
        1753089058.019302,
        1753089058.029181,
        1753089058.0393631,
        1753089058.0493653,
        1753089058.0594275,
        1753089058.0694983,
        1753089058.0794463,
        1753089058.0895307,
        1753089058.0995865,
        1753089058.1098578,
        1753089058.119813,
        1753089058.1298149,
        1753089058.1398916,
        1753089058.1500227,
        1753089058.1600513,
        1753089058.1700873,
        1753089058.180188,
        1753089058.1901948,
        1753089058.2001832,
        1753089058.210337,
        1753089058.2203908,
        1753089058.2303646,
        1753089058.2404933,
        1753089058.2505078,
        1753089058.26061,
        1753089058.270775,
        1753089058.2807,
        1753089058.2907555,
        1753089058.3008103,
        1753089058.3109443,
        1753089058.3210032,
        1753089058.3309264,
        1753089058.3410122,
        1753089058.3511243,
        1753089058.3611317,
        1753089058.3712022,
        1753089058.3812993,
        1753089058.3913016,
        1753089058.401401,
        1753089058.411467,
        1753089058.421578,
        1753089058.4315913,
        1753089058.4416611,
        1753089058.451701,
        1753089058.461764,
        1753089058.4719112,
        1753089058.481923,
        1753089058.4921572,
        1753089058.502424,
        1753089058.5122757,
        1753089058.5226557,
        1753089058.5325444,
        1753089058.5428054,
        1753089058.553395,
        1753089058.5631711,
        1753089058.5733092,
        1753089058.5833042,
        1753089058.593493,
        1753089058.6034591,
        1753089058.61366,
        1753089058.6235714,
        1753089058.6335933,
        1753089058.643705,
        1753089058.6536953,
        1753089058.6637177,
        1753089058.6738806,
        1753089058.683866,
        1753089058.6939504,
        1753089058.7040012,
        1753089058.7140827,
        1753089058.7241051,
        1753089058.7341065,
        1753089058.7442203,
        1753089058.754304,
        1753089058.7642672,
        1753089058.7743328,
        1753089058.7843924,
        1753089058.7945704,
        1753089058.8045828,
        1753089058.814666,
        1753089058.8249013,
        1753089058.8347604,
        1753089058.8450575,
        1753089058.854906,
        1753089058.8649256,
        1753089058.875159,
        1753089058.8851488,
        1753089058.8951056,
        1753089058.9052465,
        1753089058.9152389,
        1753089058.9253097,
        1753089058.9354103,
        1753089058.9454718,
        1753089058.9555316,
        1753089058.9655473,
        1753089058.975582,
        1753089058.9859142,
        1753089058.9956925,
        1753089059.0058506,
        1753089059.0159318,
        1753089059.025936,
        1753089059.0372953,
        1753089059.0463092,
        1753089059.0564127,
        1753089059.0662909,
        1753089059.0766256,
        1753089059.0864177,
        1753089059.0964427,
        1753089059.1065903,
        1753089059.1165445,
        1753089059.1266506,
        1753089059.1366618,
        1753089059.1467276,
        1753089059.1567938,
        1753089059.1668599,
        1753089059.1770322,
        1753089059.1870275,
        1753089059.1969802,
        1753089059.2070801,
        1753089059.2173033,
        1753089059.2273457,
        1753089059.237458,
        1753089059.2474437,
        1753089059.2575529,
        1753089059.2675858,
        1753089059.2777746,
        1753089059.2877426,
        1753089059.2977848,
        1753089059.3078735,
        1753089059.3178813,
        1753089059.3280268,
        1753089059.3380659,
        1753089059.348175,
        1753089059.3582838,
        1753089059.3681846,
        1753089059.3784347,
        1753089059.3883812,
        1753089059.3983724,
        1753089059.4085274,
        1753089059.4185588,
        1753089059.428586,
        1753089059.4387016,
        1753089059.4487183,
        1753089059.458858,
        1753089059.4688148,
        1753089059.4789615,
        1753089059.4891229,
        1753089059.499071,
        1753089059.509202,
        1753089059.5191534,
        1753089059.5292282,
        1753089059.539423,
        1753089059.5493703,
        1753089059.559528,
        1753089059.5695064,
        1753089059.5795593,
        1753089059.5897593,
        1753089059.5997186,
        1753089059.6101322,
        1753089059.620465,
        1753089059.6301062,
        1753089059.6402462,
        1753089059.6501656,
        1753089059.6602533,
        1753089059.6703384,
        1753089059.680476,
        1753089059.6904202,
        1753089059.700436,
        1753089059.71058,
        1753089059.720614,
        1753089059.730626,
        1753089059.7407513,
        1753089059.7508624,
        1753089059.7609162,
        1753089059.77089,
        1753089059.7809591,
        1753089059.7910383,
        1753089059.8010368,
        1753089059.8112113,
        1753089059.821164,
        1753089059.8312662,
        1753089059.841371,
        1753089059.8513546,
        1753089059.8614316,
        1753089059.871583,
        1753089059.8815372
    ],
    "set_target_data": [
        {
            "head": [
                [
                    0.9944810251427172,
                    -0.09153859659742741,
                    -0.05126573869616861,
                    -0.0035039133113170216
                ],
                [
                    0.09399597974776139,
                    0.9944259515385911,
                    0.04776800914656156,
                    -0.006138213147179643
                ],
                [
                    0.04660736446473692,
                    -0.052323152041338326,
                    0.9975419997865304,
                    0.0036575947193255853
                ],
                [
                    0.0,
                    0.0,
                    0.0,
                    1.0
                ]
            ],
            "antennas": [
                0.4031446672001832,
                -0.5440518034080829
            ],
            "body_yaw": -0.01850705210006624,
            "check_collision": false
        },
        {
            "head": [
                [
                    0.9944931225901441,
                    -0.09101986784001427,
                    -0.051950098934368374,
                    -0.0035293209973986097
                ],
                [
                    0.09370572907165665,
                    0.9942492118404113,
                    0.05184342864693801,
                    -0.006190133315126756
                ],
                [
                    0.04693256289670965,
                    -0.0564259551368624,
                    0.9973030863919148,
                    0.0037377788102829212
                ],
                [
                    0.0,
                    0.0,
                    0.0,
                    1.0
                ]
            ],
            "antennas": [
                0.39173017931487564,
                -0.533479753697384
            ],
            "body_yaw": -0.01850705210006624,
            "check_collision": false
        },
        {
            "head": [
                [
                    0.9944928733226643,
                    -0.09059589641029657,
                    -0.05269068669172968,
                    -0.0035484103099874837
                ],
                [
                    0.09352865930416289,
                    0.9940322300304989,
                    0.056145485565263185,
                    -0.006270997090201102
                ],
                [
                    0.04728969019984199,
                    -0.060764374547987936,
                    0.9970312813480803,
                    0.003767479729845924
                ],
                [
                    0.0,
                    0.0,
                    0.0,
                    1.0
                ]
            ],
            "antennas": [
                0.3811581706638294,
                -0.523760050860689
            ],
            "body_yaw": -0.01850705210006624,
            "check_collision": false
        },
        {
            "head": [
                [
                    0.9944770177911165,
                    -0.09019413744554557,
                    -0.053670090886275,
                    -0.003602707053180659
                ],
                [
                    0.09340475446183845,
                    0.9937782886052577,
                    0.06066518722239691,
                    -0.0063311371603555185
                ],
                [
                    0.0478645268357544,
                    -0.0653431761338461,
                    0.9967142300597148,
                    0.00384974836552765
                ],
                [
                    0.0,
                    0.0,
                    0.0,
                    1.0
                ]
            ],
            "antennas": [
                0.37143837625951015,
                -0.5152029852669184
            ],
            "body_yaw": -0.01850705210006624,
            "check_collision": false
        },
        {
            "head": [
                [
                    0.9944863744840929,
                    -0.08961638231372945,
                    -0.05445874572999184,
                    -0.0036192368450615117
                ],
                [
                    0.09311409388822159,
                    0.9934987632726585,
                    0.06549788466105934,
                    -0.0064113762103887
                ],
                [
                    0.04823501305960102,
                    -0.07020763061589143,
                    0.9963655313781397,
                    0.0038760274290626784
                ],
                [
                    0.0,
                    0.0,
                    0.0,
                    1.0
                ]
            ],
            "antennas": [
                0.36288230335116,
                -0.507754972502297
            ],
            "body_yaw": -0.01850705210006624,
            "check_collision": false
        },
        {
            "head": [
                [
                    0.9944697041467455,
                    -0.08917614518401422,
                    -0.055476325260457475,
                    -0.003671750559022735
                ],
                [
                    0.09297936290865542,
                    0.9931875568888668,
                    0.07023756056572898,
                    -0.0064181575494802355
                ],
                [
                    0.04883488105222545,
                    -0.0750072794550203,
                    0.9959864770273599,
                    0.003908656728283111
                ],
                [
                    0.0,
                    0.0,
                    0.0,
                    1.0
                ]
            ],
            "antennas": [
                0.3554349840062282,
                -0.5014715648448969
            ],
            "body_yaw": -0.01850705210006624,
            "check_collision": false
        },
        {
            "head": [
                [
                    0.9944142905303247,
                    -0.08885412383862443,
                    -0.05696633625169715,
                    -0.003695565696538055
                ],
                [
                    0.09299424165811673,
                    0.9928610020838646,
                    0.07469338363908719,
                    -0.006478947919276346
                ],
                [
                    0.049922838536113075,
                    -0.07957370933854012,
                    0.9955780908470228,
                    0.003966050964201884
                ],
                [
                    0.0,
                    0.0,
                    0.0,
                    1.0
                ]
            ],
            "antennas": [
                0.3491511231899593,
                -0.49663048984081715
            ],
            "body_yaw": -0.01850705210006624,
            "check_collision": false
        },
        {
            "head": [
                [
                    0.9943821569403897,
                    -0.08845205998530438,
                    -0.05814085519610755,
                    -0.0036922928732919342
                ],
                [
                    0.09288450254898052,
                    0.992572760357569,
                    0.07856070635110492,
                    -0.006587670348364602
                ],
                [
                    0.05076017282089436,
                    -0.08351974904483501,
                    0.9952124679558034,
                    0.004129487475342253
                ],
                [
                    0.0,
                    0.0,
                    0.0,
                    1.0
                ]
            ],
            "antennas": [
                0.3443106761475656,
                -0.49307023805880057
            ],
            "body_yaw": -0.01850705210006624,
            "check_collision": false
        },
        {
            "head": [
                [
                    0.9943502579311301,
                    -0.08824777893107189,
                    -0.05899062693366948,
                    -0.003717809012498031
                ],
                [
                    0.09288858743265249,
                    0.9923596489080878,
                    0.08120367937342958,
                    -0.006616315061021973
                ],
                [
                    0.051373873487028196,
                    -0.08622445553756165,
                    0.9949502843811793,
                    0.004166735804120525
                ],
                [
                    0.0,
                    0.0,
                    0.0,
                    1.0
                ]
            ],
            "antennas": [
                0.34075114720805727,
                -0.4909034388450401
            ],
            "body_yaw": -0.01850705210006624,
            "check_collision": false
        },
        {
            "head": [
                [
                    0.9943314727139507,
                    -0.0880458495644299,
                    -0.05960579455878173,
                    -0.003667309146942347
                ],
                [
                    0.0928658083812596,
                    0.9921619131442336,
                    0.08361028489168945,
                    -0.006720694036553648
                ],
                [
                    0.05177706059831022,
                    -0.08867167800629511,
                    0.9947142652618122,
                    0.004225790597585211
                ],
                [
                    0.0,
                    0.0,
                    0.0,
                    1.0
                ]
            ],
            "antennas": [
                0.3385848117282356,
                -0.49013234639935743
            ],
            "body_yaw": -0.01850705210006624,
            "check_collision": false
        },
        {
            "head": [
                [
                    0.9943125402339074,
                    -0.08800646531309259,
                    -0.059978616161846215,
                    -0.0036827755890591765
                ],
                [
                    0.09296672579535276,
                    0.9919779740763597,
                    0.08565562936697756,
                    -0.006730504227432329
                ],
                [
                    0.051959216973375785,
                    -0.09074448198351658,
                    0.9945178121889308,
                    0.004229463319722071
                ],
                [
                    0.0,
                    0.0,
                    0.0,
                    1.0
                ]
            ],
            "antennas": [
                0.3378141221818349,
                -0.4907848283413206
            ],
            "body_yaw": -0.01850705210006624,
            "check_collision": false
        },
        {
            "head": [
                [
                    0.9942875363534854,
                    -0.08808137371297697,
                    -0.060282390935924204,
                    -0.0036247485903721207
                ],
                [
                    0.09320288533032303,
                    0.9917321881444257,
                    0.08820708114642778,
                    -0.006880376419959227
                ],
                [
                    0.05201458659087241,
                    -0.09332169417185229,
                    0.99427639224648,
                    0.004309112446654106
                ],
                [
                    0.0,
                    0.0,
                    0.0,
                    1.0
                ]
            ],
            "antennas": [
                0.3384671353523635,
                -0.49285169139653856
            ],
            "body_yaw": -0.01850705210006624,
            "check_collision": false
        },
        {
            "head": [
                [
                    0.9942360695572214,
                    -0.08821534304715481,
                    -0.06093185736936878,
                    -0.0036531950523857933
                ],
                [
                    0.09353633601685776,
                    0.9914632701118384,
                    0.09083797588939055,
                    -0.006887727571309657
                ],
                [
                    0.05239839535663071,
                    -0.09601373479983383,
                    0.9939998847554449,
                    0.004333281002349532
                ],
                [
                    0.0,
                    0.0,
                    0.0,
                    1.0
                ]
            ],
            "antennas": [
                0.3405343992085349,
                -0.49626248250994703
            ],
            "body_yaw": -0.01850705210006624,
            "check_collision": false
        },
        {
            "head": [
                [
                    0.9941843595339481,
                    -0.08833772066596092,
                    -0.0615946942976066,
                    -0.0036914139141428952
                ],
                [
                    0.09384870905278846,
                    0.9912133260231389,
                    0.09321245691038876,
                    -0.006903778828216446
                ],
                [
                    0.05281930581897128,
                    -0.09845094931837214,
                    0.9937391667389953,
                    0.004343413851461642
                ],
                [
                    0.0,
                    0.0,
                    0.0,
                    1.0
                ]
            ],
            "antennas": [
                0.34394544559339457,
                -0.5010188803765826
            ],
            "body_yaw": -0.01850705210006624,
            "check_collision": false
        },
        {
            "head": [
                [
                    0.9940973158394603,
                    -0.08869607338091269,
                    -0.06247826188034237,
                    -0.0037309336050263915
                ],
                [
                    0.09441077313969241,
                    0.9909526133387568,
                    0.09539142536021858,
                    -0.006893630057882753
                ],
                [
                    0.05345215202352869,
                    -0.10072698091324078,
                    0.9934771979065034,
                    0.004382902083810203
                ],
                [
                    0.0,
                    0.0,
                    0.0,
                    1.0
                ]
            ],
            "antennas": [
                0.3487020903140597,
                -0.5071235699577203
            ],
            "body_yaw": -0.01850705210006624,
            "check_collision": false
        },
        {
            "head": [
                [
                    0.994020786338485,
                    -0.08898958621220113,
                    -0.06327345314427696,
                    -0.003732965516783285
                ],
                [
                    0.09487483122564788,
                    0.9907460037840978,
                    0.09706246641078621,
                    -0.00687678709345106
                ],
                [
                    0.054050372125681236,
                    -0.10248516737372972,
                    0.9932649937159035,
                    0.004418683608929608
                ],
                [
                    0.0,
                    0.0,
                    0.0,
                    1.0
                ]
            ],
            "antennas": [
                0.3548072721906723,
                -0.5143984288434309
            ],
            "body_yaw": -0.01850705210006624,
            "check_collision": false
        },
        {
            "head": [
                [
                    0.9939330089156234,
                    -0.08948622885510636,
                    -0.06394832783761202,
                    -0.0037588771878283387
                ],
                [
                    0.0955020925891646,
                    0.990573162190457,
                    0.09820468756169018,
                    -0.0068358639506611
                ],
                [
                    0.05455753017710575,
                    -0.1037160797238793,
                    0.9931094857606003,
                    0.0044217284280672065
                ],
                [
                    0.0,
                    0.0,
                    0.0,
                    1.0
                ]
            ],
            "antennas": [
                0.3620820966084637,
                -0.5228697978080256
            ],
            "body_yaw": -0.01850705210006624,
            "check_collision": false
        },
        {
            "head": [
                [
                    0.9938677559995431,
                    -0.08995670450917842,
                    -0.06430143776216263,
                    -0.003789619989927131
                ],
                [
                    0.09607542448937043,
                    0.9903953580165483,
                    0.09943112002014606,
                    -0.00669974861280252
                ],
                [
                    0.05473934959076691,
                    -0.10499917205922041,
                    0.992964640595655,
                    0.004332796890840762
