{
    "description": "Use this when you want to show that you're listening to the conversation. You encourage the speaker to keep talking. You can follow with attentive2 if the person hasn't finished speaking.",
    "time": [
        1753088891.4050748,
        1753088891.4148958,
        1753088891.4250531,
        1753088891.4351134,
        1753088891.4450548,
        1753088891.4558463,
        1753088891.4653163,
        1753088891.4753807,
        1753088891.4854841,
        1753088891.4954112,
        1753088891.50553,
        1753088891.5156083,
        1753088891.5255785,
        1753088891.5357535,
        1753088891.545735,
        1753088891.5558317,
        1753088891.5659113,
        1753088891.575898,
        1753088891.5859833,
        1753088891.5960228,
        1753088891.6061258,
        1753088891.6161888,
        1753088891.626166,
        1753088891.6364741,
        1753088891.6465786,
        1753088891.6565404,
        1753088891.6667857,
        1753088891.6767516,
        1753088891.686891,
        1753088891.696908,
        1753088891.7069783,
        1753088891.7171392,
        1753088891.7271266,
        1753088891.737195,
        1753088891.747169,
        1753088891.7573144,
        1753088891.7674713,
        1753088891.7774107,
        1753088891.7874842,
        1753088891.7975461,
        1753088891.8075953,
        1753088891.8177376,
        1753088891.8276362,
        1753088891.8377533,
        1753088891.8478346,
        1753088891.857816,
        1753088891.8678901,
        1753088891.8779502,
        1753088891.888099,
        1753088891.898158,
        1753088891.9081216,
        1753088891.918298,
        1753088891.928254,
        1753088891.9383426,
        1753088891.948329,
        1753088891.9584312,
        1753088891.9684668,
        1753088891.9785774,
        1753088891.9886086,
        1753088891.998616,
        1753088892.0086691,
        1753088892.018848,
        1753088892.0288117,
        1753088892.0389807,
        1753088892.0490048,
        1753088892.0589912,
        1753088892.0691113,
        1753088892.0791018,
        1753088892.0892637,
        1753088892.0992005,
        1753088892.1093225,
        1753088892.1194365,
        1753088892.129445,
        1753088892.1394913,
        1753088892.1496167,
        1753088892.1596048,
        1753088892.1697986,
        1753088892.1799848,
        1753088892.1898458,
        1753088892.1999023,
        1753088892.2101293,
        1753088892.220076,
        1753088892.2301822,
        1753088892.2403433,
        1753088892.2503343,
        1753088892.260409,
        1753088892.2704537,
        1753088892.2804282,
        1753088892.290589,
        1753088892.30055,
        1753088892.3106115,
        1753088892.3207443,
        1753088892.3307068,
        1753088892.34076,
        1753088892.3508203,
        1753088892.3608644,
        1753088892.3709683,
        1753088892.3812525,
        1753088892.3911498,
        1753088892.4011674,
        1753088892.411189,
        1753088892.421249,
        1753088892.4312193,
        1753088892.4414458,
        1753088892.4514568,
        1753088892.4614785,
        1753088892.4715736,
        1753088892.4826043,
        1753088892.4917347,
        1753088892.5017922,
        1753088892.5120559,
        1753088892.5219588,
        1753088892.5319462,
        1753088892.5420587,
        1753088892.5521424,
        1753088892.5621905,
        1753088892.5723255,
        1753088892.5822997,
        1753088892.5923395,
        1753088892.6023843,
        1753088892.612496,
        1753088892.6225348,
        1753088892.6325953,
        1753088892.6426508,
        1753088892.6527283,
        1753088892.6627445,
        1753088892.6728818,
        1753088892.682922,
        1753088892.6929233,
        1753088892.7030756,
        1753088892.7130413,
        1753088892.7231789,
        1753088892.7331562,
        1753088892.7432554,
        1753088892.753331,
        1753088892.7634144,
        1753088892.7735949,
        1753088892.7836738,
        1753088892.7937405,
        1753088892.8038082,
        1753088892.8138762,
        1753088892.823828,
        1753088892.8339157,
        1753088892.8439205,
        1753088892.854368,
        1753088892.8639607,
        1753088892.874093,
        1753088892.8842728,
        1753088892.8941696,
        1753088892.904303,
        1753088892.914289,
        1753088892.9244318,
        1753088892.9345129,
        1753088892.944513,
        1753088892.9546747,
        1753088892.9646158,
        1753088892.9747488,
        1753088892.984808,
        1753088892.9947808,
        1753088893.00493,
        1753088893.0150154,
        1753088893.0249972,
        1753088893.0351486,
        1753088893.0452247,
        1753088893.0552683,
        1753088893.0652506,
        1753088893.075333,
        1753088893.0854287,
        1753088893.095427,
        1753088893.1056433,
        1753088893.1156354,
        1753088893.1256185,
        1753088893.1357553,
        1753088893.145777,
        1753088893.1559622,
        1753088893.165885,
        1753088893.1759696,
        1753088893.1860845,
        1753088893.196048,
        1753088893.2061656,
        1753088893.2162325,
        1753088893.2262099,
        1753088893.2363558,
        1753088893.2464006,
        1753088893.256454,
        1753088893.2664814,
        1753088893.2766411,
        1753088893.2867868,
        1753088893.296738,
        1753088893.3068836,
        1753088893.3169463,
        1753088893.327034,
        1753088893.3371432,
        1753088893.3470502,
        1753088893.3571532,
        1753088893.3672247,
        1753088893.3771863,
        1753088893.3874757,
        1753088893.397467,
        1753088893.4074283,
        1753088893.4176137,
        1753088893.4279308,
        1753088893.4376495,
        1753088893.447608,
        1753088893.4577718,
        1753088893.4678137,
        1753088893.4778938,
        1753088893.4880514,
        1753088893.4980776,
        1753088893.5081244,
        1753088893.518188,
        1753088893.5282488,
        1753088893.538309,
        1753088893.548321,
        1753088893.5584404,
        1753088893.5684354,
        1753088893.5785282,
        1753088893.5885208,
        1753088893.598552,
        1753088893.6088164,
        1753088893.618966,
        1753088893.6287751,
        1753088893.6390934,
        1753088893.64903,
        1753088893.6589694,
        1753088893.6691473,
        1753088893.6790519,
        1753088893.6891005,
        1753088893.6991677,
        1753088893.7093623,
        1753088893.719387,
        1753088893.7293797,
        1753088893.7394571,
        1753088893.7495575,
        1753088893.7596307,
        1753088893.7697177,
        1753088893.7797875,
        1753088893.7898393,
        1753088893.7999556,
        1753088893.8099566,
        1753088893.8200974,
        1753088893.830005,
        1753088893.84046,
        1753088893.85046,
        1753088893.8601952,
        1753088893.8703396,
        1753088893.8802767,
        1753088893.8904204,
        1753088893.9004247,
        1753088893.9104612,
        1753088893.9206564,
        1753088893.9306047,
        1753088893.9406173,
        1753088893.950745,
        1753088893.9607534,
        1753088893.9708738,
        1753088893.980908,
        1753088893.9909408,
        1753088894.0010307,
        1753088894.011158,
        1753088894.021083,
        1753088894.0311387,
        1753088894.041322,
        1753088894.0513246,
        1753088894.0613441,
        1753088894.0714414,
        1753088894.081485,
        1753088894.0915556,
        1753088894.1016655,
        1753088894.1118395,
        1753088894.1218536,
        1753088894.1318226,
        1753088894.1418893,
        1753088894.152013,
        1753088894.1620126,
        1753088894.1721022,
        1753088894.1821148,
        1753088894.1921322,
        1753088894.2023191,
        1753088894.2123492,
        1753088894.222413,
        1753088894.2324927,
        1753088894.2425463,
        1753088894.2525892,
        1753088894.262585,
        1753088894.2727556,
        1753088894.2829163,
        1753088894.2929327,
        1753088894.303081,
        1753088894.313154,
        1753088894.3231857,
        1753088894.333252,
        1753088894.343167,
        1753088894.3533363,
        1753088894.3632886,
        1753088894.3734035,
        1753088894.3834763,
        1753088894.3935108,
        1753088894.4036753,
        1753088894.4136627,
        1753088894.4237256,
        1753088894.4338295,
        1753088894.443831,
        1753088894.4540572,
        1753088894.46389,
        1753088894.4740195,
        1753088894.4842587,
        1753088894.4941204,
        1753088894.504499,
        1753088894.5142457,
        1753088894.5249615,
        1753088894.5348763,
        1753088894.5449758,
        1753088894.5545976,
        1753088894.5647082,
        1753088894.5746918,
        1753088894.5847435,
        1753088894.59473,
        1753088894.6049669,
        1753088894.6148746,
        1753088894.6249428,
        1753088894.6349983,
        1753088894.64504,
        1753088894.6550558,
        1753088894.665102,
        1753088894.67519,
        1753088894.6852603,
        1753088894.6953173,
        1753088894.7054343,
        1753088894.7155242,
        1753088894.7254944,
        1753088894.7355947,
        1753088894.7456274,
        1753088894.75577,
        1753088894.7657254,
        1753088894.775824,
        1753088894.7859247,
        1753088894.795985,
        1753088894.8060985,
        1753088894.8161693,
        1753088894.8262317,
        1753088894.8363698,
        1753088894.8462973,
        1753088894.856364,
        1753088894.8664124,
        1753088894.8764706,
        1753088894.8865182,
        1753088894.8965137,
        1753088894.9066048,
        1753088894.916763,
        1753088894.9267502,
        1753088894.936804,
        1753088894.946872,
        1753088894.9569807,
        1753088894.966992,
        1753088894.9770277,
        1753088894.9870818,
        1753088894.997105,
        1753088895.007182,
        1753088895.0173118,
        1753088895.0273564,
        1753088895.0374641,
        1753088895.0474951,
        1753088895.0574965,
        1753088895.0676048,
        1753088895.0776403,
        1753088895.0877864,
        1753088895.0977962,
        1753088895.107913,
        1753088895.118029,
        1753088895.128111,
        1753088895.137998,
        1753088895.1481504,
        1753088895.158191,
        1753088895.1682136,
        1753088895.1784017,
        1753088895.1883395,
        1753088895.198434,
        1753088895.208541,
        1753088895.2185562,
        1753088895.2285435,
        1753088895.2387362,
        1753088895.2488053,
        1753088895.258811,
        1753088895.268865,
        1753088895.2791317,
        1753088895.2894654,
        1753088895.2993708,
        1753088895.3092277,
        1753088895.31939,
        1753088895.3292923,
        1753088895.339489,
        1753088895.3495226,
        1753088895.3594618,
        1753088895.3695116,
        1753088895.3795428,
        1753088895.3896487,
        1753088895.399713,
        1753088895.4098203,
        1753088895.4198563,
        1753088895.4298623,
        1753088895.4399953,
        1753088895.450068,
        1753088895.4600317,
        1753088895.4700818,
        1753088895.4801571,
        1753088895.490873,
        1753088895.500339,
        1753088895.5103674,
        1753088895.5204973,
        1753088895.5305746,
        1753088895.540656,
        1753088895.5517135,
        1753088895.5606492,
        1753088895.5710495,
        1753088895.58114,
        1753088895.5909593,
        1753088895.6017358,
        1753088895.6109703,
        1753088895.6212008,
        1753088895.6312256,
        1753088895.6414,
        1753088895.6514482,
        1753088895.6615076,
        1753088895.6717222,
        1753088895.6815886,
        1753088895.691638,
        1753088895.701744,
        1753088895.7118325,
        1753088895.7218916,
        1753088895.7318494,
        1753088895.741927,
        1753088895.7520752,
        1753088895.7620544,
        1753088895.7721202,
        1753088895.7821689,
        1753088895.792245,
        1753088895.8023422,
        1753088895.812437,
        1753088895.8228204,
        1753088895.8326206,
        1753088895.8426828,
        1753088895.852956,
        1753088895.8628397,
        1753088895.8728392,
        1753088895.8829193,
        1753088895.8928738,
        1753088895.9029598,
        1753088895.9130018,
        1753088895.9231944,
        1753088895.9332113,
        1753088895.9432306,
        1753088895.9533496,
        1753088895.963381,
        1753088895.9734142,
        1753088895.983506,
        1753088895.9934824,
        1753088896.0036478,
        1753088896.013716,
        1753088896.0237346,
        1753088896.0338178,
        1753088896.0439196,
        1753088896.0538983,
        1753088896.063941,
        1753088896.0740812,
        1753088896.0841537,
        1753088896.0941408,
        1753088896.1042655,
        1753088896.1143134,
        1753088896.1244094,
        1753088896.1343472,
        1753088896.1444256,
        1753088896.1546118,
        1753088896.1644897,
        1753088896.1746466,
        1753088896.1847255,
        1753088896.1947026,
        1753088896.2048361,
        1753088896.2149148,
        1753088896.2249265,
        1753088896.234984,
        1753088896.245038,
        1753088896.2551417,
        1753088896.2651145,
        1753088896.2752366,
        1753088896.2855284,
        1753088896.295636,
        1753088896.3057618,
        1753088896.3157458,
        1753088896.3259528,
        1753088896.335866,
        1753088896.3457904,
        1753088896.355855,
        1753088896.3658617,
        1753088896.3759344,
        1753088896.386002,
        1753088896.395965,
        1753088896.4060898,
        1753088896.4161391,
        1753088896.426117,
        1753088896.4362516,
        1753088896.4462695,
        1753088896.4563324,
        1753088896.4664016,
        1753088896.4764502,
        1753088896.4867258,
        1753088896.496722,
        1753088896.5068305,
        1753088896.516953,
        1753088896.5269368,
        1753088896.5370524,
        1753088896.547116,
        1753088896.5575116,
        1753088896.5670686,
        1753088896.5772412,
        1753088896.5875974,
        1753088896.5974061,
        1753088896.607292,
        1753088896.6173985,
        1753088896.6273997,
        1753088896.6374693,
        1753088896.6475632,
        1753088896.6576064,
        1753088896.6678956,
        1753088896.677862,
        1753088896.6878698,
        1753088896.6978383,
        1753088896.7080374,
        1753088896.7180681,
        1753088896.7280834,
        1753088896.7381325,
        1753088896.748131,
        1753088896.7581866,
        1753088896.7682414,
        1753088896.7782755,
        1753088896.7883818,
        1753088896.7984092,
        1753088896.8084843,
        1753088896.8186393,
        1753088896.8285828,
        1753088896.8387613,
        1753088896.8487813,
        1753088896.8588505,
        1753088896.8689566,
        1753088896.8793888,
        1753088896.889153,
        1753088896.8991385,
        1753088896.9092112,
        1753088896.9192405,
        1753088896.929307,
        1753088896.939385,
        1753088896.9494085,
        1753088896.9596243,
        1753088896.9695415,
        1753088896.979608,
        1753088896.9896572,
        1753088896.9996903,
        1753088897.009802,
        1753088897.019831,
        1753088897.029833,
        1753088897.0399828,
        1753088897.0500338,
        1753088897.0600579,
        1753088897.0701213,
        1753088897.080196,
        1753088897.090206,
        1753088897.100296,
        1753088897.1106162,
        1753088897.1204329,
        1753088897.1304646,
        1753088897.1405463,
        1753088897.1506398,
        1753088897.160915,
        1753088897.170854,
        1753088897.1808326,
        1753088897.1908689,
        1753088897.2009318,
        1753088897.2110262,
        1753088897.2210658,
        1753088897.2311773,
        1753088897.2412894,
        1753088897.2512364,
        1753088897.2614758,
        1753088897.2713716,
        1753088897.2815516,
        1753088897.2915013,
        1753088897.3016176
    ],
    "set_target_data": [
        {
            "head": [
                [
                    0.9967529077649174,
                    0.024479532107602668,
                    -0.0767097996997422,
                    -0.007856541906634738
                ],
                [
                    -0.022862284051357804,
                    0.999498934802381,
                    0.02189052984421767,
                    -0.003930449072047657
                ],
                [
                    0.0772072330169703,
                    -0.0200656880444804,
                    0.9968131275886993,
                    0.006882917950007953
                ],
                [
                    0.0,
                    0.0,
                    0.0,
                    1.0
                ]
            ],
            "antennas": [
                0.26575657886289816,
                -0.28974260553680586
            ],
            "body_yaw": -0.01850705210006624,
            "check_collision": false
        },
        {
            "head": [
                [
                    0.996764505874134,
                    0.02455473521284145,
                    -0.07653486008428263,
                    -0.007793411239992894
                ],
                [
                    -0.022940277135496828,
                    0.9994968791033622,
                    0.021902793145754048,
                    -0.003933932974848514
                ],
                [
                    0.0770341710829686,
                    -0.020076195886330982,
                    0.9968263052529731,
                    0.006890212510138997
                ],
                [
                    0.0,
                    0.0,
                    0.0,
                    1.0
                ]
            ],
            "antennas": [
                0.26575657886289816,
                -0.28974260553680586
            ],
            "body_yaw": -0.01850705210006624,
            "check_collision": false
        },
        {
            "head": [
                [
                    0.9967756289174959,
                    0.02450047816795095,
                    -0.07640727822447378,
                    -0.007766213533604842
                ],
                [
                    -0.02289763441393665,
                    0.9995004590340392,
                    0.021783726242099,
                    -0.003944698413542792
                ],
                [
                    0.07690282136811426,
                    -0.01996394150178685,
                    0.9968387016490367,
                    0.006884752380097118
                ],
                [
                    0.0,
                    0.0,
                    0.0,
                    1.0
                ]
            ],
            "antennas": [
                0.26575657886289816,
                -0.28974260553680586
            ],
            "body_yaw": -0.01850705210006624,
            "check_collision": false
        },
        {
            "head": [
                [
                    0.9967986663174765,
                    0.024527835785174673,
                    -0.07609733306362104,
                    -0.00775556273329807
                ],
                [
                    -0.022938274645301626,
                    0.9995015039009679,
                    0.021692838818376147,
                    -0.003902966469361004
                ],
                [
                    0.07659147722819348,
                    -0.019877851277208997,
                    0.9968643923044921,
                    0.006897254754734353
                ],
                [
                    0.0,
                    0.0,
                    0.0,
                    1.0
                ]
            ],
            "antennas": [
                0.26575657886289816,
                -0.28974260553680586
            ],
            "body_yaw": -0.01850705210006624,
            "check_collision": false
        },
        {
            "head": [
                [
                    0.9968014309156625,
                    0.024475676974786094,
                    -0.07607791112480318,
                    -0.007743727934778979
                ],
                [
                    -0.02288989425635836,
                    0.9995036098238775,
                    0.02164686328248481,
                    -0.003910677132639132
                ],
                [
                    0.07656996843032036,
                    -0.019836208953925197,
                    0.9968668741356168,
                    0.006911265005264292
                ],
                [
                    0.0,
                    0.0,
                    0.0,
                    1.0
                ]
            ],
            "antennas": [
                0.26575657886289816,
                -0.28974260553680586
            ],
            "body_yaw": -0.01850705210006624,
            "check_collision": false
        },
        {
            "head": [
                [
                    0.9968061036291496,
                    0.024402596111127568,
                    -0.07604015433118406,
                    -0.007734148770290453
                ],
                [
                    -0.022821426417413176,
                    0.9995063187514566,
                    0.021594010099705567,
                    -0.003919419032262892
                ],
                [
                    0.07652956463973713,
                    -0.01978969628237815,
                    0.9968709011988982,
                    0.0069248591103683345
                ],
                [
                    0.0,
                    0.0,
                    0.0,
                    1.0
                ]
            ],
            "antennas": [
                0.26575657886289816,
                -0.28974260553680586
            ],
            "body_yaw": -0.01850705210006624,
            "check_collision": false
        },
        {
            "head": [
                [
                    0.996808404370309,
                    0.02429417290597886,
                    -0.0760447114501221,
                    -0.00776663693472532
                ],
                [
                    -0.02271468900269411,
                    0.9995093323799223,
                    0.021567044047628797,
                    -0.003940970040575151
                ],
                [
                    0.07653135226969934,
                    -0.019770878793211905,
                    0.9968711373450005,
                    0.0069563614608686465
                ],
                [
                    0.0,
                    0.0,
                    0.0,
                    1.0
                ]
            ],
            "antennas": [
                0.26575657886289816,
                -0.28974260553680586
            ],
            "body_yaw": -0.01850705210006624,
            "check_collision": false
        },
        {
            "head": [
                [
                    0.9968056148028643,
                    0.02426178539247207,
                    -0.07609160313105018,
                    -0.007798969718777537
                ],
                [
                    -0.022680001813686936,
                    0.9995097605888965,
                    0.02158369767342287,
                    -0.003919737778650871
                ],
                [
                    0.0765779590692699,
                    -0.01978899333205687,
                    0.9968671987419834,
                    0.006992934613477723
                ],
                [
                    0.0,
                    0.0,
                    0.0,
                    1.0
                ]
            ],
            "antennas": [
                0.26575657886289816,
                -0.28974260553680586
            ],
            "body_yaw": -0.01850705210006624,
            "check_collision": false
        },
        {
            "head": [
                [
                    0.9968095419354592,
                    0.024217495744451426,
                    -0.07605425698991326,
                    -0.007798122475047815
                ],
                [
                    -0.02263899774726844,
                    0.9995114383207429,
                    0.0215490242702381,
                    -0.003934749767381637
                ],
                [
                    0.07653896319796517,
                    -0.01975848085930731,
                    0.9968707988233546,
                    0.0070076252481455804
                ],
                [
                    0.0,
                    0.0,
                    0.0,
                    1.0
                ]
            ],
            "antennas": [
                0.26575657886289816,
                -0.28974260553680586
            ],
            "body_yaw": -0.01850705210006624,
            "check_collision": false
        },
        {
            "head": [
                [
                    0.9968142741240797,
                    0.0242217028116779,
                    -0.07599086797363501,
                    -0.007801087155382656
                ],
                [
                    -0.022651311814250865,
                    0.999513076461734,
                    0.02145991740648537,
                    -0.003913655124899782
                ],
                [
                    0.07647366197310844,
                    -0.01967025914680205,
                    0.9968775551337888,
                    0.006999651930436838
                ],
                [
                    0.0,
                    0.0,
                    0.0,
                    1.0
                ]
            ],
            "antennas": [
                0.26575657886289816,
                -0.28974260553680586
            ],
            "body_yaw": -0.01850705210006624,
            "check_collision": false
        },
        {
            "head": [
                [
                    0.9968249085799707,
                    0.024224627284767503,
                    -0.07585030697002226,
                    -0.007792831430007845
                ],
                [
                    -0.022664308447400344,
                    0.9995148194842107,
                    0.02136480175537115,
                    -0.003928225649580253
                ],
                [
                    0.07633106023850061,
                    -0.019577871803628466,
                    0.9968903029814798,
                    0.0070033635277548835
                ],
                [
                    0.0,
                    0.0,
                    0.0,
                    1.0
                ]
            ],
            "antennas": [
                0.26575657886289816,
                -0.28974260553680586
            ],
            "body_yaw": -0.01850705210006624,
            "check_collision": false
        },
        {
            "head": [
                [
                    0.996841485544799,
                    0.02419214178436107,
                    -0.07564253415059487,
                    -0.007781149755180804
                ],
                [
                    -0.022640538401961105,
                    0.999516674973182,
                    0.02130310943088234,
                    -0.003943280587156673
                ],
                [
                    0.07612134206454761,
                    -0.01952323555254597,
                    0.9969074102221591,
                    0.007007372937435589
                ],
                [
                    0.0,
                    0.0,
                    0.0,
                    1.0
                ]
            ],
            "antennas": [
                0.26575657886289816,
                -0.28974260553680586
            ],
            "body_yaw": -0.01850705210006624,
            "check_collision": false
        },
        {
            "head": [
                [
                    0.9968434467736146,
                    0.024242178046479705,
                    -0.07560065759014674,
                    -0.007787855891704526
                ],
                [
                    -0.022695078162279232,
                    0.9995164276182485,
                    0.021256630694034544,
                    -0.00397226378546304
                ],
                [
                    0.07607940622604693,
                    -0.019473770174707118,
                    0.9969115789394137,
                    0.006967504117834537
                ],
                [
                    0.0,
                    0.0,
                    0.0,
                    1.0
                ]
            ],
            "antennas": [
                0.26575657886289816,
                -0.28974260553680586
            ],
            "body_yaw": -0.01850705210006624,
            "check_collision": false
        },
        {
            "head": [
                [
                    0.9968437072384954,
                    0.024344385272828027,
                    -0.07556437152984424,
                    -0.007762343310122087
                ],
                [
                    -0.022807142722733396,
                    0.9995163438003744,
                    0.02114031023320031,
                    -0.003971834008602073
                ],
                [
                    0.07604247221018717,
                    -0.019350177818800496,
                    0.9969168034688466,
                    0.006877303413526995
                ],
                [
                    0.0,
                    0.0,
                    0.0,
                    1.0
                ]
            ],
            "antennas": [
                0.26575657886289816,
                -0.28974260553680586
            ],
            "body_yaw": -0.01850705210006624,
            "check_collision": false
        },
        {
            "head": [
                [
                    0.9968389602435158,
                    0.024274980617270937,
                    -0.07564927399953977,
                    -0.007770656040817102
                ],
                [
                    -0.022732324144201926,
                    0.9995170569149846,
                    0.021187127578089875,
                    -0.003987771914132901
                ],
                [
                    0.07612705681706905,
                    -0.019400470407658743,
                    0.9969093704887784,
                    0.006873866420063938
                ],
                [
                    0.0,
                    0.0,
                    0.0,
                    1.0
                ]
            ],
            "antennas": [
                0.26575657886289816,
                -0.28974260553680586
            ],
            "body_yaw": -0.01850705210006624,
            "check_collision": false
        },
        {
            "head": [
                [
                    0.9968413275824539,
                    0.02421535965744259,
                    -0.0756371864912469,
                    -0.007705186121229855
                ],
                [
                    -0.02267609315748972,
                    0.9995192534195222,
                    0.021143718755084185,
                    -0.00391026059480795
                ],
                [
                    0.07611282692663443,
                    -0.019361776786802207,
                    0.9969112092743739,
                    0.0068217063320495964
                ],
                [
                    0.0,
                    0.0,
                    0.0,
                    1.0
                ]
            ],
            "antennas": [
                0.26575657886289816,
                -0.28974260553680586
            ],
            "body_yaw": -0.01850705210006624,
            "check_collision": false
        },
        {
            "head": [
                [
                    0.9968328151830305,
                    0.024144501452098073,
                    -0.07577190524135057,
                    -0.007692644771540301
                ],
                [
                    -0.022601642188295877,
                    0.9995207243836474,
                    0.02115389557460725,
                    -0.003924695355943935
                ],
                [
                    0.07624633987718242,
                    -0.019374327787533126,
                    0.996900762903768,
                    0.006815868254572036
                ],
                [
                    0.0,
                    0.0,
                    0.0,
                    1.0
                ]
            ],
            "antennas": [
                0.26575657886289816,
                -0.28974260553680586
            ],
            "body_yaw": -0.01850705210006624,
            "check_collision": false
        },
        {
            "head": [
                [
                    0.9968317083656467,
                    0.02402374616669639,
                    -0.07582482981810722,
                    -0.0077432366153176845
                ],
                [
                    -0.022485241333025256,
                    0.9995249264328735,
                    0.021079263781138564,
                    -0.00384736701628185
                ],
                [
                    0.07629521032818766,
                    -0.01930753892854674,
                    0.99689831970041,
                    0.00683201080753271
                ],
                [
                    0.0,
                    0.0,
                    0.0,
                    1.0
                ]
            ],
            "antennas": [
                0.26575657886289816,
                -0.28974260553680586
            ],
            "body_yaw": -0.01850705210006624,
            "check_collision": false
        },
        {
            "head": [
                [
                    0.9968441340350414,
                    0.023998071486594576,
                    -0.07566944564917272,
                    -0.00772916177550851
                ],
                [
                    -0.02247131645701937,
                    0.9995276631981994,
                    0.020964027242767497,
                    -0.0038561012817583794
                ],
                [
                    0.0761368004096396,
                    -0.019197475523393792,
                    0.996912556123611,
                    0.006813661258767371
                ],
                [
                    0.0,
                    0.0,
                    0.0,
                    1.0
                ]
            ],
            "antennas": [
                0.26575657886289816,
                -0.28974260553680586
            ],
            "body_yaw": -0.01850705210006624,
            "check_collision": false
        },
        {
            "head": [
                [
                    0.9968533624579977,
                    0.024004402854659462,
                    -0.07554576361235806,
                    -0.0077582935581831936
                ],
                [
                    -0.02248617784590677,
                    0.99952901053129,
                    0.020883699677548332,
                    -0.003794009035627986
                ],
                [
                    0.07601148309344659,
                    -0.019119250768034748,
                    0.9969236222941068,
                    0.006814948589987994
                ],
                [
                    0.0,
                    0.0,
                    0.0,
                    1.0
                ]
            ],
            "antennas": [
                0.26575657886289816,
                -0.28974260553680586
            ],
            "body_yaw": -0.01850705210006624,
            "check_collision": false
        },
        {
            "head": [
                [
                    0.9968589052965909,
                    0.024056275950694518,
                    -0.07545607012206856,
                    -0.007757536562112206
                ],
                [
                    -0.022542248022472545,
                    0.9995283872455145,
                    0.02085306079390329,
                    -0.003803660048299658
                ],
                [
                    0.07592213106187037,
                    -0.019086609907600943,
                    0.9969310564614081,
                    0.006801875868373778
                ],
                [
                    0.0,
                    0.0,
                    0.0,
                    1.0
                ]
            ],
            "antennas": [
                0.26575657886289816,
                -0.28974260553680586
            ],
            "body_yaw": -0.01850705210006624,
            "check_collision": false
        },
        {
            "head": [
                [
                    0.9968686076576823,
                    0.024072487070876166,
                    -0.07532260240363825,
                    -0.007783063730146089
                ],
                [
                    -0.02255998691672181,
                    0.9995276911452129,
                    0.020867238059633544,
                    -0.0036052781401317447
                ],
                [
                    0.07578935318995281,
                    -0.01910261762540877,
                    0.9969408527805981,
                    0.006863676174793779
                ],
                [
                    0.0,
                    0.0,
                    0.0,
                    1.0
                ]
            ],
            "antennas": [
                0.26575657886289816,
                -0.28974260553680586
            ],
            "body_yaw": -0.01850705210006624,
            "check_collision": false
        },
        {
            "head": [
                [
                    0.9968784856272859,
                    0.023983339855140513,
                    -0.07522023865185515,
                    -0.007797141367712852
                ],
                [
                    -0.022473027628050403,
                    0.9995297760923872,
                    0.020861201641594135,
                    -0.003593620227332015
                ],
                [
                    0.07568518958606166,
                    -0.019105656599426125,
                    0.9969487077895366,
                    0.006877494213204719
                ],
                [
                    0.0,
                    0.0,
                    0.0,
                    1.0
                ]
            ],
            "antennas": [
                0.26575657886289816,
                -0.28974260553680586
            ],
            "body_yaw": -0.01850705210006624,
            "check_collision": false
        },
        {
            "head": [
                [
                    0.9969009352101703,
                    0.023946268561272438,
                    -0.07493398160433556,
                    -0.007802067129616997
                ],
                [
                    -0.02244715575313931,
                    0.9995319540411094,
                    0.020784562765563414,
                    -0.00349441917168475
                ],
                [
                    0.07539662177897488,
