{
    "description": "TODO: Add a description of the recording. You can add as much as you want, even if the wording is not perfect.",
    "time": [
        1753090116.608697,
        1753090116.6186666,
        1753090116.628858,
        1753090116.6388302,
        1753090116.6489313,
        1753090116.6588943,
        1753090116.6689444,
        1753090116.6791222,
        1753090116.6891134,
        1753090116.6991036,
        1753090116.7092366,
        1753090116.719302,
        1753090116.7292604,
        1753090116.7392979,
        1753090116.7493932,
        1753090116.759439,
        1753090116.7694664,
        1753090116.7796752,
        1753090116.7897007,
        1753090116.7997987,
        1753090116.8097634,
        1753090116.8198302,
        1753090116.829907,
        1753090116.8399746,
        1753090116.850029,
        1753090116.8600373,
        1753090116.8700926,
        1753090116.8801548,
        1753090116.8901436,
        1753090116.9003167,
        1753090116.9104068,
        1753090116.920424,
        1753090116.9305017,
        1753090116.9407125,
        1753090116.950744,
        1753090116.9607117,
        1753090116.9707658,
        1753090116.9808075,
        1753090116.9908307,
        1753090117.0009592,
        1753090117.0109868,
        1753090117.0209544,
        1753090117.0310485,
        1753090117.0411289,
        1753090117.0512495,
        1753090117.0611897,
        1753090117.0713224,
        1753090117.0813851,
        1753090117.0912848,
        1753090117.101376,
        1753090117.1116104,
        1753090117.1215217,
        1753090117.1316118,
        1753090117.1416738,
        1753090117.1517813,
        1753090117.1617448,
        1753090117.1718285,
        1753090117.182027,
        1753090117.1919737,
        1753090117.2020695,
        1753090117.2121453,
        1753090117.2221625,
        1753090117.2322142,
        1753090117.242284,
        1753090117.2523804,
        1753090117.262354,
        1753090117.2724788,
        1753090117.2827642,
        1753090117.2926285,
        1753090117.3026931,
        1753090117.312897,
        1753090117.322781,
        1753090117.3328607,
        1753090117.3429015,
        1753090117.352957,
        1753090117.363067,
        1753090117.3730824,
        1753090117.3832517,
        1753090117.3932106,
        1753090117.4032986,
        1753090117.4134412,
        1753090117.4234765,
        1753090117.433474,
        1753090117.4435554,
        1753090117.4536264,
        1753090117.4638283,
        1753090117.4738126,
        1753090117.4839756,
        1753090117.493965,
        1753090117.504079,
        1753090117.5140681,
        1753090117.5240362,
        1753090117.5341587,
        1753090117.5442307,
        1753090117.5542457,
        1753090117.5642958,
        1753090117.5743637,
        1753090117.5844772,
        1753090117.5945294,
        1753090117.6045287,
        1753090117.61459,
        1753090117.6246085,
        1753090117.6348124,
        1753090117.644872,
        1753090117.6547892,
        1753090117.6649284,
        1753090117.6749454,
        1753090117.6850367,
        1753090117.6951134,
        1753090117.7050855,
        1753090117.7152526,
        1753090117.7252896,
        1753090117.7353444,
        1753090117.745438,
        1753090117.7554185,
        1753090117.7655065,
        1753090117.7756288,
        1753090117.7857637,
        1753090117.7957156,
        1753090117.8058014,
        1753090117.8158472,
        1753090117.8258648,
        1753090117.8360865,
        1753090117.846078,
        1753090117.8560755,
        1753090117.8661466,
        1753090117.8762267,
        1753090117.8862603,
        1753090117.8963425,
        1753090117.9064443,
        1753090117.916531,
        1753090117.9265115,
        1753090117.9365668,
        1753090117.9466765,
        1753090117.9566755,
        1753090117.9668012,
        1753090117.9768128,
        1753090117.9868875,
        1753090117.9970076,
        1753090118.0071363,
        1753090118.0170476,
        1753090118.027075,
        1753090118.0372014,
        1753090118.0472538,
        1753090118.0572746,
        1753090118.0673337,
        1753090118.0774617,
        1753090118.087519,
        1753090118.0975502,
        1753090118.10765,
        1753090118.1178536,
        1753090118.1277554,
        1753090118.1378112,
        1753090118.14787,
        1753090118.1579072,
        1753090118.1680694,
        1753090118.178105,
        1753090118.1881044,
        1753090118.1982844,
        1753090118.2083623,
        1753090118.218552,
        1753090118.2285438,
        1753090118.2385712,
        1753090118.2488978,
        1753090118.258963,
        1753090118.2691936,
        1753090118.2789145,
        1753090118.2889845,
        1753090118.2990239,
        1753090118.3091378,
        1753090118.3190355,
        1753090118.3290296,
        1753090118.3390894,
        1753090118.3491752,
        1753090118.3591905,
        1753090118.3693774,
        1753090118.3793435,
        1753090118.389407,
        1753090118.3994873,
        1753090118.4095268,
        1753090118.4195874,
        1753090118.429669,
        1753090118.4397225,
        1753090118.4497538,
        1753090118.4598265,
        1753090118.4698498,
        1753090118.4810224,
        1753090118.4902225,
        1753090118.5005724,
        1753090118.5106273,
        1753090118.5204656,
        1753090118.5303693,
        1753090118.5404596,
        1753090118.55041,
        1753090118.5604916,
        1753090118.570548,
        1753090118.580672,
        1753090118.5907815,
        1753090118.6007242,
        1753090118.6108127,
        1753090118.620793,
        1753090118.6308832,
        1753090118.6409671,
        1753090118.6510353,
        1753090118.6610594,
        1753090118.6711195,
        1753090118.6812313,
        1753090118.6911666,
        1753090118.7012446,
        1753090118.7114286,
        1753090118.7213514,
        1753090118.731452,
        1753090118.7414892,
        1753090118.751628,
        1753090118.7617419,
        1753090118.7716932,
        1753090118.7819798,
        1753090118.7918923,
        1753090118.8019366,
        1753090118.8119757,
        1753090118.8221006,
        1753090118.8322268,
        1753090118.8423038,
        1753090118.8522346,
        1753090118.862272,
        1753090118.8723154,
        1753090118.8824773,
        1753090118.8923874,
        1753090118.9025638,
        1753090118.9126384,
        1753090118.9226372,
        1753090118.9328134,
        1753090118.9428027,
        1753090118.9528515,
        1753090118.9629152,
        1753090118.973084,
        1753090118.9830878,
        1753090118.993075,
        1753090119.0031738,
        1753090119.013183,
        1753090119.0231853,
        1753090119.0334077,
        1753090119.0433197,
        1753090119.0533957,
        1753090119.0634797,
        1753090119.073556,
        1753090119.0836213,
        1753090119.0936399,
        1753090119.1038172,
        1753090119.1138976,
        1753090119.1238549,
        1753090119.1339536,
        1753090119.1440172,
        1753090119.1540275,
        1753090119.164165,
        1753090119.1742425,
        1753090119.184235,
        1753090119.1943095,
        1753090119.2043815,
        1753090119.2144542,
        1753090119.224466,
        1753090119.2346804,
        1753090119.2446659,
        1753090119.254664,
        1753090119.2647429,
        1753090119.2748437,
        1753090119.2851787,
        1753090119.2950473,
        1753090119.3050761,
        1753090119.3154233,
        1753090119.325112,
        1753090119.3351781,
        1753090119.345294,
        1753090119.3552105,
        1753090119.3653939,
        1753090119.3754191,
        1753090119.3854802,
        1753090119.3955157,
        1753090119.4056387,
        1753090119.4157593,
        1753090119.425786,
        1753090119.4358315,
        1753090119.4459214,
        1753090119.455967,
        1753090119.4660223,
        1753090119.4760244,
        1753090119.4862602,
        1753090119.4963162,
        1753090119.5063038,
        1753090119.5163774,
        1753090119.5263073,
        1753090119.5364873,
        1753090119.5465112,
        1753090119.5565515,
        1753090119.5666547,
        1753090119.5767214,
        1753090119.5867994,
        1753090119.5968301,
        1753090119.6068616,
        1753090119.6169922,
        1753090119.6269712,
        1753090119.6370752,
        1753090119.6471922,
        1753090119.657183,
        1753090119.6672478,
        1753090119.6772757,
        1753090119.6873224,
        1753090119.6973581,
        1753090119.7074075,
        1753090119.717659,
        1753090119.7277415,
        1753090119.737882,
        1753090119.74776,
        1753090119.7578397,
        1753090119.7678566,
        1753090119.7779367,
        1753090119.7880719,
        1753090119.7980294,
        1753090119.8080964,
        1753090119.8181512,
        1753090119.8282242,
        1753090119.838211,
        1753090119.8483334,
        1753090119.8583717,
        1753090119.8684905,
        1753090119.8787975,
        1753090119.888545,
        1753090119.8986402,
        1753090119.9087994,
        1753090119.9187984,
        1753090119.9292946,
        1753090119.9390323,
        1753090119.9490504,
        1753090119.9590712,
        1753090119.969121,
        1753090119.9791818,
        1753090119.9892235,
        1753090119.9992297,
        1753090120.0094001,
        1753090120.0194452,
        1753090120.0294642,
        1753090120.0394645,
        1753090120.0497103,
        1753090120.0595548,
        1753090120.069743,
        1753090120.0798361,
        1753090120.0898447,
        1753090120.0999024,
        1753090120.110048,
        1753090120.120028,
        1753090120.130192,
        1753090120.1401176,
        1753090120.1502266,
        1753090120.1602519,
        1753090120.1702607,
        1753090120.180354,
        1753090120.1903567,
        1753090120.2004697,
        1753090120.2105203,
        1753090120.2205942,
        1753090120.2306175,
        1753090120.2408488,
        1753090120.2508268,
        1753090120.2608538,
        1753090120.2708924,
        1753090120.281018,
        1753090120.2910633,
        1753090120.3012393,
        1753090120.311404,
        1753090120.3212569,
        1753090120.3313177,
        1753090120.341419,
        1753090120.3514867,
        1753090120.3615637,
        1753090120.371548,
        1753090120.3817267,
        1753090120.3917696,
        1753090120.4018302,
        1753090120.4118738,
        1753090120.4220834,
        1753090120.4319806,
        1753090120.442159,
        1753090120.452187,
        1753090120.462352,
        1753090120.4722497,
        1753090120.482407,
        1753090120.4924705,
        1753090120.502478,
        1753090120.512571,
        1753090120.5226107,
        1753090120.5327547,
        1753090120.543307,
        1753090120.5529401,
        1753090120.5630412,
        1753090120.5730593,
        1753090120.5831113,
        1753090120.5931,
        1753090120.6031394,
        1753090120.613184,
        1753090120.623204,
        1753090120.6333456,
        1753090120.6433713,
        1753090120.653482,
        1753090120.6634994,
        1753090120.6735666,
        1753090120.6836727,
        1753090120.6936157,
        1753090120.703712,
        1753090120.7138546,
        1753090120.7238252,
        1753090120.7339556,
        1753090120.7440155,
        1753090120.7540252,
        1753090120.764068,
        1753090120.7741296,
        1753090120.7843926,
        1753090120.7943277,
        1753090120.8042834,
        1753090120.8143647,
        1753090120.8244038,
        1753090120.8345063,
        1753090120.8446498,
        1753090120.8546417,
        1753090120.8646982,
        1753090120.874788,
        1753090120.8848224,
        1753090120.894926,
        1753090120.9049242,
        1753090120.9150338,
        1753090120.92503,
        1753090120.935329,
        1753090120.9452002,
        1753090120.9553,
        1753090120.9653075,
        1753090120.975438,
        1753090120.9855027,
        1753090120.9955704,
        1753090121.0055804,
        1753090121.015713,
        1753090121.0257535,
        1753090121.0358288,
        1753090121.045916,
        1753090121.0559623,
        1753090121.065965,
        1753090121.0761728,
        1753090121.086118,
        1753090121.0961607,
        1753090121.1061666,
        1753090121.1164305,
        1753090121.1263056,
        1753090121.1364639,
        1753090121.1464725,
        1753090121.1564882,
        1753090121.1665936,
        1753090121.1766498,
        1753090121.1867328,
        1753090121.1968021,
        1753090121.2068632,
        1753090121.216965,
        1753090121.2269676,
        1753090121.236988,
        1753090121.247131,
        1753090121.2571437,
        1753090121.267201,
        1753090121.2773192,
        1753090121.2874563,
        1753090121.297361,
        1753090121.3074207,
        1753090121.3175175,
        1753090121.3275516,
        1753090121.3376873,
        1753090121.347823,
        1753090121.357765,
        1753090121.3678396,
        1753090121.3779473,
        1753090121.3879821,
        1753090121.3980217,
        1753090121.4082117,
        1753090121.4182096,
        1753090121.4282117,
        1753090121.4382179,
        1753090121.4483287,
        1753090121.4582837,
        1753090121.4684436,
        1753090121.478573,
        1753090121.4886174,
        1753090121.4986148,
        1753090121.5086782,
        1753090121.5189366,
        1753090121.528801,
        1753090121.5388777,
        1753090121.5489566,
        1753090121.558964,
        1753090121.569109,
        1753090121.5791435,
        1753090121.5891886,
        1753090121.5992324,
        1753090121.609405,
        1753090121.6193218,
        1753090121.6295066,
        1753090121.6396382,
        1753090121.6495976,
        1753090121.6595645,
        1753090121.6696446,
        1753090121.6797435,
        1753090121.6898398,
        1753090121.6999066,
        1753090121.7099328,
        1753090121.7200308,
        1753090121.730088,
        1753090121.7400944,
        1753090121.7504067,
        1753090121.7602484,
        1753090121.770917,
        1753090121.780449,
        1753090121.7905276,
        1753090121.8005428,
        1753090121.8105912,
        1753090121.820802,
        1753090121.83076,
        1753090121.840832,
        1753090121.8508153,
        1753090121.8608606,
        1753090121.8709385,
        1753090121.8810441,
        1753090121.8910654,
        1753090121.9011295,
        1753090121.9112227,
        1753090121.921176,
        1753090121.9313116,
        1753090121.9413435,
        1753090121.951447,
        1753090121.9614687,
        1753090121.971503,
        1753090121.9816673,
        1753090121.991693,
        1753090122.0017335,
        1753090122.0118246,
        1753090122.0218437,
        1753090122.0319602,
        1753090122.0420976,
        1753090122.0520391,
        1753090122.0620866,
        1753090122.0721195,
        1753090122.082292,
        1753090122.0921915,
        1753090122.1023655,
        1753090122.1125097,
        1753090122.1224184,
        1753090122.1324856,
        1753090122.1425707,
        1753090122.1526144,
        1753090122.1627223,
        1753090122.1727908,
        1753090122.1829095,
        1753090122.1928477,
        1753090122.202952,
        1753090122.213029,
        1753090122.2230418,
        1753090122.233143,
        1753090122.2432082,
        1753090122.2532253,
        1753090122.2632675,
        1753090122.2733235,
        1753090122.283737,
        1753090122.2934597,
        1753090122.303509,
        1753090122.31366,
        1753090122.323669,
        1753090122.3336902,
        1753090122.343829,
        1753090122.3538117,
        1753090122.3639007,
        1753090122.3738708,
        1753090122.3841083,
        1753090122.3941422,
        1753090122.4041703,
        1753090122.414221,
        1753090122.4242418,
        1753090122.434449,
        1753090122.4444797,
        1753090122.4544516,
        1753090122.4645374,
        1753090122.4745913,
        1753090122.4849374,
        1753090122.4948719,
        1753090122.5047872,
        1753090122.5158608,
        1753090122.5253599,
        1753090122.5351226,
        1753090122.5456614,
        1753090122.5555182,
        1753090122.565304,
        1753090122.5754619,
        1753090122.5852928,
        1753090122.5954015,
        1753090122.6053994,
        1753090122.61547,
        1753090122.6255417,
        1753090122.6357825,
        1753090122.645736,
        1753090122.6557007,
        1753090122.6657684,
        1753090122.675893,
        1753090122.6860473,
        1753090122.695951,
        1753090122.7059898,
        1753090122.7162254,
        1753090122.7261376,
        1753090122.7362044,
        1753090122.7462828,
        1753090122.7563076,
        1753090122.766379,
        1753090122.7764525,
        1753090122.7866566,
        1753090122.7966359,
        1753090122.8066688,
        1753090122.8167257,
        1753090122.8267329,
        1753090122.8369308,
        1753090122.8469388,
        1753090122.8569505,
        1753090122.8670294,
        1753090122.8770978,
        1753090122.8871398,
        1753090122.8971295,
        1753090122.9072354,
        1753090122.9173372,
        1753090122.9272838,
        1753090122.9374135,
        1753090122.947482,
        1753090122.9574897,
        1753090122.9676623,
        1753090122.977751,
        1753090122.9876966,
        1753090122.9977882,
        1753090123.0078244,
        1753090123.017885,
        1753090123.0279956,
        1753090123.0380704,
        1753090123.048071,
        1753090123.0580628,
        1753090123.0681677,
        1753090123.0782845,
        1753090123.0882683,
        1753090123.0983932,
        1753090123.108488,
        1753090123.1184936,
        1753090123.1285284,
        1753090123.138535,
        1753090123.1486294,
        1753090123.1586637,
        1753090123.1688263,
        1753090123.1788664,
        1753090123.1888556,
        1753090123.199031,
        1753090123.2090425,
        1753090123.2190874,
        1753090123.229092,
        1753090123.239112,
        1753090123.249243,
        1753090123.2592285,
        1753090123.2693224,
        1753090123.2793946,
        1753090123.2895546,
        1753090123.2995875,
        1753090123.309616,
        1753090123.3196788,
        1753090123.3297207,
        1753090123.3397913,
        1753090123.3498297,
        1753090123.3598382,
        1753090123.3700356,
        1753090123.3800344,
        1753090123.390065,
        1753090123.400176,
        1753090123.4102075,
        1753090123.4202092,
        1753090123.430267,
        1753090123.4403803,
        1753090123.4504075,
        1753090123.4604914,
        1753090123.470557,
        1753090123.4807687,
        1753090123.490803,
        1753090123.5009763,
        1753090123.5109541,
        1753090123.5209854,
        1753090123.5309954,
        1753090123.5410619,
        1753090123.551152,
        1753090123.561166,
        1753090123.5712016,
        1753090123.581237,
        1753090123.5912514,
        1753090123.6014733,
        1753090123.611431,
        1753090123.6214483,
        1753090123.6315715,
        1753090123.6418152,
        1753090123.6517427,
        1753090123.6617565,
        1753090123.6717944,
        1753090123.681922,
        1753090123.6919773,
        1753090123.701948,
        1753090123.712134,
        1753090123.7221591,
        1753090123.7321506,
        1753090123.7422006,
        1753090123.752271,
        1753090123.762318,
        1753090123.7723737,
        1753090123.7825308,
        1753090123.7926145,
        1753090123.802693,
        1753090123.812692,
        1753090123.8226655,
        1753090123.8329153,
        1753090123.8429275,
        1753090123.8529,
        1753090123.8629472,
        1753090123.8729944,
        1753090123.8831286,
        1753090123.8931057,
        1753090123.9031436,
        1753090123.9132857,
        1753090123.923254,
        1753090123.9333527,
        1753090123.9434614,
        1753090123.9534578,
        1753090123.9634972,
        1753090123.9735792,
        1753090123.9837482,
        1753090123.9937615,
        1753090124.0037599,
        1753090124.0138595,
        1753090124.023843,
        1753090124.0340123,
        1753090124.044007,
        1753090124.054023,
        1753090124.0640757,
        1753090124.0741746,
        1753090124.084358,
        1753090124.0942936,
        1753090124.104439,
        1753090124.11457,
        1753090124.1245973,
        1753090124.134614,
        1753090124.144663,
        1753090124.1546676,
        1753090124.1647677,
        1753090124.1748264,
        1753090124.1848745,
        1753090124.194995,
        1753090124.205031,
        1753090124.2150695,
        1753090124.2250807,
        1753090124.2353122,
        1753090124.2452447,
        1753090124.255255,
        1753090124.2653558,
        1753090124.275432,
        1753090124.2855022
    ],
    "set_target_data": [
        {
            "head": [
                [
                    0.9993538147971102,
                    0.00952872384573539,
                    -0.034657701486603625,
                    -0.026605863173331586
                ],
                [
                    -0.00847633518140574,
                    0.9995022848532186,
                    0.03038641662137224,
                    0.000258081670151406
                ],
                [
                    0.034929995596267645,
                    -0.030073011074165112,
                    0.9989371899236595,
                    0.004930285032499315
                ],
                [
                    0.0,
                    0.0,
                    0.0,
                    1.0
                ]
            ],
            "antennas": [
                0.084191576805111,
                -0.23180047601606085
            ],
            "body_yaw": 0.0,
            "check_collision": false
        },
        {
            "head": [
                [
                    0.9993531378497807,
                    0.00958389606140488,
                    -0.03466200810802409,
                    -0.02661736631792291
                ],
                [
                    -0.008526685139212512,
                    0.9994977612971139,
                    0.03052082571939579,
                    0.00025912495335052993
                ],
                [
                    0.034937107927435436,
                    -0.03020553092301453,
                    0.9989329428902247,
                    0.004924003924510478
                ],
                [
                    0.0,
                    0.0,
                    0.0,
                    1.0
                ]
            ],
            "antennas": [
                0.084191576805111,
                -0.23180047601606085
            ],
            "body_yaw": 0.0,
            "check_collision": false
        },
        {
            "head": [
                [
                    0.999352963499348,
                    0.009582489895414872,
                    -0.03466742321655168,
                    -0.026573694656205446
                ],
                [
                    -0.008526084985947141,
                    0.9994986127948622,
                    0.030493095873640356,
                    0.0001224179131383593
                ],
                [
                    0.034942241197204876,
                    -0.030177788331004107,
                    0.998933601833258,
                    0.00487999965377528
                ],
                [
                    0.0,
                    0.0,
                    0.0,
                    1.0
                ]
            ],
            "antennas": [
                0.084191576805111,
                -0.23180047601606085
            ],
            "body_yaw": 0.0,
            "check_collision": false
        },
        {
            "head": [
                [
                    0.9993497133596612,
                    0.00950680758751698,
                    -0.034781762713489574,
                    -0.026571466240318302
                ],
                [
                    -0.008445641102386556,
                    0.9994981687286112,
                    0.030530015632533627,
                    0.00012444688754001832
                ],
                [
                    0.035054551121548296,
                    -0.030216408086451946,
                    0.9989284995073572,
                    0.004861353154566372
                ],
                [
                    0.0,
                    0.0,
                    0.0,
                    1.0
                ]
            ],
            "antennas": [
                0.084191576805111,
                -0.23180047601606085
            ],
            "body_yaw": 0.0,
            "check_collision": false
        },
        {
            "head": [
                [
                    0.9993529326516958,
                    0.009328011293822281,
                    -0.03473764824736129,
                    -0.026553554828931698
                ],
                [
                    -0.008274125901900046,
                    0.9995047950889803,
                    0.030359569079535312,
                    0.00016596547537730448
                ],
                [
                    0.0350036403966014,
                    -0.03005250071854078,
                    0.9989352293114642,
                    0.0047858051553698044
                ],
                [
                    0.0,
                    0.0,
                    0.0,
                    1.0
                ]
            ],
            "antennas": [
                0.084191576805111,
                -0.23180047601606085
            ],
            "body_yaw": 0.0,
            "check_collision": false
        },
        {
            "head": [
                [
                    0.9993524509582594,
                    0.009274901610242246,
                    -0.03476571535061269,
                    -0.026560417160992396
                ],
                [
                    -0.008218901045752682,
                    0.9995041565018372,
                    0.030395572064871684,
                    0.00016666849831559975
                ],
                [
                    0.03503039293698582,
                    -0.030090153467056433,
                    0.9989331580416225,
                    0.004765815803977669
                ],
                [
                    0.0,
                    0.0,
                    0.0,
                    1.0
                ]
            ],
            "antennas": [
                0.084191576805111,
                -0.23180047601606085
            ],
            "body_yaw": 0.0,
            "check_collision": false
        },
        {
            "head": [
                [
                    0.9993494590074248,
                    0.009312226941315364,
                    -0.034841659130422316,
                    -0.026567856667885772
                ],
                [
                    -0.008249348153443031,
                    0.9994999202497449,
                    0.0305263439638085,
                    0.00014443159212456811
                ],
                [
                    0.035108503764905534,
                    -0.030219064349296155,
                    0.9989265243816696,
                    0.004774099044434543
                ],
                [
                    0.0,
                    0.0,
                    0.0,
                    1.0
                ]
            ],
            "antennas": [
                0.084191576805111,
                -0.23180047601606085
            ],
            "body_yaw": 0.0,
            "check_collision": false
        },
        {
            "head": [
                [
                    0.999348192364481,
                    0.009324504314077,
                    -0.03487469049527463,
                    -0.02657243140966331
                ],
                [
                    -0.008259396218605166,
                    0.9994987672816914,
                    0.030561357569383562,
                    0.00014300982699827058
                ],
                [
                    0.035142179669857276,
                    -0.030253393556366314,
                    0.9989243011291573,
                    0.004758453956580533
                ],
                [
                    0.0,
                    0.0,
                    0.0,
                    1.0
                ]
            ],
            "antennas": [
                0.084191576805111,
                -0.23180047601606085
            ],
            "body_yaw": 0.0,
            "check_collision": false
        },
        {
            "head": [
                [
                    0.9993497034855277,
                    0.009253556552418624,
                    -0.034850277395160355,
                    -0.02655073944638661
                ],
                [
                    -0.008189799088989525,
                    0.9994998806416993,
                    0.030543670180763673,
                    0.00015306476839609985
                ],
                [
                    0.035115485676128995,
                    -0.030238390968444006,
                    0.9989256941221252,
                    0.004784868241692941
                ],
                [
                    0.0,
                    0.0,
                    0.0,
                    1.0
                ]
            ],
            "antennas": [
                0.084191576805111,
                -0.23180047601606085
            ],
            "body_yaw": 0.0,
            "check_collision": false
        },
        {
            "head": [
                [
                    0.999355265689616,
                    0.009248011693401616,
                    -0.03469188980376048,
                    -0.02655027135148435
                ],
                [
                    -0.008187833531377914,
                    0.9994988349440568,
                    0.030578396418647083,
                    0.0001512069879085402
                ],
                [
                    0.034957292808511314,
                    -0.030274630058717354,
                    0.9989301449322211,
                    0.004762021198576105
                ],
                [
                    0.0,
                    0.0,
                    0.0,
                    1.0
                ]
            ],
            "antennas": [
                0.084191576805111,
                -0.23180047601606085
            ],
            "body_yaw": 0.0,
            "check_collision": false
        },
        {
            "head": [
                [
                    0.9993524728750842,
                    0.009389736097072523,
                    -0.03473424555796511,
                    -0.026573353865204943
                ],
                [
                    -0.008327909179416677,
                    0.9994973410244944,
                    0.03058939707912792,
                    4.057088979839271e-05
                ],
                [
                    0.035004012443619566,
                    -0.03028032597236208,
                    0.9989283362543352,
                    0.00484034598963029
                ],
                [
                    0.0,
                    0.0,
                    0.0,
                    1.0
                ]
            ],
            "antennas": [
                0.084191576805111,
                -0.23180047601606085
            ],
            "body_yaw": 0.0,
            "check_collision": false
        },
        {
            "head": [
                [
                    0.9993459632559032,
                    0.009434494177785736,
                    -0.034908967955820734,
                    -0.026576958361357275
                ],
                [
                    -0.008366880623420305,
                    0.9994965840743634,
                    0.03060349215878385,
                    3.418523972904559e-05
                ],
                [
                    0.035180122693996195,
                    -0.03029139718284117,
                    0.9989218138693072,
                    0.004833262262383564
                ],
                [
                    0.0,
                    0.0,
                    0.0,
                    1.0
                ]
            ],
            "antennas": [
                0.084191576805111,
                -0.23180047601606085
            ],
            "body_yaw": 0.0,
            "check_collision": false
        },
        {
            "head": [
                [
                    0.999340313305545,
                    0.009420171356089179,
                    -0.03507418671897,
                    -0.02656354774697979
                ],
                [
                    -0.008352174744099378,
                    0.9995007051143316,
                    0.03047263777551731,
                    -4.845366370860192e-05
                ],
                [
                    0.035343731826439656,
                    -0.03015958964534785,
                    0.9989200267153547,
                    0.0049554725931776344
                ],
                [
                    0.0,
                    0.0,
                    0.0,
                    1.0
                ]
            ],
            "antennas": [
                0.084191576805111,
                -0.23180047601606085
            ],
            "body_yaw": 0.0,
            "check_collision": false
        },
        {
            "head": [
                [
                    0.9993386540861616,
                    0.009339543994399286,
                    -0.035142956153911185,
                    -0.026563267432206134
                ],
                [
                    -0.008276056723130412,
                    0.9995069967026218,
                    0.030286472683707495,
                    -4.97619293307488e-05
                ],
                [
                    0.03540849240471234,
                    -0.029975597750205293,
                    0.9989232714303654,
                    0.00495600729150103
                ],
                [
                    0.0,
                    0.0,
                    0.0,
                    1.0
                ]
            ],
            "antennas": [
                0.084191576805111,
                -0.23180047601606085
            ],
            "body_yaw": 0.0,
            "check_collision": false
        },
        {
            "head": [
                [
                    0.9993392499355465,
                    0.009400206156037228,
                    -0.03510982287741698,
                    -0.02658931979035893
                ],
                [
                    -0.008336888118046231,
                    0.9995057761568019,
                    0.030310059810171798,
                    4.3200438905778224e-05
                ],
                [
                    0.03537739157663793,
                    -0.029997325771025186,
                    0.998923721117794,
                    0.004988637667026952
                ],
                [
                    0.0,
                    0.0,
                    0.0,
                    1.0
                ]
            ],
            "antennas": [
                0.084191576805111,
                -0.23180047601606085
            ],
            "body_yaw": 0.0,
            "check_collision": false
        },
        {
            "head": [
                [
                    0.9993406237372855,
                    0.009619510692174687,
                    -0.035011180534449814,
                    -0.026598062380334665
                ],
                [
                    -0.008556308564939032,
                    0.9995014438466555,
                    0.03039166550539771,
                    3.6509976191435086e-05
                ],
                [
                    0.03528607844624069,
                    -0.03007205949870356,
                    0.9989247038217604,
                    0.00500117162196223
                ],
                [
                    0.0,
                    0.0,
                    0.0,
                    1.0
                ]
            ],
            "antennas": [
                0.084191576805111,
                -0.23180047601606085
            ],
            "body_yaw": 0.0,
            "check_collision": false
        },
        {
            "head": [
                [
                    0.9993433096379922,
                    0.009833408644319702,
                    -0.03487482697043165,
                    -0.026625335408981127
                ],
                [
                    -0.008771769355305692,
                    0.9994973477499671,
                    0.030464863419326235,
                    -3.05329694768393e-05
                ],
                [
                    0.035156870511481086,
                    -0.03013894349864806,
                    0.998927243867452,
                    0.005021573037431115
                ],
                [
                    0.0,
                    0.0,
                    0.0,
                    1.0
                ]
            ],
            "antennas": [
                0.084191576805111,
                -0.23180047601606085
            ],
            "body_yaw": 0.0,
            "check_collision": false
        },
        {
            "head": [
                [
                    0.9993414980498894,
                    0.010098950920733495,
                    -0.03485084598261276,
                    -0.026646424055398243
                ],
                [
                    -0.009029875235880783,
                    0.9994879167512135,
                    0.030697974225409697,
                    -4.9001702174596585e-05
                ],
                [
                    0.03514301678324738,
                    -0.030363060758429924,
                    0.9989209442757483,
                    0.00503805702640342
                ],
                [
                    0.0,
                    0.0,
                    0.0,
                    1.0
                ]
            ],
            "antennas": [
                0.084191576805111,
                -0.23180047601606085
            ],
            "body_yaw": 0.0,
            "check_collision": false
        },
        {
            "head": [
                [
                    0.9993441009951152,
                    0.010195824873287315,
                    -0.03474784829911694,
                    -0.02660829627354115
                ],
                [
                    -0.009129142286440755,
                    0.9994863564224078,
                    0.030719408955471903,
                    -3.09329204825938e-05
                ],
                [
                    0.03504321000392384,
                    -0.030382042074437062,
                    0.9989238734518302,
                    0.004975038193142711
                ],
                [
                    0.0,
                    0.0,
                    0.0,
                    1.0
                ]
            ],
            "antennas": [
                0.084191576805111,
                -0.23180047601606085
            ],
            "body_yaw": 0.0,
            "check_collision": false
