{
    "description": "TODO: Add a description of the recording. You can add as much as you want, even if the wording is not perfect.",
    "time": [
        1753090401.5146806,
        1753090401.524751,
        1753090401.53494,
        1753090401.5448847,
        1753090401.5549939,
        1753090401.5648756,
        1753090401.575016,
        1753090401.5851684,
        1753090401.5952911,
        1753090401.605151,
        1753090401.6152234,
        1753090401.625652,
        1753090401.6357598,
        1753090401.6458352,
        1753090401.6558473,
        1753090401.6657999,
        1753090401.6759663,
        1753090401.6860113,
        1753090401.6960118,
        1753090401.7060928,
        1753090401.7160742,
        1753090401.7261536,
        1753090401.7362533,
        1753090401.7462862,
        1753090401.756447,
        1753090401.7663846,
        1753090401.7765076,
        1753090401.7865582,
        1753090401.7965565,
        1753090401.806758,
        1753090401.8167593,
        1753090401.8267825,
        1753090401.8368936,
        1753090401.8469338,
        1753090401.8570538,
        1753090401.8670416,
        1753090401.8771043,
        1753090401.8871706,
        1753090401.8971639,
        1753090401.9072528,
        1753090401.9173489,
        1753090401.9273708,
        1753090401.9374485,
        1753090401.9475234,
        1753090401.9576337,
        1753090401.9676416,
        1753090401.9777572,
        1753090401.9877822,
        1753090401.9977775,
        1753090402.0078874,
        1753090402.0179996,
        1753090402.0280783,
        1753090402.0382066,
        1753090402.048151,
        1753090402.0581663,
        1753090402.0682766,
        1753090402.078324,
        1753090402.08839,
        1753090402.0984058,
        1753090402.1086094,
        1753090402.1186118,
        1753090402.1286306,
        1753090402.138662,
        1753090402.148764,
        1753090402.1588557,
        1753090402.1688442,
        1753090402.1789253,
        1753090402.1890035,
        1753090402.1990013,
        1753090402.2091746,
        1753090402.2191763,
        1753090402.2292554,
        1753090402.2394736,
        1753090402.2494624,
        1753090402.2594209,
        1753090402.2694864,
        1753090402.2795873,
        1753090402.2896101,
        1753090402.2996714,
        1753090402.3097565,
        1753090402.3198066,
        1753090402.3299084,
        1753090402.3398988,
        1753090402.3499393,
        1753090402.3600268,
        1753090402.3700671,
        1753090402.3801208,
        1753090402.3902495,
        1753090402.4002006,
        1753090402.4103086,
        1753090402.4203784,
        1753090402.4304883,
        1753090402.4405603,
        1753090402.4506042,
        1753090402.460593,
        1753090402.4706976,
        1753090402.4809072,
        1753090402.490947,
        1753090402.501119,
        1753090402.5116198,
        1753090402.5218186,
        1753090402.531699,
        1753090402.5416415,
        1753090402.551956,
        1753090402.5618434,
        1753090402.5718827,
        1753090402.5827677,
        1753090402.5918467,
        1753090402.6023057,
        1753090402.6118805,
        1753090402.6219385,
        1753090402.632155,
        1753090402.6419983,
        1753090402.6520917,
        1753090402.6621456,
        1753090402.6721056,
        1753090402.6821928,
        1753090402.6922514,
        1753090402.7022657,
        1753090402.7124639,
        1753090402.7224631,
        1753090402.7323964,
        1753090402.742561,
        1753090402.7526388,
        1753090402.7626233,
        1753090402.7727292,
        1753090402.7828534,
        1753090402.7928312,
        1753090402.8028817,
        1753090402.8130226,
        1753090402.8231883,
        1753090402.8330243,
        1753090402.8431017,
        1753090402.8531585,
        1753090402.8631809,
        1753090402.873323,
        1753090402.8833103,
        1753090402.893405,
        1753090402.9034915,
        1753090402.9136236,
        1753090402.92362,
        1753090402.9336548,
        1753090402.9437268,
        1753090402.9538095,
        1753090402.9638307,
        1753090402.9739664,
        1753090402.984026,
        1753090402.9940012,
        1753090403.004033,
        1753090403.0140922,
        1753090403.024376,
        1753090403.0343058,
        1753090403.0446262,
        1753090403.0543966,
        1753090403.0644593,
        1753090403.074652,
        1753090403.0845816,
        1753090403.0945945,
        1753090403.1047072,
        1753090403.1147745,
        1753090403.1248538,
        1753090403.134933,
        1753090403.1449697,
        1753090403.1550293,
        1753090403.1650338,
        1753090403.1751094,
        1753090403.185204,
        1753090403.1952398,
        1753090403.205372,
        1753090403.2153783,
        1753090403.2254424,
        1753090403.2354794,
        1753090403.2455754,
        1753090403.2555556,
        1753090403.2655728,
        1753090403.2757928,
        1753090403.285781,
        1753090403.295772,
        1753090403.3058686,
        1753090403.3159015,
        1753090403.3260915,
        1753090403.3360953,
        1753090403.3460917,
        1753090403.3562698,
        1753090403.3662012,
        1753090403.37633,
        1753090403.3863428,
        1753090403.396371,
        1753090403.4064853,
        1753090403.4165387,
        1753090403.4267666,
        1753090403.4366653,
        1753090403.4468334,
        1753090403.4568107,
        1753090403.466842,
        1753090403.4769967,
        1753090403.4872434,
        1753090403.4971206,
        1753090403.5071852,
        1753090403.5171921,
        1753090403.5273566,
        1753090403.5374105,
        1753090403.5475051,
        1753090403.557485,
        1753090403.567515,
        1753090403.5776458,
        1753090403.5876598,
        1753090403.5976336,
        1753090403.6078694,
        1753090403.6180558,
        1753090403.6278975,
        1753090403.637987,
        1753090403.6480274,
        1753090403.6580534,
        1753090403.6681058,
        1753090403.6781433,
        1753090403.6882412,
        1753090403.698279,
        1753090403.7083876,
        1753090403.7184718,
        1753090403.7284117,
        1753090403.7384703,
        1753090403.7486298,
        1753090403.7586653,
        1753090403.7687058,
        1753090403.7789013,
        1753090403.7888443,
        1753090403.7987995,
        1753090403.8089938,
        1753090403.8190155,
        1753090403.8290205,
        1753090403.839176,
        1753090403.8491616,
        1753090403.8591943,
        1753090403.869267,
        1753090403.8793051,
        1753090403.889448,
        1753090403.8993719,
        1753090403.909517,
        1753090403.91955,
        1753090403.9295666,
        1753090403.9397469,
        1753090403.9497006,
        1753090403.959788,
        1753090403.9699497,
        1753090403.9799855,
        1753090403.9900331,
        1753090404.0000126,
        1753090404.010108,
        1753090404.0202596,
        1753090404.0302818,
        1753090404.0404263,
        1753090404.0503716,
        1753090404.0604095,
        1753090404.0705326,
        1753090404.0805724,
        1753090404.09074,
        1753090404.1006675,
        1753090404.1109111,
        1753090404.1208408,
        1753090404.130815,
        1753090404.1409256,
        1753090404.1510684,
        1753090404.1610007,
        1753090404.171075,
        1753090404.181238,
        1753090404.1912544,
        1753090404.201242,
        1753090404.2113369,
        1753090404.221397,
        1753090404.2314153,
        1753090404.2415361,
        1753090404.251565,
        1753090404.2615855,
        1753090404.2717102,
        1753090404.2817564,
        1753090404.2919097,
        1753090404.3018682,
        1753090404.3120053,
        1753090404.3219833,
        1753090404.332102,
        1753090404.3421323,
        1753090404.3524263,
        1753090404.3621902,
        1753090404.3723538,
        1753090404.38241,
        1753090404.3924649,
        1753090404.4024339,
        1753090404.4125698,
        1753090404.4226806,
        1753090404.4327059,
        1753090404.442774,
        1753090404.452851,
        1753090404.4628546,
        1753090404.4729877,
        1753090404.4837358,
        1753090404.493251,
        1753090404.503271,
        1753090404.5133383,
        1753090404.5233803,
        1753090404.5333617,
        1753090404.5443377,
        1753090404.5540726,
        1753090404.563973,
        1753090404.5741878,
        1753090404.5842056,
        1753090404.5941796,
        1753090404.6042202,
        1753090404.6142395,
        1753090404.624428,
        1753090404.6344717,
        1753090404.644442,
        1753090404.6545162,
        1753090404.6645188,
        1753090404.6749063,
        1753090404.6850126,
        1753090404.6949522,
        1753090404.7050326,
        1753090404.7149484,
        1753090404.7249973,
        1753090404.734956,
        1753090404.7450914,
        1753090404.7551608,
        1753090404.7650685,
        1753090404.7752163,
        1753090404.785264,
        1753090404.7953053,
        1753090404.8053746,
        1753090404.8155916,
        1753090404.8257859,
        1753090404.8358188,
        1753090404.8459263,
        1753090404.8557436,
        1753090404.8657522,
        1753090404.875889,
        1753090404.8860137,
        1753090404.8959906,
        1753090404.9060416,
        1753090404.9160845,
        1753090404.9261456,
        1753090404.9362473,
        1753090404.9463706,
        1753090404.9563425,
        1753090404.9663231,
        1753090404.9764464,
        1753090404.9865534,
        1753090404.9965045,
        1753090405.0066586,
        1753090405.0166616,
        1753090405.0267546,
        1753090405.036768,
        1753090405.0470703,
        1753090405.0569956,
        1753090405.0670364,
        1753090405.077085,
        1753090405.0871933,
        1753090405.0971127,
        1753090405.107357,
        1753090405.1172872,
        1753090405.1272597,
        1753090405.1374023,
        1753090405.1474917,
        1753090405.1575465,
        1753090405.1675766,
        1753090405.177687,
        1753090405.187885,
        1753090405.197886,
        1753090405.2079008,
        1753090405.217913,
        1753090405.2279427,
        1753090405.2379997,
        1753090405.2480972,
        1753090405.258302,
        1753090405.268313,
        1753090405.2782955,
        1753090405.288312,
        1753090405.2984488,
        1753090405.3085399,
        1753090405.3185434,
        1753090405.3285356,
        1753090405.3387003,
        1753090405.3488536,
        1753090405.3588097,
        1753090405.368895,
        1753090405.3790615,
        1753090405.3890371,
        1753090405.3989937,
        1753090405.4091287,
        1753090405.4192512,
        1753090405.429157,
        1753090405.4394898,
        1753090405.4493918,
        1753090405.4594314,
        1753090405.4695916,
        1753090405.4795573,
        1753090405.4897969,
        1753090405.499646,
        1753090405.5098608,
        1753090405.5199065,
        1753090405.5298293,
        1753090405.5400972,
        1753090405.5511482,
        1753090405.5601764,
        1753090405.5701063,
        1753090405.5801666,
        1753090405.5902994,
        1753090405.6002526,
        1753090405.6107848,
        1753090405.62118,
        1753090405.6308882,
        1753090405.6410806,
        1753090405.6510746,
        1753090405.6610684,
        1753090405.6712124,
        1753090405.6812243,
        1753090405.6911943,
        1753090405.7012436,
        1753090405.7113204,
        1753090405.7214553,
        1753090405.7314727,
        1753090405.741589,
        1753090405.7517111,
        1753090405.7616563,
        1753090405.7717264,
        1753090405.7818716,
        1753090405.7919407,
        1753090405.8019133,
        1753090405.81196,
        1753090405.8220553,
        1753090405.8320985,
        1753090405.8421545,
        1753090405.8522217,
        1753090405.8622515,
        1753090405.8723164,
        1753090405.882412,
        1753090405.8924422,
        1753090405.902448,
        1753090405.9127653,
        1753090405.9226618
    ],
    "set_target_data": [
        {
            "head": [
                [
                    0.9866366551789227,
                    -0.16242184665979348,
                    0.012932686687997293,
                    -0.01437526009910754
                ],
                [
                    0.16243507790612083,
                    0.9867192329631236,
                    2.7682073444800165e-05,
                    -0.006580990509249806
                ],
                [
                    -0.012765426862421367,
                    0.0020734098213482967,
                    0.9999163689272882,
                    0.02
                ],
                [
                    0.0,
                    0.0,
                    0.0,
                    1.0
                ]
            ],
            "antennas": [
                0.21302483027734284,
                -0.5258085026326995
            ],
            "body_yaw": -0.06723863899077155,
            "check_collision": false
        },
        {
            "head": [
                [
                    0.9866287526436032,
                    -0.1624702953952716,
                    0.012927009364164688,
                    -0.014351643176193534
                ],
                [
                    0.1624777618132102,
                    0.9867120901572919,
                    0.0004775495766386321,
                    -0.006594054100316259
                ],
                [
                    -0.01283282404998019,
                    0.0016291874053034334,
                    0.9999163286872061,
                    0.02
                ],
                [
                    0.0,
                    0.0,
                    0.0,
                    1.0
                ]
            ],
            "antennas": [
                0.21302483027734284,
                -0.5258085026326995
            ],
            "body_yaw": -0.06723863899077155,
            "check_collision": false
        },
        {
            "head": [
                [
                    0.9866137891648743,
                    -0.16255815714475283,
                    0.012964435021676384,
                    -0.014348775450199438
                ],
                [
                    0.16256132905087542,
                    0.9866981041510665,
                    0.0008158197745536744,
                    -0.006529191875556962
                ],
                [
                    -0.012924601616391468,
                    0.0013026167484693932,
                    0.9999156253717935,
                    0.02
                ],
                [
                    0.0,
                    0.0,
                    0.0,
                    1.0
                ]
            ],
            "antennas": [
                0.21302483027734284,
                -0.5258085026326995
            ],
            "body_yaw": -0.06723863899077155,
            "check_collision": false
        },
        {
            "head": [
                [
                    0.9866142549067476,
                    -0.16254303164221917,
                    0.013117731486791816,
                    -0.014325911777207757
                ],
                [
                    0.16253840965280658,
                    0.9867011884265736,
                    0.0014248316123224062,
                    -0.006531125969980423
                ],
                [
                    -0.013174877697324727,
                    0.0007263760345566372,
                    0.9999129436983586,
                    0.02
                ],
                [
                    0.0,
                    0.0,
                    0.0,
                    1.0
                ]
            ],
            "antennas": [
                0.21302483027734284,
                -0.5258085026326995
            ],
            "body_yaw": -0.06723863899077155,
            "check_collision": false
        },
        {
            "head": [
                [
                    0.9866355554717317,
                    -0.16241169899764815,
                    0.01314232504866741,
                    -0.01421571540504156
                ],
                [
                    0.16239241420303094,
                    0.9867230158475171,
                    0.0025285976531945137,
                    -0.00639509204944092
                ],
                [
                    -0.013378508448206261,
                    -0.0003605904572300195,
                    0.9999104387325014,
                    0.02
                ],
                [
                    0.0,
                    0.0,
                    0.0,
                    1.0
                ]
            ],
            "antennas": [
                0.21302483027734284,
                -0.5258085026326995
            ],
            "body_yaw": -0.06723863899077155,
            "check_collision": false
        },
        {
            "head": [
                [
                    0.9866668580486864,
                    -0.16222746950811343,
                    0.013067492694757028,
                    -0.014194187589161921
                ],
                [
                    0.16219357760821865,
                    0.9867523190188883,
                    0.003619985289066605,
                    -0.006395312205846068
                ],
                [
                    -0.01348163977341575,
                    -0.0014522561208139082,
                    0.9999080639444706,
                    0.02
                ],
                [
                    0.0,
                    0.0,
                    0.0,
                    1.0
                ]
            ],
            "antennas": [
                0.21302483027734284,
                -0.5258085026326995
            ],
            "body_yaw": -0.06723863899077155,
            "check_collision": false
        },
        {
            "head": [
                [
                    0.9866768747029666,
                    -0.16217474240768,
                    0.012965255546608183,
                    -0.014141124503047579
                ],
                [
                    0.16212966295830075,
                    0.9867593719974254,
                    0.0044625289102133555,
                    -0.006387583910506393
                ],
                [
                    -0.013517296897457903,
                    -0.002301021566461125,
                    0.9999059895731881,
                    0.02
                ],
                [
                    0.0,
                    0.0,
                    0.0,
                    1.0
                ]
            ],
            "antennas": [
                0.21302483027734284,
                -0.5258085026326995
            ],
            "body_yaw": -0.06723863899077155,
            "check_collision": false
        },
        {
            "head": [
                [
                    0.9866830693124206,
                    -0.16214296231208306,
                    0.012891101771511607,
                    -0.014146929512108074
                ],
                [
                    0.16208421793466635,
                    0.9867616835421471,
                    0.005485087927736377,
                    -0.006391445040298189
                ],
                [
                    -0.01360981369191537,
                    -0.0033225992430357828,
                    0.9999018618372212,
                    0.02
                ],
                [
                    0.0,
                    0.0,
                    0.0,
                    1.0
                ]
            ],
            "antennas": [
                0.21302483027734284,
                -0.5258085026326995
            ],
            "body_yaw": -0.06723863899077155,
            "check_collision": false
        },
        {
            "head": [
                [
                    0.9866665021353545,
                    -0.16225260613122397,
                    0.012779098857530405,
                    -0.014101176588120686
                ],
                [
                    0.16218028126967546,
                    0.9867396507773775,
                    0.006512906496193502,
                    -0.006508779308905489
                ],
                [
                    -0.01366637959642551,
                    -0.0043535488242466,
                    0.9998971330498759,
                    0.02
                ],
                [
                    0.0,
                    0.0,
                    0.0,
                    1.0
                ]
            ],
            "antennas": [
                0.21302483027734284,
                -0.5258085026326995
            ],
            "body_yaw": -0.06723863899077155,
            "check_collision": false
        },
        {
            "head": [
                [
                    0.9866459836662477,
                    -0.16239499520263337,
                    0.012552627151290711,
                    -0.014118501961358677
                ],
                [
                    0.16231205970520315,
                    0.9867119377787633,
                    0.007372049859611873,
                    -0.006514880296115711
                ],
                [
                    -0.01358301106224962,
                    -0.005236160617735927,
                    0.9998940366021132,
                    0.02
                ],
                [
                    0.0,
                    0.0,
                    0.0,
                    1.0
                ]
            ],
            "antennas": [
                0.21302483027734284,
                -0.5258085026326995
            ],
            "body_yaw": -0.06723863899077155,
            "check_collision": false
        },
        {
            "head": [
                [
                    0.9866238167162604,
                    -0.162534482225979,
                    0.012489450579258998,
                    -0.014078439255344515
                ],
                [
                    0.16244075567526323,
                    0.9866842988249495,
                    0.00819117500528219,
                    -0.0063135721951218336
                ],
                [
                    -0.013654493175810946,
                    -0.006052812557038664,
                    0.9998884529167545,
                    0.02
                ],
                [
                    0.0,
                    0.0,
                    0.0,
                    1.0
                ]
            ],
            "antennas": [
                0.21302483027734284,
                -0.5258085026326995
            ],
            "body_yaw": -0.06723863899077155,
            "check_collision": false
        },
        {
            "head": [
                [
                    0.9866080237031168,
                    -0.162649306144055,
                    0.012239721217729833,
                    -0.014062775843432726
                ],
                [
                    0.16254641177073229,
                    0.9866599925139178,
                    0.00898460866679819,
                    -0.006309758098010014
                ],
                [
                    -0.013537783610688345,
                    -0.0068747642354795736,
                    0.9998847263718038,
                    0.02
                ],
                [
                    0.0,
                    0.0,
                    0.0,
                    1.0
                ]
            ],
            "antennas": [
                0.21302483027734284,
                -0.5258085026326995
            ],
            "body_yaw": -0.06723863899077155,
            "check_collision": false
        },
        {
            "head": [
                [
                    0.9866265376522709,
                    -0.16256546473292655,
                    0.011855162439168884,
                    -0.014037251622494265
                ],
                [
                    0.16245249219559066,
                    0.9866662347360058,
                    0.009946306415659436,
                    -0.006265018037059656
                ],
                [
                    -0.013314014410876252,
                    -0.007887389177684098,
                    0.9998802558867868,
                    0.02
                ],
                [
                    0.0,
                    0.0,
                    0.0,
                    1.0
                ]
            ],
            "antennas": [
                0.21302483027734284,
                -0.5258085026326995
            ],
            "body_yaw": -0.06723863899077155,
            "check_collision": false
        },
        {
            "head": [
                [
                    0.9866463396086886,
                    -0.1624793982724703,
                    0.011377419469837603,
                    -0.013996434957084662
                ],
                [
                    0.16235932222462904,
                    0.9866727097522422,
                    0.010789546650680102,
                    -0.006260626992079162
                ],
                [
                    -0.012978868345727833,
                    -0.008798236595142577,
                    0.9998770624478194,
                    0.02
                ],
                [
                    0.0,
                    0.0,
                    0.0,
                    1.0
                ]
            ],
            "antennas": [
                0.21302483027734284,
                -0.5258085026326995
            ],
            "body_yaw": -0.06723863899077155,
            "check_collision": false
        },
        {
            "head": [
                [
                    0.986673229221586,
                    -0.1623332305683152,
                    0.011129285273624816,
                    -0.013985209848675444
                ],
                [
                    0.16220667932702634,
                    0.9866901783572941,
                    0.011466695903799578,
                    -0.00631442580926205
                ],
                [
                    -0.01284258226163033,
                    -0.009508637468386006,
                    0.999872318795929,
                    0.02
                ],
                [
                    0.0,
                    0.0,
                    0.0,
                    1.0
                ]
            ],
            "antennas": [
                0.21302483027734284,
                -0.5258085026326995
            ],
            "body_yaw": -0.06723863899077155,
            "check_collision": false
        },
        {
            "head": [
                [
                    0.9866989100530785,
                    -0.16218226739064454,
                    0.011053191579656289,
                    -0.013945608259254486
                ],
                [
                    0.16204931853205365,
                    0.9867094211333447,
                    0.01202233795886457,
                    -0.006316906711230906
                ],
                [
                    -0.012856098294743885,
                    -0.010071265597213887,
                    0.9998666362800124,
                    0.02
                ],
                [
                    0.0,
                    0.0,
                    0.0,
                    1.0
                ]
            ],
            "antennas": [
                0.21302483027734284,
                -0.5258085026326995
            ],
            "body_yaw": -0.06723863899077155,
            "check_collision": false
        },
        {
            "head": [
                [
                    0.986735365636068,
                    -0.16197309758070774,
                    0.010864339057909667,
                    -0.013933257874237905
                ],
                [
                    0.16183675101493664,
                    0.9867391353108771,
                    0.012439648985059516,
                    -0.006196925800509815
                ],
                [
                    -0.012735157006652776,
                    -0.010516392254600269,
                    0.9998636013326831,
                    0.02
                ],
                [
                    0.0,
                    0.0,
                    0.0,
                    1.0
                ]
            ],
            "antennas": [
                0.21302483027734284,
                -0.5258085026326995
            ],
            "body_yaw": -0.06723863899077155,
            "check_collision": false
        },
        {
            "head": [
                [
                    0.9867663282562582,
                    -0.1617896747144077,
                    0.010784923526295297,
                    -0.013905222294627637
                ],
                [
                    0.1616467031851747,
                    0.9867627089179511,
                    0.013026881371619987,
                    -0.006213606596180825
                ],
                [
                    -0.012749775253937667,
                    -0.011111140567573443,
                    0.9998569826661516,
                    0.02
                ],
                [
                    0.0,
                    0.0,
                    0.0,
                    1.0
                ]
            ],
            "antennas": [
                0.21302483027734284,
                -0.5258085026326995
            ],
            "body_yaw": -0.06723863899077155,
            "check_collision": false
        },
        {
            "head": [
                [
                    0.9867923908648634,
                    -0.16164523116304694,
                    0.010563927936693456,
                    -0.013910511389390624
                ],
                [
                    0.16149391849800596,
                    0.9867760364905415,
                    0.013884095079507651,
                    -0.006108691095357154
                ],
                [
                    -0.012668528697758811,
                    -0.01199470926127526,
                    0.9998478060836916,
                    0.02
                ],
                [
                    0.0,
                    0.0,
                    0.0,
                    1.0
                ]
            ],
            "antennas": [
                0.21302483027734284,
                -0.5258085026326995
            ],
            "body_yaw": -0.06723863899077155,
            "check_collision": false
        },
        {
            "head": [
                [
                    0.9868176584933602,
                    -0.16149555527762727,
                    0.010492593161507139,
                    -0.01389726758912629
                ],
                [
                    0.16133451677587057,
                    0.9867899987516155,
                    0.014719784661576587,
                    -0.006133211514177795
                ],
                [
                    -0.01273116579023325,
                    -0.012832925985825928,
                    0.9998366033649019,
                    0.02
                ],
                [
                    0.0,
                    0.0,
                    0.0,
                    1.0
                ]
            ],
            "antennas": [
                0.21302483027734284,
                -0.5258085026326995
            ],
            "body_yaw": -0.06723863899077155,
            "check_collision": false
        },
        {
            "head": [
                [
                    0.9868134731078217,
                    -0.16151660119744746,
                    0.010562046700471645,
                    -0.013893195697225314
                ],
                [
                    0.1613446883019665,
                    0.9867764553636482,
                    0.015495763830639634,
                    -0.006091487797693874
                ],
                [
                    -0.01292520211135998,
                    -0.01358729839145365,
                    0.9998241467742225,
                    0.02
                ],
                [
                    0.0,
                    0.0,
                    0.0,
                    1.0
                ]
            ],
            "antennas": [
                0.21302483027734284,
                -0.5258085026326995
            ],
            "body_yaw": -0.06723863899077155,
            "check_collision": false
        },
        {
            "head": [
                [
                    0.9868229217757915,
                    -0.16146013420336622,
                    0.010542586064198603,
                    -0.01388490047815949
                ],
                [
                    0.16127903233144222,
                    0.9867754673804042,
                    0.01622500250903597,
                    -0.006112694763299462
                ],
                [
                    -0.013022856373456614,
                    -0.014310906303081523,
                    0.9998127840614265,
                    0.02
                ],
                [
                    0.0,
                    0.0,
                    0.0,
                    1.0
                ]
            ],
            "antennas": [
                0.21302483027734284,
                -0.5258085026326995
            ],
            "body_yaw": -0.06723863899077155,
            "check_collision": false
        },
        {
            "head": [
                [
                    0.9868382731517682,
                    -0.161382679736986,
                    0.010288504446513592,
                    -0.013951449262150225
                ],
                [
                    0.16119572121923648,
                    0.9867766274271739,
                    0.016965465630598846,
                    -0.006033832816419527
                ],
                [
                    -0.01289038802545194,
                    -0.015083707911592758,
                    0.9998031404492543,
                    0.02
                ],
                [
                    0.0,
                    0.0,
                    0.0,
                    1.0
                ]
            ],
            "antennas": [
                0.21302483027734284,
                -0.5258085026326995
            ],
            "body_yaw": -0.06723863899077155,
            "check_collision": false
        },
        {
            "head": [
                [
                    0.986851578907506,
                    -0.16131541154576215,
                    0.010064750646877086,
                    -0.013953393159380116
                ],
                [
                    0.16112459276630572,
                    0.9867782858827288,
                    0.017535110955897243,
                    -0.006049799921444389
                ],
                [
                    -0.012760361031513625,
                    -0.01568287308387302,
                    0.9997955894472532,
                    0.02
                ],
                [
                    0.0,
                    0.0,
                    0.0,
                    1.0
                ]
            ],
            "antennas": [
                0.21302483027734284,
                -0.5258085026326995
            ],
            "body_yaw": -0.06723863899077155,
            "check_collision": false
        },
        {
            "head": [
                [
                    0.9868729623230289,
                    -0.16119147799025593,
                    0.009953072846445692,
                    -0.013950206841668774
                ],
                [
                    0.16099759245037135,
                    0.9867921747770145,
                    0.017915887475487526,
                    -0.006229455324353145
                ],
                [
                    -0.012709502781539143,
                    -0.0160782841798195,
                    0.9997899565993246,
                    0.02
                ],
                [
                    0.0,
                    0.0,
                    0.0,
                    1.0
                ]
            ],
            "antennas": [
                0.21302483027734284,
                -0.5258085026326995
            ],
            "body_yaw": -0.06723863899077155,
            "check_collision": false
        },
        {
            "head": [
                [
                    0.986892031046891,
                    -0.16108858132616563,
                    0.009725637380929393,
                    -0.013945213386004286
                ],
                [
                    0.16089408997325053,
                    0.9868027929266208,
                    0.018257592500112396,
                    -0.006258363031694537
                ],
                [
                    -0.01253837580476702,
                    -0.016453474968647946,
                    0.999786013251653,
                    0.02
                ],
                [
                    0.0,
                    0.0,
                    0.0,
                    1.0
                ]
            ],
            "antennas": [
                0.21302483027734284,
                -0.5258085026326995
            ],
            "body_yaw": -0.06723863899077155,
            "check_collision": false
        },
        {
            "head": [
                [
                    0.9869336265893175,
                    -0.16084685969046186,
                    0.00950286456676336,
                    -0.014035689620239782
                ],
                [
                    0.16064706314469623,
                    0.9868293190131971,
                    0.018984631651239963,
                    -0.006123268679200806
                ],
                [
                    -0.012431323752575824,
                    -0.01720996408090827,
                    0.9997746142636811,
                    0.02
                ],
                [
                    0.0,
                    0.0,
                    0.0,
                    1.0
                ]
            ],
            "antennas": [
                0.21302483027734284,
                -0.5258085026326995
            ],
            "body_yaw": -0.06723863899077155,
            "check_collision": false
        },
        {
            "head": [
                [
                    0.9869766595598412,
                    -0.1605893509032095,
                    0.009387963601518739,
                    -0.01406012309740343
                ],
                [
                    0.16037791334838328,
                    0.9868513186416772,
                    0.020084815289207456,
                    -0.006158036601671231
                ],
                [
                    -0.012489931709823517,
                    -0.01831762188901625,
                    0.9997542029590148,
                    0.02
                ],
                [
                    0.0,
                    0.0,
                    0.0,
                    1.0
                ]
            ],
            "antennas": [
                0.21302483027734284,
                -0.5258085026326995
            ],
            "body_yaw": -0.06723863899077155,
            "check_collision": false
        },
        {
            "head": [
                [
                    0.9870123559876782,
                    -0.16036932767865505,
