{
    "description": "A gesture to invite your interlocutor to come closer.",
    "time": [
        1753090485.9473417,
        1753090485.9574046,
        1753090485.9673777,
        1753090485.9774458,
        1753090485.9874978,
        1753090485.9975157,
        1753090486.0075505,
        1753090486.0176718,
        1753090486.0276484,
        1753090486.0378273,
        1753090486.0478687,
        1753090486.0579426,
        1753090486.0678637,
        1753090486.078082,
        1753090486.088019,
        1753090486.098035,
        1753090486.1082053,
        1753090486.1182384,
        1753090486.1283607,
        1753090486.1383667,
        1753090486.1484256,
        1753090486.1585631,
        1753090486.1686308,
        1753090486.178597,
        1753090486.188667,
        1753090486.1986887,
        1753090486.2088368,
        1753090486.2188413,
        1753090486.2288756,
        1753090486.2390075,
        1753090486.249116,
        1753090486.2590973,
        1753090486.2691224,
        1753090486.279257,
        1753090486.2892168,
        1753090486.2992134,
        1753090486.3094428,
        1753090486.3195443,
        1753090486.3293848,
        1753090486.339485,
        1753090486.349565,
        1753090486.3597336,
        1753090486.3697872,
        1753090486.3797727,
        1753090486.3899302,
        1753090486.3998396,
        1753090486.4099886,
        1753090486.4200478,
        1753090486.430071,
        1753090486.4402494,
        1753090486.4501858,
        1753090486.4602008,
        1753090486.47031,
        1753090486.4804654,
        1753090486.490518,
        1753090486.500443,
        1753090486.5105677,
        1753090486.5206585,
        1753090486.5306983,
        1753090486.540783,
        1753090486.5507774,
        1753090486.561163,
        1753090486.5710807,
        1753090486.5810776,
        1753090486.5910404,
        1753090486.601058,
        1753090486.611575,
        1753090486.6215217,
        1753090486.6314762,
        1753090486.6414645,
        1753090486.651435,
        1753090486.661471,
        1753090486.6715941,
        1753090486.6816576,
        1753090486.6917126,
        1753090486.701743,
        1753090486.7118654,
        1753090486.7219133,
        1753090486.7319024,
        1753090486.7420027,
        1753090486.7520456,
        1753090486.7621582,
        1753090486.772155,
        1753090486.7821958,
        1753090486.7925508,
        1753090486.8025568,
        1753090486.8124065,
        1753090486.8224633,
        1753090486.8325188,
        1753090486.842755,
        1753090486.8527126,
        1753090486.8626938,
        1753090486.8728766,
        1753090486.882905,
        1753090486.8929365,
        1753090486.9030213,
        1753090486.913029,
        1753090486.923165,
        1753090486.933281,
        1753090486.9432995,
        1753090486.9533956,
        1753090486.9633756,
        1753090486.97345,
        1753090486.9835136,
        1753090486.993659,
        1753090487.003602,
        1753090487.0136998,
        1753090487.0237522,
        1753090487.0338066,
        1753090487.0439303,
        1753090487.0540068,
        1753090487.0640109,
        1753090487.0741284,
        1753090487.0841362,
        1753090487.0942078,
        1753090487.104383,
        1753090487.1144452,
        1753090487.1244903,
        1753090487.1345048,
        1753090487.1445713,
        1753090487.1546578,
        1753090487.1646256,
        1753090487.174723,
        1753090487.184748,
        1753090487.1947932,
        1753090487.20493,
        1753090487.214963,
        1753090487.2249928,
        1753090487.235037,
        1753090487.245229,
        1753090487.2551203,
        1753090487.2651353,
        1753090487.2753708,
        1753090487.2853658,
        1753090487.2953274,
        1753090487.3053975,
        1753090487.3154435,
        1753090487.325771,
        1753090487.3358197,
        1753090487.345694,
        1753090487.3557756,
        1753090487.365748,
        1753090487.3761404,
        1753090487.3860812,
        1753090487.3960001,
        1753090487.4060566,
        1753090487.4160995,
        1753090487.4262226,
        1753090487.436337,
        1753090487.4464266,
        1753090487.456467,
        1753090487.4663932,
        1753090487.4766288,
        1753090487.487232,
        1753090487.496675,
        1753090487.506843,
        1753090487.5168238,
        1753090487.5274842,
        1753090487.5370078,
        1753090487.5470648,
        1753090487.557056,
        1753090487.567073,
        1753090487.5771995,
        1753090487.5872755,
        1753090487.5972054,
        1753090487.6073346,
        1753090487.6174984,
        1753090487.6275153,
        1753090487.6376543,
        1753090487.6476178,
        1753090487.657643,
        1753090487.6676412,
        1753090487.6777613,
        1753090487.687795,
        1753090487.6977823,
        1753090487.707939,
        1753090487.7179723,
        1753090487.7280502,
        1753090487.7381904,
        1753090487.7481723,
        1753090487.758211,
        1753090487.768494,
        1753090487.778461,
        1753090487.788412,
        1753090487.7984383,
        1753090487.80854,
        1753090487.818564,
        1753090487.8289602,
        1753090487.8388045,
        1753090487.8487716,
        1753090487.8590765,
        1753090487.869195,
        1753090487.8789902,
        1753090487.8890903,
        1753090487.8990626,
        1753090487.909129,
        1753090487.9191442,
        1753090487.9292665,
        1753090487.9393837,
        1753090487.9493315,
        1753090487.959422,
        1753090487.9694235,
        1753090487.9794896,
        1753090487.9896207,
        1753090487.9995453,
        1753090488.0096552,
        1753090488.0197372,
        1753090488.0297275,
        1753090488.0399177,
        1753090488.0498927,
        1753090488.0599647,
        1753090488.0700712,
        1753090488.0800927,
        1753090488.0901184,
        1753090488.1001835,
        1753090488.1103785,
        1753090488.1204839,
        1753090488.1303635,
        1753090488.1408575,
        1753090488.1505718,
        1753090488.1606438,
        1753090488.1707082,
        1753090488.1807518,
        1753090488.190845,
        1753090488.200815,
        1753090488.2109292,
        1753090488.2210336,
        1753090488.231037,
        1753090488.241244,
        1753090488.251186,
        1753090488.2612138,
        1753090488.2715528,
        1753090488.281441,
        1753090488.2914937,
        1753090488.3013844,
        1753090488.3116186,
        1753090488.3216326,
        1753090488.3315926,
        1753090488.3419127,
        1753090488.3518274,
        1753090488.361872,
        1753090488.371971,
        1753090488.3820305,
        1753090488.392151,
        1753090488.402082,
        1753090488.4121296,
        1753090488.4221928,
        1753090488.4321868,
        1753090488.4423976,
        1753090488.4524627,
        1753090488.4624333,
        1753090488.4725585,
        1753090488.4826436,
        1753090488.4927764,
        1753090488.502807,
        1753090488.5128412,
        1753090488.522885,
        1753090488.5328848,
        1753090488.543463,
        1753090488.5537906,
        1753090488.5636942,
        1753090488.5739865,
        1753090488.5837443,
        1753090488.5938978,
        1753090488.6038876,
        1753090488.6139777,
        1753090488.6242044,
        1753090488.6340792,
        1753090488.6443026,
        1753090488.6541646,
        1753090488.6641614,
        1753090488.674376,
        1753090488.6844673,
        1753090488.6943686,
        1753090488.704474,
        1753090488.7145138,
        1753090488.724628,
        1753090488.7345855,
        1753090488.7447526,
        1753090488.7548556,
        1753090488.7647867,
        1753090488.7749171,
        1753090488.7850425,
        1753090488.7950208,
        1753090488.8050716,
        1753090488.815084,
        1753090488.8252022,
        1753090488.8352969,
        1753090488.8453336,
        1753090488.8553288,
        1753090488.8653724,
        1753090488.8755121,
        1753090488.8854804,
        1753090488.8955553,
        1753090488.9056664,
        1753090488.9157245,
        1753090488.925976,
        1753090488.935863,
        1753090488.9459033,
        1753090488.955983,
        1753090488.9659293,
        1753090488.9760392,
        1753090488.9861436,
        1753090488.9960845,
        1753090489.0062177,
        1753090489.016225,
        1753090489.0263238,
        1753090489.0364208,
        1753090489.0464528,
        1753090489.0565207,
        1753090489.0665314,
        1753090489.0767288,
        1753090489.086669,
        1753090489.0967226,
        1753090489.106932,
        1753090489.1169364,
        1753090489.1269722,
        1753090489.1370609,
        1753090489.1471572,
        1753090489.1571589,
        1753090489.1671195,
        1753090489.1772044,
        1753090489.187304,
        1753090489.1973214,
        1753090489.2074459,
        1753090489.2174606,
        1753090489.2274413,
        1753090489.2375624,
        1753090489.2476614,
        1753090489.2577198,
        1753090489.2677288,
        1753090489.2779555,
        1753090489.287902,
        1753090489.2978992,
        1753090489.3080366,
        1753090489.318047,
        1753090489.328213,
        1753090489.3382616,
        1753090489.348235,
        1753090489.3583887,
        1753090489.36838,
        1753090489.3784635,
        1753090489.3885977,
        1753090489.3985336,
        1753090489.408619,
        1753090489.4187238,
        1753090489.4287217,
        1753090489.4390361,
        1753090489.4490697,
        1753090489.4590423,
        1753090489.4691014,
        1753090489.4794283,
        1753090489.4893045,
        1753090489.499229,
        1753090489.509334,
        1753090489.5193608,
        1753090489.5293777,
        1753090489.539587,
        1753090489.5494967,
        1753090489.5596774,
        1753090489.5696764,
        1753090489.5796702,
        1753090489.5898457,
        1753090489.5998573,
        1753090489.6099098,
        1753090489.620511,
        1753090489.6304247,
        1753090489.6402357,
        1753090489.6503155,
        1753090489.660221,
        1753090489.6703,
        1753090489.6803668,
        1753090489.690431,
        1753090489.7004306,
        1753090489.7106135,
        1753090489.7206829,
        1753090489.7306337,
        1753090489.7407484,
        1753090489.7507734,
        1753090489.7610042,
        1753090489.7708998,
        1753090489.780966,
        1753090489.7910533,
        1753090489.8010046,
        1753090489.8113315,
        1753090489.8211906,
        1753090489.8312225,
        1753090489.841491,
        1753090489.8516483,
        1753090489.861718,
        1753090489.8716187,
        1753090489.881696,
        1753090489.891715,
        1753090489.901709,
        1753090489.911808,
        1753090489.9218898,
        1753090489.9319084,
        1753090489.9421046,
        1753090489.9520643,
        1753090489.962108,
        1753090489.972183,
        1753090489.9821906,
        1753090489.9924412,
        1753090490.0022821,
        1753090490.0123847,
        1753090490.022513,
        1753090490.0326083,
        1753090490.0427582,
        1753090490.0527182,
        1753090490.062616,
        1753090490.072823,
        1753090490.082847,
        1753090490.0928996,
        1753090490.1030142,
        1753090490.113058,
        1753090490.1232471,
        1753090490.1331894,
        1753090490.1433034,
        1753090490.1536136,
        1753090490.1633399,
        1753090490.173428,
        1753090490.1835003,
        1753090490.1935887,
        1753090490.2036793,
        1753090490.213691,
        1753090490.2237656,
        1753090490.233759,
        1753090490.244075,
        1753090490.2541528,
        1753090490.2641923,
        1753090490.274214,
        1753090490.2842872,
        1753090490.2942352,
        1753090490.3043733,
        1753090490.3144088,
        1753090490.3243737,
        1753090490.334397,
        1753090490.3445609,
        1753090490.3545938,
        1753090490.3645215,
        1753090490.375015,
        1753090490.3847103,
        1753090490.3948078,
        1753090490.4048972,
        1753090490.4149828,
        1753090490.4250681,
        1753090490.4350178,
        1753090490.4451866,
        1753090490.4551938,
        1753090490.4652064,
        1753090490.4753342,
        1753090490.485739,
        1753090490.495403,
        1753090490.505595,
        1753090490.5155056,
        1753090490.5261822,
        1753090490.535742,
        1753090490.5461855,
        1753090490.5558317,
        1753090490.565892,
        1753090490.5759141,
        1753090490.5860498,
        1753090490.595993,
        1753090490.6061387,
        1753090490.6161005,
        1753090490.626184,
        1753090490.636239,
        1753090490.6463757,
        1753090490.6563184,
        1753090490.6663725,
        1753090490.6765332,
        1753090490.6865144,
        1753090490.6964893,
        1753090490.7066133,
        1753090490.7167017,
        1753090490.7268574
    ],
    "set_target_data": [
        {
            "head": [
                [
                    0.9960684807323364,
                    0.07663201422787502,
                    -0.04444227814765564,
                    -0.012543474684198697
                ],
                [
                    -0.07745566580921232,
                    0.9968488915190512,
                    -0.01711453508835095,
                    0.0010089317407105183
                ],
                [
                    0.0429907144116779,
                    0.02048955520789887,
                    0.9988653445794162,
                    0.004216894990961395
                ],
                [
                    0.0,
                    0.0,
                    0.0,
                    1.0
                ]
            ],
            "antennas": [
                0.0,
                0.0
            ],
            "body_yaw": 0.05683526650848644,
            "check_collision": false
        },
        {
            "head": [
                [
                    0.9960756632684363,
                    0.07656656774721332,
                    -0.044394073340429364,
                    -0.0125482219232117
                ],
                [
                    -0.07737386357103979,
                    0.99686129452074,
                    -0.016758422435420403,
                    0.0010048506794886752
                ],
                [
                    0.04297159853245106,
                    0.02012759771669914,
                    0.9988735262933541,
                    0.004200194871235852
                ],
                [
                    0.0,
                    0.0,
                    0.0,
                    1.0
                ]
            ],
            "antennas": [
                0.0,
                0.0
            ],
            "body_yaw": 0.05683526650848644,
            "check_collision": false
        },
        {
            "head": [
                [
                    0.9960596793344846,
                    0.07664763639456863,
                    -0.044612274535262154,
                    -0.012562626199739663
                ],
                [
                    -0.07744626321251492,
                    0.9968607322399979,
                    -0.016454690284322684,
                    0.0009651608586436905
                ],
                [
                    0.043211011542215245,
                    0.019844907484317602,
                    0.9988688543189428,
                    0.004236068291024353
                ],
                [
                    0.0,
                    0.0,
                    0.0,
                    1.0
                ]
            ],
            "antennas": [
                0.0,
                0.0
            ],
            "body_yaw": 0.05683526650848644,
            "check_collision": false
        },
        {
            "head": [
                [
                    0.996052155328082,
                    0.07659670641508619,
                    -0.044867008287200756,
                    -0.012556096768768593
                ],
                [
                    -0.0773829070650177,
                    0.9968721893696262,
                    -0.016053776987835142,
                    0.0009567333580480925
                ],
                [
                    0.0434970063389365,
                    0.019462338702463392,
                    0.998863968622245,
                    0.004221215407411605
                ],
                [
                    0.0,
                    0.0,
                    0.0,
                    1.0
                ]
            ],
            "antennas": [
                0.0,
                0.0
            ],
            "body_yaw": 0.05683526650848644,
            "check_collision": false
        },
        {
            "head": [
                [
                    0.9960305414957973,
                    0.07665097848539176,
                    -0.045252490592461427,
                    -0.012552777150187822
                ],
                [
                    -0.0774247447416852,
                    0.9968761666651502,
                    -0.015598629320568979,
                    0.0009460493521779231
                ],
                [
                    0.04391547915341119,
                    0.019040373741805377,
                    0.9988537905311762,
                    0.004197358308211718
                ],
                [
                    0.0,
                    0.0,
                    0.0,
                    1.0
                ]
            ],
            "antennas": [
                0.0,
                0.0
            ],
            "body_yaw": 0.05683526650848644,
            "check_collision": false
        },
        {
            "head": [
                [
                    0.9960118381242974,
                    0.0768280096839058,
                    -0.045363809851772255,
                    -0.012573279293533468
                ],
                [
                    -0.0775802096265801,
                    0.9968723938868687,
                    -0.015057934139827906,
                    0.0009244990419031915
                ],
                [
                    0.04406505861285062,
                    0.01851721453872542,
                    0.9988570385070991,
                    0.00416476057375742
                ],
                [
                    0.0,
                    0.0,
                    0.0,
                    1.0
                ]
            ],
            "antennas": [
                0.0,
                0.0
            ],
            "body_yaw": 0.05683526650848644,
            "check_collision": false
        },
        {
            "head": [
                [
                    0.9959910374527696,
                    0.07703481962681501,
                    -0.04546965888171746,
                    -0.01258395629431125
                ],
                [
                    -0.07776201483713756,
                    0.9968673090341489,
                    -0.014444280095716255,
                    0.0008973255004025224
                ],
                [
                    0.04421450398030567,
                    0.01792218580639052,
                    0.9988612881144693,
                    0.00415244715677926
                ],
                [
                    0.0,
                    0.0,
                    0.0,
                    1.0
                ]
            ],
            "antennas": [
                0.0,
                0.0
            ],
            "body_yaw": 0.05683526650848644,
            "check_collision": false
        },
        {
            "head": [
                [
                    0.9959729671045974,
                    0.07722909467335412,
                    -0.04553587303213266,
                    -0.012595602233349351
                ],
                [
                    -0.07791659886027738,
                    0.9968682170560228,
                    -0.01351892915849983,
                    0.0008591441896927676
                ],
                [
                    0.04434920990176737,
                    0.01701248833886514,
                    0.998871224343563,
                    0.004133569795939984
                ],
                [
                    0.0,
                    0.0,
                    0.0,
                    1.0
                ]
            ],
            "antennas": [
                0.0,
                0.0
            ],
            "body_yaw": 0.05683526650848644,
            "check_collision": false
        },
        {
            "head": [
                [
                    0.9959656788100838,
                    0.07736231779259976,
                    -0.04546909299871549,
                    -0.012612042453413075
                ],
                [
                    -0.07802752960951402,
                    0.9968659301700672,
                    -0.013039244196007962,
                    0.0008267080240183591
                ],
                [
                    0.044317843532886925,
                    0.016534480697122534,
                    0.9988806433666992,
                    0.004108917793161249
                ],
                [
                    0.0,
                    0.0,
                    0.0,
                    1.0
                ]
            ],
            "antennas": [
                0.0,
                0.0
            ],
            "body_yaw": 0.05683526650848644,
            "check_collision": false
        },
        {
            "head": [
                [
                    0.9959591951590896,
                    0.07744000035880924,
                    -0.04547887336430325,
                    -0.012627258701382066
                ],
                [
                    -0.07809304744176876,
                    0.9968644138697494,
                    -0.012759949113483323,
                    0.0007985134257008919
                ],
                [
                    0.04434813997583618,
                    0.016259972464572517,
                    0.9988838049423643,
                    0.0040872260378533865
                ],
                [
                    0.0,
                    0.0,
                    0.0,
                    1.0
                ]
            ],
            "antennas": [
                0.0,
                0.0
            ],
            "body_yaw": 0.05683526650848644,
            "check_collision": false
        },
        {
            "head": [
                [
                    0.9959543816470192,
                    0.07744176492499366,
                    -0.04558116632343905,
                    -0.012541707584554473
                ],
                [
                    -0.07809773107522155,
                    0.9968636868799763,
                    -0.012788048364091965,
                    0.0006487801062117632
                ],
                [
                    0.04444788047821142,
                    0.01629609847055428,
                    0.9988787829840176,
                    0.0043759268370011095
                ],
                [
                    0.0,
                    0.0,
                    0.0,
                    1.0
                ]
            ],
            "antennas": [
                0.0,
                0.0
            ],
            "body_yaw": 0.05683526650848644,
            "check_collision": false
        },
        {
            "head": [
                [
                    0.9959642654721382,
                    0.07734122836700348,
                    -0.045535879229763,
                    -0.012542407998581168
                ],
                [
                    -0.07800739313632014,
                    0.9968675457255493,
                    -0.013036214757206782,
                    0.0006320891217758487
                ],
                [
                    0.04438500330765041,
                    0.016535739288082617,
                    0.9988776405584303,
                    0.004364493204055797
                ],
                [
                    0.0,
                    0.0,
                    0.0,
                    1.0
                ]
            ],
            "antennas": [
                0.0,
                0.0
            ],
            "body_yaw": 0.05683526650848644,
            "check_collision": false
        },
        {
            "head": [
                [
                    0.9959721442517987,
                    0.0773022267010426,
                    -0.04542965574968325,
                    -0.012540517608863516
                ],
                [
                    -0.07797501802893135,
                    0.9968675758087846,
                    -0.013226218828703762,
                    0.0006167137490201147
                ],
                [
                    0.04426493463072031,
                    0.016715323753297297,
                    0.998879979534058,
                    0.004345804684557364
                ],
                [
                    0.0,
                    0.0,
                    0.0,
                    1.0
                ]
            ],
            "antennas": [
                0.0,
                0.0
            ],
            "body_yaw": 0.05683526650848644,
            "check_collision": false
        },
        {
            "head": [
                [
                    0.9959759379708356,
                    0.07727334734377708,
                    -0.04539560301837154,
                    -0.012534056835440566
                ],
                [
                    -0.07794640957707205,
                    0.9968695531373915,
                    -0.013245801663178946,
                    0.000747396127057362
                ],
                [
                    0.04422994706256086,
                    0.016730924001528466,
                    0.9988812682020309,
                    0.004350193111448131
                ],
                [
                    0.0,
                    0.0,
                    0.0,
                    1.0
                ]
            ],
            "antennas": [
                0.0,
                0.0
            ],
            "body_yaw": 0.05683526650848644,
            "check_collision": false
        },
        {
            "head": [
                [
                    0.995980224026883,
                    0.0772419090642325,
                    -0.04535505298721528,
                    -0.01254185175505082
                ],
                [
                    -0.07791972973665959,
                    0.9968699892490802,
                    -0.013369377409027031,
                    0.0007539951859531005
                ],
                [
                    0.044180414949683285,
                    0.01684968897789838,
                    0.9988814638966038,
                    0.004332405106916348
                ],
                [
                    0.0,
                    0.0,
                    0.0,
                    1.0
                ]
            ],
            "antennas": [
                0.0,
                0.0
            ],
            "body_yaw": 0.05683526650848644,
            "check_collision": false
        },
        {
            "head": [
                [
                    0.9959806618343768,
                    0.07725574115921774,
                    -0.045321867899468675,
                    -0.012556234174319753
                ],
                [
                    -0.07793039662980208,
                    0.9968699478360135,
                    -0.013310160876023481,
                    0.0007554819193067927
                ],
                [
                    0.044151721745348406,
                    0.016788613979832983,
                    0.9988837609589805,
                    0.004328507639209722
                ],
                [
                    0.0,
                    0.0,
                    0.0,
                    1.0
                ]
            ],
            "antennas": [
                0.0,
                0.0
            ],
            "body_yaw": 0.05683526650848644,
            "check_collision": false
        },
        {
            "head": [
                [
                    0.9959777918201056,
                    0.0772436564678875,
                    -0.045405459326132144,
                    -0.012568212520572303
                ],
                [
                    -0.07791620616709241,
                    0.9968721095495098,
                    -0.013231100439378167,
                    0.0007362978241181317
                ],
                [
                    0.044241417446474376,
                    0.016715703328928338,
                    0.9988810150586234,
                    0.004352005553155347
                ],
                [
                    0.0,
                    0.0,
                    0.0,
                    1.0
                ]
            ],
            "antennas": [
                0.0,
                0.0
            ],
            "body_yaw": 0.05683526650848644,
            "check_collision": false
        },
        {
            "head": [
                [
                    0.995977882930253,
                    0.07714113776722074,
                    -0.04557742399203987,
                    -0.01258320503848151
                ],
                [
                    -0.07781205420395036,
                    0.9968815595111052,
                    -0.013131661253191205,
                    0.0007417931641987077
                ],
                [
                    0.04442230221783866,
                    0.016625317160455642,
                    0.9988744955673768,
                    0.004367746389339844
                ],
                [
                    0.0,
                    0.0,
                    0.0,
                    1.0
                ]
            ],
            "antennas": [
                0.0,
                0.0
            ],
            "body_yaw": 0.05683526650848644,
            "check_collision": false
        },
        {
            "head": [
                [
                    0.9959734713074714,
                    0.07713532220005874,
                    -0.04568354759471479,
                    -0.01260208142799188
                ],
                [
                    -0.07780622610300596,
                    0.9968825382776896,
                    -0.013091831676225893,
                    0.000761954559630483
                ],
                [
                    0.044531288229214296,
                    0.01659358147368563,
                    0.9988701704538596,
                    0.004293484863092112
                ],
                [
                    0.0,
                    0.0,
                    0.0,
                    1.0
                ]
            ],
            "antennas": [
                0.0,
                0.0
            ],
            "body_yaw": 0.05683526650848644,
            "check_collision": false
        },
        {
            "head": [
                [
                    0.9959752462294134,
                    0.07701118923797393,
                    -0.04585395981169663,
                    -0.012627831134968875
                ],
                [
                    -0.07768161170861726,
                    0.9968931934671493,
                    -0.013020292670311007,
                    0.0007705013524446913
                ],
                [
                    0.04470879220702945,
                    0.01652989869968679,
                    0.9988632971274733,
                    0.004311571284607296
                ],
                [
                    0.0,
                    0.0,
                    0.0,
                    1.0
                ]
            ],
            "antennas": [
                0.0,
                0.0
            ],
            "body_yaw": 0.05683526650848644,
            "check_collision": false
        },
        {
            "head": [
                [
                    0.9959758485954472,
                    0.07687207751016986,
                    -0.04607377468635864,
                    -0.012633211063842215
                ],
                [
                    -0.07754557921531693,
                    0.9969039102795627,
                    -0.013010642316143524,
                    0.0006955236648847479
                ],
                [
                    0.04493097104158678,
                    0.016531103066282568,
                    0.9988533077848178,
                    0.004357518046776143
                ],
                [
                    0.0,
                    0.0,
                    0.0,
                    1.0
                ]
            ],
            "antennas": [
                0.0,
                0.0
            ],
            "body_yaw": 0.05683526650848644,
            "check_collision": false
        },
        {
            "head": [
                [
                    0.9959809655579039,
                    0.07667651190859642,
                    -0.0462885381911795,
                    -0.012647598646418456
                ],
                [
                    -0.07735742988064825,
                    0.996917357038728,
                    -0.013100048747163624,
                    0.0007002938741690473
                ],
                [
                    0.0451413811109718,
                    0.016628161547457512,
                    0.9988422097383278,
                    0.004363700744955068
                ],
                [
                    0.0,
                    0.0,
                    0.0,
                    1.0
                ]
            ],
            "antennas": [
                0.0,
                0.0
            ],
            "body_yaw": 0.05683526650848644,
            "check_collision": false
        },
        {
            "head": [
                [
                    0.9959876801410263,
                    0.07655100261269303,
                    -0.046351753001238734,
                    -0.012657864395731744
                ],
                [
                    -0.07724846219268357,
                    0.9969212144063052,
                    -0.013444975103096033,
                    0.0008301318404669716
                ],
                [
                    0.045179819567611336,
                    0.016971631201767274,
                    0.9988346948510494,
                    0.004327852614357086
                ],
                [
                    0.0,
                    0.0,
                    0.0,
                    1.0
                ]
            ],
            "antennas": [
                0.0,
                0.0
            ],
            "body_yaw": 0.05683526650848644,
            "check_collision": false
        },
        {
            "head": [
                [
                    0.9959931707748889,
                    0.07642451031085969,
                    -0.04644241588815037,
                    -0.012669955954458773
                ],
                [
                    -0.07712753174634072,
                    0.9969293418431439,
                    -0.01353629265761998,
                    0.0008307197799685348
                ],
                [
                    0.045265302567196235,
                    0.01706404395038985,
                    0.9988292500660756,
                    0.004324148158208696
                ],
                [
                    0.0,
                    0.0,
                    0.0,
                    1.0
                ]
            ],
            "antennas": [
                0.0,
                0.0
            ],
            "body_yaw": 0.05683526650848644,
            "check_collision": false
        },
        {
            "head": [
                [
                    0.9959771166840422,
                    0.07654797470937186,
                    -0.04658315800411135,
                    -0.012673596725655184
                ],
                [
                    -0.07724785439826903,
                    0.9969217102633429,
                    -0.013411658975534905,
                    0.0008720078085316801
                ],
                [
                    0.04541312621485623,
                    0.016956154443316055,
                    0.9988243773526398,
                    0.004396641140775426
                ],
                [
                    0.0,
                    0.0,
                    0.0,
                    1.0
                ]
            ],
            "antennas": [
                0.0,
                0.0
            ],
            "body_yaw": 0.05683526650848644,
            "check_collision": false
        },
        {
            "head": [
                [
                    0.9959730264256783,
                    0.07650183526656952,
                    -0.046746121051076485,
                    -0.012686014359205189
                ],
                [
                    -0.07719701610097711,
                    0.9969278237124893,
                    -0.013248962713563898,
                    0.0008693076797509358
                ],
                [
                    0.04558893876348428,
                    0.01680427055026738,
                    0.9988189351197206,
                    0.004397559863645428
                ],
                [
                    0.0,
                    0.0,
                    0.0,
                    1.0
                ]
            ],
            "antennas": [
                0.0,
                0.0
            ],
            "body_yaw": 0.05683526650848644,
            "check_collision": false
        },
        {
            "head": [
                [
                    0.9959781537786025,
                    0.07640991865091885,
                    -0.04678719405485412,
                    -0.012707728824497833
                ],
                [
                    -0.07709663648545244,
                    0.9969382087150379,
                    -0.01305054200720595,
                    0.000946142987991748
                ],
                [
                    0.04564675057872813,
                    0.016605190026368486,
                    0.9988196242694634,
                    0.004564663519200651
                ],
                [
                    0.0,
                    0.0,
                    0.0,
                    1.0
                ]
            ],
            "antennas": [
                0.0,
                0.0
            ],
            "body_yaw": 0.05683526650848644,
            "check_collision": false
        },
        {
            "head": [
                [
                    0.9959791638757769,
                    0.07639070363289442,
                    -0.04679706746986614,
                    -0.012718720521012333
                ],
                [
                    -0.07707180210153634,
                    0.9969417717896081,
                    -0.012924433520206708,
                    0.000954482313547507
                ],
                [
                    0.04566664478730103,
                    0.016479200813993313,
                    0.9988208014926412,
                    0.00458249347236428
                ],
                [
                    0.0,
