{
    "description": "A movement you do when you perceive someone’s words or actions as careless or disrespectful.",
    "time": [
        1753090753.0821571,
        1753090753.0920665,
        1753090753.1021063,
        1753090753.1123865,
        1753090753.1222093,
        1753090753.1323211,
        1753090753.1423838,
        1753090753.1523628,
        1753090753.1625354,
        1753090753.1726136,
        1753090753.1825757,
        1753090753.1926906,
        1753090753.2027621,
        1753090753.2127984,
        1753090753.2228184,
        1753090753.2329063,
        1753090753.2430246,
        1753090753.2530015,
        1753090753.2630649,
        1753090753.2730541,
        1753090753.2832417,
        1753090753.293227,
        1753090753.3032215,
        1753090753.3134212,
        1753090753.3233953,
        1753090753.3334856,
        1753090753.343558,
        1753090753.3535342,
        1753090753.363787,
        1753090753.3739169,
        1753090753.3837981,
        1753090753.3938885,
        1753090753.403914,
        1753090753.4140084,
        1753090753.4240742,
        1753090753.4341674,
        1753090753.4442039,
        1753090753.4541762,
        1753090753.4642482,
        1753090753.4742897,
        1753090753.484513,
        1753090753.4945564,
        1753090753.5045695,
        1753090753.5146792,
        1753090753.5246515,
        1753090753.534661,
        1753090753.5447977,
        1753090753.554781,
        1753090753.5649822,
        1753090753.574987,
        1753090753.5849662,
        1753090753.5951135,
        1753090753.6051285,
        1753090753.6157315,
        1753090753.6252792,
        1753090753.6352868,
        1753090753.645462,
        1753090753.6554477,
        1753090753.6655233,
        1753090753.6755755,
        1753090753.6856356,
        1753090753.6956384,
        1753090753.7056491,
        1753090753.7158833,
        1753090753.7258537,
        1753090753.7358797,
        1753090753.7459958,
        1753090753.7560074,
        1753090753.7661743,
        1753090753.7762578,
        1753090753.7862074,
        1753090753.7963555,
        1753090753.8063405,
        1753090753.8164296,
        1753090753.826559,
        1753090753.8366234,
        1753090753.8466675,
        1753090753.8566678,
        1753090753.8670015,
        1753090753.8769913,
        1753090753.8870265,
        1753090753.8970535,
        1753090753.9070878,
        1753090753.9172273,
        1753090753.9272118,
        1753090753.9372683,
        1753090753.947336,
        1753090753.9573472,
        1753090753.9675016,
        1753090753.9775712,
        1753090753.9875546,
        1753090753.9976964,
        1753090754.0077107,
        1753090754.0178142,
        1753090754.027844,
        1753090754.0378578,
        1753090754.0479734,
        1753090754.0580375,
        1753090754.0680757,
        1753090754.0781531,
        1753090754.0881844,
        1753090754.0981727,
        1753090754.108445,
        1753090754.1183515,
        1753090754.1283789,
        1753090754.138399,
        1753090754.1485345,
        1753090754.1586118,
        1753090754.168621,
        1753090754.1788309,
        1753090754.1887922,
        1753090754.198887,
        1753090754.208946,
        1753090754.2189424,
        1753090754.2289948,
        1753090754.2390392,
        1753090754.2493029,
        1753090754.2591603,
        1753090754.2692332,
        1753090754.279356,
        1753090754.2893791,
        1753090754.2993536,
        1753090754.3095925,
        1753090754.3195646,
        1753090754.3296058,
        1753090754.3396149,
        1753090754.3496985,
        1753090754.3597589,
        1753090754.3698714,
        1753090754.3800135,
        1753090754.3899963,
        1753090754.4001687,
        1753090754.4101381,
        1753090754.4201329,
        1753090754.430211,
        1753090754.4403918,
        1753090754.4503887,
        1753090754.4603567,
        1753090754.4703796,
        1753090754.4808078,
        1753090754.4907546,
        1753090754.5006576,
        1753090754.5114765,
        1753090754.5209148,
        1753090754.5314102,
        1753090754.5409372,
        1753090754.5511966,
        1753090754.561318,
        1753090754.5714166,
        1753090754.5813992,
        1753090754.5917506,
        1753090754.601518,
        1753090754.611698,
        1753090754.6215868,
        1753090754.631688,
        1753090754.64187,
        1753090754.6518307,
        1753090754.6618807,
        1753090754.6719124,
        1753090754.68201,
        1753090754.69206,
        1753090754.7023175,
        1753090754.7122412,
        1753090754.7221496,
        1753090754.7323098,
        1753090754.7423832,
        1753090754.7523532,
        1753090754.7625217,
        1753090754.7724745,
        1753090754.783853,
        1753090754.7928727,
        1753090754.8027537,
        1753090754.8128664,
        1753090754.8228905,
        1753090754.8328927,
        1753090754.8430893,
        1753090754.8530526,
        1753090754.863102,
        1753090754.873361,
        1753090754.8832846,
        1753090754.893316,
        1753090754.9033298,
        1753090754.9134083,
        1753090754.9234588,
        1753090754.9335387,
        1753090754.94365,
        1753090754.953656,
        1753090754.9637382,
        1753090754.973802,
        1753090754.9839146,
        1753090754.9939277,
        1753090755.00395,
        1753090755.0140588,
        1753090755.0240877,
        1753090755.034066,
        1753090755.0442352,
        1753090755.0542233,
        1753090755.0643468,
        1753090755.0743184,
        1753090755.0844045,
        1753090755.0944881,
        1753090755.1045425,
        1753090755.1147385,
        1753090755.1246483,
        1753090755.1347704,
        1753090755.1449304,
        1753090755.1550207,
        1753090755.1649501,
        1753090755.1751306,
        1753090755.1851385,
        1753090755.1952143,
        1753090755.2051253,
        1753090755.215289,
        1753090755.2252908,
        1753090755.2353384,
        1753090755.2454824,
        1753090755.2554173,
        1753090755.2655718,
        1753090755.2756703,
        1753090755.2856393,
        1753090755.2957132,
        1753090755.3058488,
        1753090755.315907,
        1753090755.325944,
        1753090755.3359416,
        1753090755.3460815,
        1753090755.356099,
        1753090755.36623,
        1753090755.376341,
        1753090755.3862994,
        1753090755.3963902,
        1753090755.4064488,
        1753090755.4164674,
        1753090755.4265358,
        1753090755.436568,
        1753090755.4466937,
        1753090755.456719,
        1753090755.4669275,
        1753090755.4769733,
        1753090755.4870033,
        1753090755.4971523,
        1753090755.5070887,
        1753090755.5172105,
        1753090755.527189,
        1753090755.5372365,
        1753090755.547368,
        1753090755.5573123,
        1753090755.567425,
        1753090755.5776284,
        1753090755.5875247,
        1753090755.5975971,
        1753090755.608016,
        1753090755.618253,
        1753090755.628339,
        1753090755.6384282,
        1753090755.648482,
        1753090755.6584795,
        1753090755.6686578,
        1753090755.6786406,
        1753090755.6887558,
        1753090755.698757,
        1753090755.70883,
        1753090755.7188735,
        1753090755.7289326,
        1753090755.7389336,
        1753090755.749065,
        1753090755.7591188,
        1753090755.7690523,
        1753090755.7791667,
        1753090755.789175,
        1753090755.799283,
        1753090755.8093934,
        1753090755.8194067,
        1753090755.8294795,
        1753090755.8395066,
        1753090755.8495843,
        1753090755.8596349,
        1753090755.8697321,
        1753090755.8798375,
        1753090755.8898242,
        1753090755.8999152,
        1753090755.9100094,
        1753090755.92004,
        1753090755.9301412,
        1753090755.9401386,
        1753090755.9501457,
        1753090755.9602098,
        1753090755.970264,
        1753090755.9803655,
        1753090755.9903624,
        1753090756.0004745,
        1753090756.0105612,
        1753090756.020558,
        1753090756.030734,
        1753090756.0407064,
        1753090756.0507574,
        1753090756.060825,
        1753090756.0708787,
        1753090756.0810087,
        1753090756.090971,
        1753090756.1011121,
        1753090756.1113183,
        1753090756.1212041,
        1753090756.1314352,
        1753090756.1414065,
        1753090756.1514723,
        1753090756.1614723,
        1753090756.1715014,
        1753090756.1816769,
        1753090756.191635,
        1753090756.2018769,
        1753090756.2118168,
        1753090756.2218053,
        1753090756.2320697,
        1753090756.2419813,
        1753090756.2520368,
        1753090756.26208,
        1753090756.2720308,
        1753090756.2822208,
        1753090756.2922027,
        1753090756.302309,
        1753090756.3123846,
        1753090756.3223507,
        1753090756.3325274,
        1753090756.3425248,
        1753090756.3525422,
        1753090756.3626251,
        1753090756.3727498,
        1753090756.3829799,
        1753090756.3928878,
        1753090756.4031284,
        1753090756.4133515,
        1753090756.4231346,
        1753090756.4331362,
        1753090756.443282,
        1753090756.453187,
        1753090756.4632852,
        1753090756.473391,
        1753090756.4835145,
        1753090756.4935746,
        1753090756.5039082,
        1753090756.5136433,
        1753090756.5237324,
        1753090756.5340617,
        1753090756.5445862,
        1753090756.554272,
        1753090756.564003,
        1753090756.574035,
        1753090756.5842175,
        1753090756.5941954,
        1753090756.6041522,
        1753090756.6144657,
        1753090756.624528,
        1753090756.63453,
        1753090756.6446528,
        1753090756.654479,
        1753090756.6645286,
        1753090756.6745954,
        1753090756.6846647,
        1753090756.694813,
        1753090756.7048326,
        1753090756.7149553,
        1753090756.7249138,
        1753090756.7349904,
        1753090756.7450721,
        1753090756.755104,
        1753090756.7651625,
        1753090756.7752225,
        1753090756.785269,
        1753090756.7953649,
        1753090756.8055716,
        1753090756.8157592,
        1753090756.825564,
        1753090756.835598,
        1753090756.8457808,
        1753090756.8557415,
        1753090756.8659594,
        1753090756.8760092,
        1753090756.8859487,
        1753090756.8960347,
        1753090756.9061127,
        1753090756.9161391,
        1753090756.9262106,
        1753090756.9362836,
        1753090756.9463205,
        1753090756.9563303,
        1753090756.9664025,
        1753090756.9765122,
        1753090756.9866698,
        1753090756.996642,
        1753090757.0066717,
        1753090757.016798,
        1753090757.0268328,
        1753090757.036976,
        1753090757.0470116,
        1753090757.0570078,
        1753090757.0670877,
        1753090757.077168,
        1753090757.0871031,
        1753090757.0973024,
        1753090757.1073442,
        1753090757.1173491,
        1753090757.1274343,
        1753090757.137473,
        1753090757.1476147,
        1753090757.1576161,
        1753090757.1677587,
        1753090757.177868,
        1753090757.1877341,
        1753090757.197865,
        1753090757.2080657,
        1753090757.218009,
        1753090757.228066,
        1753090757.2381253,
        1753090757.248157,
        1753090757.2581003,
        1753090757.2682557,
        1753090757.278411,
        1753090757.2883322,
        1753090757.2984257,
        1753090757.308581,
        1753090757.3185077,
        1753090757.3285854,
        1753090757.3386233,
        1753090757.3487427,
        1753090757.3587954,
        1753090757.3697155,
        1753090757.379067,
        1753090757.388998,
        1753090757.3990836,
        1753090757.4092216,
        1753090757.4191248,
        1753090757.4292502,
        1753090757.4392698,
        1753090757.4493876,
        1753090757.45939,
        1753090757.4694421,
        1753090757.479726,
        1753090757.489692,
        1753090757.499713,
        1753090757.5098462,
        1753090757.5198188,
        1753090757.530103,
        1753090757.5400524,
        1753090757.5503054,
        1753090757.5604248,
        1753090757.5705194,
        1753090757.5806975,
        1753090757.5906682,
        1753090757.6007152,
        1753090757.6109095,
        1753090757.6207657,
        1753090757.630902,
        1753090757.6410224,
        1753090757.6510131,
        1753090757.6610854,
        1753090757.6710806,
        1753090757.6811876,
        1753090757.6911342,
        1753090757.7011707,
        1753090757.7113714,
        1753090757.7219505,
        1753090757.7315404,
        1753090757.7416224,
        1753090757.7515259,
        1753090757.761612,
        1753090757.7716262,
        1753090757.7818024,
        1753090757.7918618,
        1753090757.8018696,
        1753090757.8118892,
        1753090757.8219333,
        1753090757.8320253,
        1753090757.8431609,
        1753090757.8523686,
        1753090757.8621836,
        1753090757.8722768,
        1753090757.8824394,
        1753090757.8923597,
        1753090757.9024127,
        1753090757.9125466,
        1753090757.9225264,
        1753090757.932666,
        1753090757.9427648,
        1753090757.9527235,
        1753090757.9628272,
        1753090757.97281,
        1753090757.9830167,
        1753090757.9930172,
        1753090758.0031033,
        1753090758.0131266,
        1753090758.02316,
        1753090758.0332448,
        1753090758.0433474,
        1753090758.053372,
        1753090758.0634148,
        1753090758.0734465,
        1753090758.083665,
        1753090758.093618,
        1753090758.1036496,
        1753090758.113953,
        1753090758.1237464,
        1753090758.1338623,
        1753090758.143948,
        1753090758.153982,
        1753090758.1640801,
        1753090758.174095,
        1753090758.1841242,
        1753090758.1941774,
        1753090758.2042146,
        1753090758.2143452,
        1753090758.2243567,
        1753090758.2343774,
        1753090758.2445586,
        1753090758.2545216
    ],
    "set_target_data": [
        {
            "head": [
                [
                    0.9982562524251847,
                    0.025611446828907904,
                    -0.05318372199608329,
                    -0.009227746512304125
                ],
                [
                    -0.02596250807996972,
                    0.9996453853675481,
                    -0.005920446567997388,
                    0.005230141616169075
                ],
                [
                    0.05301323106757555,
                    0.007290905615698793,
                    0.998567193546373,
                    0.009422479260849381
                ],
                [
                    0.0,
                    0.0,
                    0.0,
                    1.0
                ]
            ],
            "antennas": [
                0.1159732086218986,
                -0.12874013657162947
            ],
            "body_yaw": 0.027924841926133488,
            "check_collision": false
        },
        {
            "head": [
                [
                    0.9982522601315612,
                    0.02578124965647612,
                    -0.05317661429971213,
                    -0.009238341070117506
                ],
                [
                    -0.02612472262052547,
                    0.9996420156831435,
                    -0.005774023635446098,
                    0.00520727930204863
                ],
                [
                    0.05300871636090147,
                    0.007153156442615768,
                    0.9985684294742534,
                    0.009445629609166284
                ],
                [
                    0.0,
                    0.0,
                    0.0,
                    1.0
                ]
            ],
            "antennas": [
                0.1159732086218986,
                -0.12874013657162947
            ],
            "body_yaw": 0.027924841926133488,
            "check_collision": false
        },
        {
            "head": [
                [
                    0.998253238206751,
                    0.02593054542580228,
                    -0.05308558395324074,
                    -0.00924381467727245
                ],
                [
                    -0.02627913426683194,
                    0.9996373566032387,
                    -0.005878978268011169,
                    0.005156712731690032
                ],
                [
                    0.052913887703720894,
                    0.007263752281729657,
                    0.9985726605464764,
                    0.009444177271250132
                ],
                [
                    0.0,
                    0.0,
                    0.0,
                    1.0
                ]
            ],
            "antennas": [
                0.1159732086218986,
                -0.12874013657162947
            ],
            "body_yaw": 0.027924841926133488,
            "check_collision": false
        },
        {
            "head": [
                [
                    0.9982681485952128,
                    0.02586988461509096,
                    -0.052834198870506305,
                    -0.009255543351351092
                ],
                [
                    -0.026220593873606306,
                    0.9996384410446061,
                    -0.00595547167110032,
                    0.005140059603075271
                ],
                [
                    0.05266102882779379,
                    0.007330501750341448,
                    0.9985855395442529,
                    0.009474985507756273
                ],
                [
                    0.0,
                    0.0,
                    0.0,
                    1.0
                ]
            ],
            "antennas": [
                0.1159732086218986,
                -0.12874013657162947
            ],
            "body_yaw": 0.027924841926133488,
            "check_collision": false
        },
        {
            "head": [
                [
                    0.9982692244130097,
                    0.025934238652171298,
                    -0.0527822967990193,
                    -0.009203494015738167
                ],
                [
                    -0.026290496701531867,
                    0.9996359382189827,
                    -0.00606636664243637,
                    0.005021230651571961
                ],
                [
                    0.05260575418178397,
                    0.007443539923043804,
                    0.998587616756977,
                    0.009516762421579728
                ],
                [
                    0.0,
                    0.0,
                    0.0,
                    1.0
                ]
            ],
            "antennas": [
                0.1159732086218986,
                -0.12874013657162947
            ],
            "body_yaw": 0.027924841926133488,
            "check_collision": false
        },
        {
            "head": [
                [
                    0.99826355436968,
                    0.025878662856947354,
                    -0.052916640350167056,
                    -0.009211270478463401
                ],
                [
                    -0.026233971232355952,
                    0.99963763819003,
                    -0.0060308429956413435,
                    0.0050015399193403705
                ],
                [
                    0.05274139522796487,
                    0.007408584385333627,
                    0.9985807218782128,
                    0.009544720223209069
                ],
                [
                    0.0,
                    0.0,
                    0.0,
                    1.0
                ]
            ],
            "antennas": [
                0.1159732086218986,
                -0.12874013657162947
            ],
            "body_yaw": 0.027924841926133488,
            "check_collision": false
        },
        {
            "head": [
                [
                    0.9982461771358836,
                    0.025814200286616,
                    -0.05327473038089063,
                    -0.009203277320869035
                ],
                [
                    -0.02618508479923477,
                    0.9996374145960603,
                    -0.006275402278849745,
                    0.00500502428380988
                ],
                [
                    0.05309341924995038,
                    0.00765939966753156,
                    0.9985601746660449,
                    0.009525639043523881
                ],
                [
                    0.0,
                    0.0,
                    0.0,
                    1.0
                ]
            ],
            "antennas": [
                0.1159732086218986,
                -0.12874013657162947
            ],
            "body_yaw": 0.027924841926133488,
            "check_collision": false
        },
        {
            "head": [
                [
                    0.9982180485817063,
                    0.025836477837541845,
                    -0.05378851084275343,
                    -0.009200378462294295
                ],
                [
                    -0.026216685371538463,
                    0.999635956778224,
                    -0.006374897976811315,
                    0.004980386118185522
                ],
                [
                    0.05360422458967721,
                    0.007773694683688109,
                    0.998532000877841,
                    0.009557047668197649
                ],
                [
                    0.0,
                    0.0,
                    0.0,
                    1.0
                ]
            ],
            "antennas": [
                0.1159732086218986,
                -0.12874013657162947
            ],
            "body_yaw": 0.027924841926133488,
            "check_collision": false
        },
        {
            "head": [
                [
                    0.9981779902353625,
                    0.025901538680676812,
                    -0.054495964104379666,
                    -0.009157748561279627
                ],
                [
                    -0.026293203295800194,
                    0.9996332565905984,
                    -0.006482266464773713,
                    0.005035845661291019
                ],
                [
                    0.05430807739312961,
                    0.007903329174974999,
                    0.9984929494582391,
                    0.009448321678449223
                ],
                [
                    0.0,
                    0.0,
                    0.0,
                    1.0
                ]
            ],
            "antennas": [
                0.1159732086218986,
                -0.12874013657162947
            ],
            "body_yaw": 0.027924841926133488,
            "check_collision": false
        },
        {
            "head": [
                [
                    0.9981433820128061,
                    0.025975932784097485,
                    -0.055091195848638835,
                    -0.009138084060074797
                ],
                [
                    -0.02637541258746697,
                    0.9996307378228627,
                    -0.006536483042087606,
                    0.005004634450347654
                ],
                [
                    0.054901061509573024,
                    0.007977400310543477,
                    0.998459931358994,
                    0.009456366730822507
                ],
                [
                    0.0,
                    0.0,
                    0.0,
                    1.0
                ]
            ],
            "antennas": [
                0.1159732086218986,
                -0.12874013657162947
            ],
            "body_yaw": 0.027924841926133488,
            "check_collision": false
        },
        {
            "head": [
                [
                    0.9981190228026283,
                    0.026048124573803177,
                    -0.05549695059833617,
                    -0.00915413852719349
                ],
                [
                    -0.0264553179336032,
                    0.9996281090684236,
                    -0.006615112494888577,
                    0.005129157874194738
                ],
                [
                    0.05530400051134191,
                    0.008070859091552097,
                    0.998436942806588,
                    0.009433598189464543
                ],
                [
                    0.0,
                    0.0,
                    0.0,
                    1.0
                ]
            ],
            "antennas": [
                0.1159732086218986,
                -0.12874013657162947
            ],
            "body_yaw": 0.027924841926133488,
            "check_collision": false
        },
        {
            "head": [
                [
                    0.998106401134638,
                    0.025949188691581627,
                    -0.05576962991010187,
                    -0.009137430150886416
                ],
                [
                    -0.026369280418802394,
                    0.9996290745464563,
                    -0.00680987309645088,
                    0.005114741759783815
                ],
                [
                    0.05557223285288798,
                    0.008267582938434487,
                    0.998420439498361,
                    0.009446207061329814
                ],
                [
                    0.0,
                    0.0,
                    0.0,
                    1.0
                ]
            ],
            "antennas": [
                0.1159732086218986,
                -0.12874013657162947
            ],
            "body_yaw": 0.027924841926133488,
            "check_collision": false
        },
        {
            "head": [
                [
                    0.9982664005047354,
                    0.02280605709048266,
                    -0.05425935295693162,
                    -0.008831318731161414
                ],
                [
                    -0.02326721109261995,
                    0.9996982058030213,
                    -0.007882525115186504,
                    0.004199399599245835
                ],
                [
                    0.0540632084812833,
                    0.009131323792623307,
                    0.9984957628425388,
                    0.00999982430036317
                ],
                [
                    0.0,
                    0.0,
                    0.0,
                    1.0
                ]
            ],
            "antennas": [
                0.1159732086218986,
                -0.12874013657162947
            ],
            "body_yaw": 0.027924841926133488,
            "check_collision": false
        },
        {
            "head": [
                [
                    0.9982633617953954,
                    0.022574704461014953,
                    -0.05441179298141816,
                    -0.008802238198737267
                ],
                [
                    -0.023046086938144337,
                    0.9997019825565819,
                    -0.008051332143106613,
                    0.004156510363926183
                ],
                [
                    0.054213820874333955,
                    0.009291328803619011,
                    0.998486120502067,
                    0.01002072051471703
                ],
                [
                    0.0,
                    0.0,
                    0.0,
                    1.0
                ]
            ],
            "antennas": [
                0.1159732086218986,
                -0.12874013657162947
            ],
            "body_yaw": 0.027924841926133488,
            "check_collision": false
        },
        {
            "head": [
                [
                    0.9982729199112864,
                    0.022322789296682684,
                    -0.05434032066348815,
                    -0.008883131138335859
                ],
                [
                    -0.022791573076412473,
                    0.9997080502883504,
                    -0.008022367815550019,
                    0.0041567685580693944
                ],
                [
                    0.054145374396132484,
                    0.00924701393322902,
                    0.9984902459036952,
                    0.010220118364175801
                ],
                [
                    0.0,
                    0.0,
                    0.0,
                    1.0
                ]
            ],
            "antennas": [
                0.1159732086218986,
                -0.12874013657162947
            ],
            "body_yaw": 0.027924841926133488,
            "check_collision": false
        },
        {
            "head": [
                [
                    0.9982779775730531,
                    0.022179535124411207,
                    -0.054306055963583094,
                    -0.008871770942296936
                ],
                [
                    -0.022653912633126255,
                    0.9997102670377223,
                    -0.008135245649444844,
                    0.004124522717620028
                ],
                [
                    0.054109885742491565,
                    0.009351481221236455,
                    0.998491196788386,
                    0.010272429343549216
                ],
                [
                    0.0,
                    0.0,
                    0.0,
                    1.0
                ]
            ],
            "antennas": [
                0.1159732086218986,
                -0.12874013657162947
            ],
            "body_yaw": 0.027924841926133488,
            "check_collision": false
        },
        {
            "head": [
                [
                    0.9982662186006594,
                    0.02210925843520053,
                    -0.05455032073403045,
                    -0.00896055072770141
                ],
                [
                    -0.022592828885802076,
                    0.9997105942062245,
                    -0.008263892229085686,
                    0.004276341423106306
                ],
                [
                    0.054351825026184214,
                    0.009482010508462316,
                    0.9984768252658848,
                    0.0102316255356939
                ],
                [
                    0.0,
                    0.0,
                    0.0,
                    1.0
                ]
            ],
            "antennas": [
                0.1159732086218986,
                -0.12874013657162947
            ],
            "body_yaw": 0.027924841926133488,
            "check_collision": false
        },
        {
            "head": [
                [
                    0.9982569785505198,
                    0.022122433354591988,
                    -0.05471382565365588,
                    -0.008950274734815133
                ],
                [
                    -0.022610676686049196,
                    0.9997097199797923,
                    -0.008320641665402426,
                    0.004241027259353148
                ],
                [
                    0.054513870482529196,
                    0.009543255230617867,
                    0.998467407682703,
                    0.01028083927161283
                ],
                [
                    0.0,
                    0.0,
                    0.0,
                    1.0
                ]
            ],
            "antennas": [
                0.1159732086218986,
                -0.12874013657162947
            ],
            "body_yaw": 0.027924841926133488,
            "check_collision": false
        },
        {
            "head": [
                [
                    0.9982466295370038,
                    0.02225740827935298,
                    -0.054847738282434375,
                    -0.008991549024608664
                ],
                [
                    -0.02274233072316897,
                    0.9997074597920613,
                    -0.00823293564790679,
                    0.004361509047106435
                ],
                [
                    0.054648449303619145,
                    0.009465865665154937,
                    0.9984607876005545,
                    0.010238910983110028
                ],
                [
                    0.0,
                    0.0,
                    0.0,
                    1.0
                ]
            ],
            "antennas": [
                0.1159732086218986,
                -0.12874013657162947
            ],
            "body_yaw": 0.027924841926133488,
            "check_collision": false
        },
        {
            "head": [
                [
                    0.9982422004489491,
                    0.022324281689772796,
                    -0.05490114470460117,
                    -0.008993148356484015
                ],
                [
                    -0.022812452816775304,
                    0.9997054635818868,
                    -0.008281188381315505,
                    0.00432306924718566
                ],
                [
                    0.054700102735939005,
                    0.00951906148525733,
                    0.998457453389536,
                    0.010287105704117394
                ],
                [
                    0.0,
                    0.0,
                    0.0,
                    1.0
                ]
            ],
            "antennas": [
                0.1159732086218986,
                -0.12874013657162947
            ],
            "body_yaw": 0.027924841926133488,
            "check_collision": false
        },
        {
            "head": [
                [
                    0.9982384946459704,
                    0.022366073937208547,
                    -0.054951492641984664,
                    -0.009008522531669977
                ],
                [
                    -0.022859124905207084,
                    0.9997037390524357,
                    -0.008360295039492838,
                    0.004357305393292734
                ],
                [
                    0.054748225683714305,
                    0.0096017113690502,
                    0.9984540244414213,
                    0.010209590950869707
                ],
                [
                    0.0,
                    0.0,
                    0.0,
                    1.0
                ]
            ],
            "antennas": [
                0.1159732086218986,
                -0.12874013657162947
            ],
            "body_yaw": 0.027924841926133488,
            "check_collision": false
        },
        {
            "head": [
                [
                    0.9982350875467447,
                    0.022319545849356647,
                    -0.05503224385414406,
                    -0.009009094541768348
                ],
                [
                    -0.02281671117753788,
                    0.9997041874992985,
                    -0.008422302975367132,
                    0.004307643984522127
                ],
                [
                    0.05482798265105445,
                    0.009663093161432655,
                    0.9984490557604677,
                    0.010245201099688295
                ],
                [
                    0.0,
                    0.0,
                    0.0,
                    1.0
                ]
            ],
            "antennas": [
                0.1159732086218986,
                -0.12874013657162947
            ],
            "body_yaw": 0.027924841926133488,
            "check_collision": false
        },
        {
            "head": [
                [
                    0.9982432974497017,
                    0.02232929031892645,
                    -0.05487915716006846,
                    -0.00899954872147446
                ],
                [
                    -0.022822252652758543,
                    0.9997044803509447,
                    -0.00837238019330339,
                    0.004520000402192427
                ],
                [
                    0.054675989982807364,
                    0.009610138401743271,
                    0.9984579016459829,
                    0.01003675255016745
                ],
                [
                    0.0,
                    0.0,
                    0.0,
                    1.0
                ]
            ],
            "antennas": [
                0.1159732086218986,
                -0.12874013657162947
            ],
            "body_yaw": 0.027924841926133488,
            "check_collision": false
        },
        {
            "head": [
                [
                    0.9982560949753347,
                    0.02229840224007793,
                    -0.05465848609442168,
                    -0.009000008032177015
                ],
                [
                    -0.02279639269527039,
                    0.9997039561045661,
                    -0.008504388805885353,
                    0.004482627134270924
                ],
                [
                    0.054452670500880145,
                    0.00973557427265248,
                    0.9984688904862801,
                    0.010057577567547216
                ],
                [
                    0.0,
                    0.0,
                    0.0,
                    1.0
                ]
            ],
            "antennas": [
                0.1159732086218986,
                -0.12874013657162947
            ],
            "body_yaw": 0.027924841926133488,
            "check_collision": false
        },
        {
            "head": [
                [
                    0.9982632873847836,
                    0.022347723832880417,
                    -0.054506772966428085,
                    -0.008981091105135203
                ],
                [
                    -0.022843768140380007,
                    0.9997029584869952,
                    -0.008494530563675447,
                    0.004568607112299453
                ],
                [
                    0.05430074876899016,
                    0.00972491808901059,
                    0.9984772679692255,
                    0.009932717549724912
                ],
                [
                    0.0,
                    0.0,
                    0.0,
                    1.0
                ]
            ],
            "antennas": [
                0.1159732086218986,
                -0.12874013657162947
            ],
            "body_yaw": 0.027924841926133488,
            "check_collision": false
        },
        {
            "head": [
                [
                    0.9982725001070941,
                    0.02238404526342303,
                    -0.054322831733778346,
                    -0.00896205380380169
                ],
                [
                    -0.0228747506800421,
                    0.9997028117828837,
                    -0.0084281608148944,
                    0.004527577940248936
                ],
                [
                    0.05411803129509868,
                    0.009656222400133337,
                    0.9984878547372028,
                    0.009937604970102654
