{
    "description": "TODO: Add a description of the recording. You can add as much as you want, even if the wording is not perfect.",
    "time": [
        1753091336.2607367,
        1753091336.2706308,
        1753091336.280834,
        1753091336.2908602,
        1753091336.3007767,
        1753091336.310989,
        1753091336.3209162,
        1753091336.3310044,
        1753091336.3411653,
        1753091336.3511312,
        1753091336.3611894,
        1753091336.3712356,
        1753091336.3813293,
        1753091336.3914032,
        1753091336.4014137,
        1753091336.4116008,
        1753091336.421623,
        1753091336.4315987,
        1753091336.4417498,
        1753091336.4517362,
        1753091336.4618754,
        1753091336.4719093,
        1753091336.4820845,
        1753091336.492206,
        1753091336.5023434,
        1753091336.5121968,
        1753091336.5221891,
        1753091336.5321505,
        1753091336.5427866,
        1753091336.5523636,
        1753091336.562891,
        1753091336.572619,
        1753091336.5826163,
        1753091336.5927074,
        1753091336.6027625,
        1753091336.6127598,
        1753091336.6228132,
        1753091336.6327648,
        1753091336.6429372,
        1753091336.6529403,
        1753091336.663005,
        1753091336.6731787,
        1753091336.6831417,
        1753091336.6932123,
        1753091336.7032764,
        1753091336.7134259,
        1753091336.7234335,
        1753091336.7333744,
        1753091336.7435513,
        1753091336.7535255,
        1753091336.763607,
        1753091336.7736785,
        1753091336.7839262,
        1753091336.7939956,
        1753091336.804043,
        1753091336.8139842,
        1753091336.8240378,
        1753091336.8340635,
        1753091336.8442345,
        1753091336.854215,
        1753091336.8642504,
        1753091336.8743753,
        1753091336.88452,
        1753091336.8945472,
        1753091336.9046578,
        1753091336.914585,
        1753091336.9246986,
        1753091336.9347262,
        1753091336.9447882,
        1753091336.9548807,
        1753091336.9649153,
        1753091336.974994,
        1753091336.9850051,
        1753091336.9951468,
        1753091337.0051513,
        1753091337.0151782,
        1753091337.0252607,
        1753091337.035298,
        1753091337.0454736,
        1753091337.0555542,
        1753091337.0654898,
        1753091337.0756261,
        1753091337.0857012,
        1753091337.0957246,
        1753091337.105861,
        1753091337.1158621,
        1753091337.1259878,
        1753091337.1360755,
        1753091337.1460545,
        1753091337.156122,
        1753091337.1661367,
        1753091337.1762087,
        1753091337.1861854,
        1753091337.19638,
        1753091337.2064116,
        1753091337.2164524,
        1753091337.2265468,
        1753091337.236514,
        1753091337.2467523,
        1753091337.256708,
        1753091337.2667334,
        1753091337.2770014,
        1753091337.2869573,
        1753091337.296933,
        1753091337.3070288,
        1753091337.3170657,
        1753091337.3272076,
        1753091337.3371623,
        1753091337.3472288,
        1753091337.3573964,
        1753091337.3673677,
        1753091337.3775055,
        1753091337.3875606,
        1753091337.3975646,
        1753091337.4077501,
        1753091337.4177158,
        1753091337.4277442,
        1753091337.437835,
        1753091337.4479358,
        1753091337.457964,
        1753091337.4679787,
        1753091337.4783442,
        1753091337.488242,
        1753091337.4981196,
        1753091337.5082169,
        1753091337.5182526,
        1753091337.5284188,
        1753091337.5384855,
        1753091337.5485106,
        1753091337.558642,
        1753091337.568669,
        1753091337.578734,
        1753091337.5888233,
        1753091337.5987859,
        1753091337.6089594,
        1753091337.6199925,
        1753091337.629078,
        1753091337.639203,
        1753091337.6491718,
        1753091337.6591852,
        1753091337.6692228,
        1753091337.6794658,
        1753091337.6893184,
        1753091337.6993868,
        1753091337.7095048,
        1753091337.7195206,
        1753091337.7295942,
        1753091337.739706,
        1753091337.749753,
        1753091337.7598674,
        1753091337.7700655,
        1753091337.779957,
        1753091337.7900279,
        1753091337.8000824,
        1753091337.8101737,
        1753091337.8201761,
        1753091337.8302417,
        1753091337.84033,
        1753091337.8505986,
        1753091337.860415,
        1753091337.870413,
        1753091337.8806355,
        1753091337.8909109,
        1753091337.9006782,
        1753091337.9108856,
        1753091337.9207337,
        1753091337.9308312,
        1753091337.941012,
        1753091337.9509828,
        1753091337.9610696,
        1753091337.9710784,
        1753091337.9811778,
        1753091337.9912226,
        1753091338.0012395,
        1753091338.0114467,
        1753091338.021347,
        1753091338.0313642,
        1753091338.0414987,
        1753091338.0515308,
        1753091338.0617113,
        1753091338.071739,
        1753091338.0817618,
        1753091338.091829,
        1753091338.1018178,
        1753091338.1120255,
        1753091338.1220312,
        1753091338.1320202,
        1753091338.142066,
        1753091338.1522014,
        1753091338.16225,
        1753091338.1723685,
        1753091338.182366,
        1753091338.1924078,
        1753091338.2024806,
        1753091338.2126212,
        1753091338.2225652,
        1753091338.2325768,
        1753091338.242758,
        1753091338.252787,
        1753091338.2628706,
        1753091338.2730215,
        1753091338.2829523,
        1753091338.2930338,
        1753091338.3030922,
        1753091338.3132296,
        1753091338.3232424,
        1753091338.333229,
        1753091338.3435478,
        1753091338.3535135,
        1753091338.3635185,
        1753091338.3736215,
        1753091338.3837347,
        1753091338.3937001,
        1753091338.4037433,
        1753091338.4139643,
        1753091338.4239492,
        1753091338.433936,
        1753091338.4440906,
        1753091338.4540687,
        1753091338.4640958,
        1753091338.4742541,
        1753091338.4842708,
        1753091338.494454,
        1753091338.5044403,
        1753091338.514444,
        1753091338.524537,
        1753091338.5351517,
        1753091338.5451713,
        1753091338.5546806,
        1753091338.5648353,
        1753091338.5748906,
        1753091338.5848382,
        1753091338.594939,
        1753091338.6049755,
        1753091338.615047,
        1753091338.625049,
        1753091338.635048,
        1753091338.645524,
        1753091338.6554415,
        1753091338.6654458,
        1753091338.6756816,
        1753091338.6856778,
        1753091338.695482,
        1753091338.7056286,
        1753091338.7156296,
        1753091338.7257419,
        1753091338.7357018,
        1753091338.745929,
        1753091338.7559018,
        1753091338.7659023,
        1753091338.7759976,
        1753091338.7860112,
        1753091338.7962615,
        1753091338.8061626,
        1753091338.8162255,
        1753091338.826254,
        1753091338.8363283,
        1753091338.8464942,
        1753091338.8564937,
        1753091338.8664958,
        1753091338.8767567,
        1753091338.8868654,
        1753091338.896767,
        1753091338.9069762,
        1753091338.916899,
        1753091338.9270408,
        1753091338.9371364,
        1753091338.947071,
        1753091338.9571433,
        1753091338.9671652,
        1753091338.977244,
        1753091338.9872742,
        1753091338.997382,
        1753091339.0074143,
        1753091339.0174356,
        1753091339.0275192,
        1753091339.0375423,
        1753091339.0476182,
        1753091339.0577595,
        1753091339.067785,
        1753091339.0779817,
        1753091339.0879142,
        1753091339.0979733,
        1753091339.1081727,
        1753091339.1181061,
        1753091339.1282752,
        1753091339.1382716,
        1753091339.1482882,
        1753091339.158379,
        1753091339.1685076,
        1753091339.178521,
        1753091339.1885662,
        1753091339.1986363,
        1753091339.2087317,
        1753091339.218681,
        1753091339.2287655,
        1753091339.238854,
        1753091339.2488904,
        1753091339.2589436,
        1753091339.2689874,
        1753091339.2791562,
        1753091339.2891197,
        1753091339.299111,
        1753091339.3092299,
        1753091339.319262,
        1753091339.3294175,
        1753091339.3394039,
        1753091339.349442,
        1753091339.3595774,
        1753091339.3696818,
        1753091339.3796582,
        1753091339.3897915,
        1753091339.3998077,
        1753091339.410004,
        1753091339.419987,
        1753091339.4300048,
        1753091339.4400904,
        1753091339.4501529,
        1753091339.4602146,
        1753091339.4703324,
        1753091339.4804173,
        1753091339.4904969,
        1753091339.500383,
        1753091339.5107062,
        1753091339.5207963,
        1753091339.5308094,
        1753091339.5409138,
        1753091339.550974,
        1753091339.5609193,
        1753091339.5708666,
        1753091339.5809882,
        1753091339.5909927,
        1753091339.6009855,
        1753091339.6115515,
        1753091339.6220489,
        1753091339.632034,
        1753091339.64171,
        1753091339.6518075,
        1753091339.6619217,
        1753091339.671949,
        1753091339.6820242,
        1753091339.691981,
        1753091339.7020423,
        1753091339.7121208,
        1753091339.7222023,
        1753091339.7321815,
        1753091339.7422395,
        1753091339.752287,
        1753091339.7623515,
        1753091339.7725341,
        1753091339.7825682,
        1753091339.792791,
        1753091339.8028748,
        1753091339.8130484,
        1753091339.8230217,
        1753091339.833043,
        1753091339.8430927,
        1753091339.853152,
        1753091339.8632355,
        1753091339.8733177,
        1753091339.8832855,
        1753091339.8932803,
        1753091339.903309,
        1753091339.9134743,
        1753091339.9235651,
        1753091339.9335518,
        1753091339.9437933,
        1753091339.9536808,
        1753091339.963695,
        1753091339.9737997,
        1753091339.9838474,
        1753091339.993867,
        1753091340.0039377,
        1753091340.0141568,
        1753091340.0240524,
        1753091340.034032,
        1753091340.0441978,
        1753091340.054147,
        1753091340.0642033,
        1753091340.0744762,
        1753091340.0843399,
        1753091340.0944242,
        1753091340.1045372,
        1753091340.1146376,
        1753091340.124632,
        1753091340.134629,
        1753091340.1448464,
        1753091340.1549072,
        1753091340.1649005,
        1753091340.175031,
        1753091340.184992,
        1753091340.1950533,
        1753091340.205094,
        1753091340.2152166,
        1753091340.225182,
        1753091340.2352073,
        1753091340.2453675,
        1753091340.2553625,
        1753091340.265399,
        1753091340.2755919,
        1753091340.2855277,
        1753091340.2956507,
        1753091340.3057172,
        1753091340.3157604,
        1753091340.3258328,
        1753091340.335928,
        1753091340.345988,
        1753091340.3559759,
        1753091340.3660362,
        1753091340.376155,
        1753091340.3861268,
        1753091340.39617,
        1753091340.406358,
        1753091340.416353,
        1753091340.4263647,
        1753091340.4364524,
        1753091340.446526,
        1753091340.4566078,
        1753091340.4666204,
        1753091340.4767785,
        1753091340.4870536,
        1753091340.4968677,
        1753091340.5070636,
        1753091340.5170882,
        1753091340.5275288,
        1753091340.5374544,
        1753091340.5471532,
        1753091340.557621,
        1753091340.5672164,
        1753091340.5774262,
        1753091340.5873203,
        1753091340.597383,
        1753091340.607446,
        1753091340.6174717,
        1753091340.627556,
        1753091340.6375756,
        1753091340.6477802,
        1753091340.6578548,
        1753091340.6678689,
        1753091340.6779876,
        1753091340.6879425,
        1753091340.6979783,
        1753091340.708139,
        1753091340.7181058,
        1753091340.728131,
        1753091340.7382967,
        1753091340.7482786,
        1753091340.7583475,
        1753091340.768356,
        1753091340.7784538,
        1753091340.788519,
        1753091340.7985053,
        1753091340.8086457,
        1753091340.8186617,
        1753091340.8287823,
        1753091340.8388748,
        1753091340.8488657,
        1753091340.8589544,
        1753091340.8690176,
        1753091340.8791614,
        1753091340.8892455,
        1753091340.8990912,
        1753091340.9093127,
        1753091340.9192493,
        1753091340.9294267,
        1753091340.939464,
        1753091340.94947,
        1753091340.959635,
        1753091340.9697196,
        1753091340.9797266,
        1753091340.9898157,
        1753091340.9997942,
        1753091341.0099435,
        1753091341.020029,
        1753091341.0299761,
        1753091341.0400586,
        1753091341.050134,
        1753091341.0602436,
        1753091341.0703053,
        1753091341.080354,
        1753091341.0903363,
        1753091341.1003022,
        1753091341.11054
    ],
    "set_target_data": [
        {
            "head": [
                [
                    0.988021953776207,
                    0.14998618368565148,
                    0.03628723687001928,
                    -0.010923830093045261
                ],
                [
                    -0.14847305741121686,
                    0.9880525958965413,
                    -0.04132576635794907,
                    0.004513534046896677
                ],
                [
                    -0.04205199257124889,
                    0.035443087415183094,
                    0.9984865634926028,
                    0.011775049837851548
                ],
                [
                    0.0,
                    0.0,
                    0.0,
                    1.0
                ]
            ],
            "antennas": [
                0.30878025307557794,
                -0.5473024138677208
            ],
            "body_yaw": 0.01379815718703255,
            "check_collision": false
        },
        {
            "head": [
                [
                    0.9882945960826613,
                    0.14804574656629527,
                    0.03682727626960484,
                    -0.010401259012256178
                ],
                [
                    -0.14650013050874322,
                    0.9883340090991328,
                    -0.041636501041233766,
                    0.0031707382574389757
                ],
                [
                    -0.04256175648079768,
                    0.03575392819906278,
                    0.9984538815106112,
                    0.012084646970796031
                ],
                [
                    0.0,
                    0.0,
                    0.0,
                    1.0
                ]
            ],
            "antennas": [
                0.30878025307557794,
                -0.5473024138677208
            ],
            "body_yaw": 0.01379815718703255,
            "check_collision": false
        },
        {
            "head": [
                [
                    0.9882868772246908,
                    0.14809932606803317,
                    0.03681898862901252,
                    -0.010377906247685934
                ],
                [
                    -0.14655488550071577,
                    0.988326757505727,
                    -0.0416159336563282,
                    0.0031235870341636187
                ],
                [
                    -0.04255248337454637,
                    0.03573247845322542,
                    0.998455044627573,
                    0.01208535735180255
                ],
                [
                    0.0,
                    0.0,
                    0.0,
                    1.0
                ]
            ],
            "antennas": [
                0.30878025307557794,
                -0.5473024138677208
            ],
            "body_yaw": 0.01379815718703255,
            "check_collision": false
        },
        {
            "head": [
                [
                    0.988285229404429,
                    0.1481472783971761,
                    0.03667000469791195,
                    -0.01041424899750253
                ],
                [
                    -0.14661497071418714,
                    0.9883245740546913,
                    -0.04145584014455695,
                    0.003152202142239935
                ],
                [
                    -0.04238343666473187,
                    0.03559382282254333,
                    0.9984671872792636,
                    0.012167042767349479
                ],
                [
                    0.0,
                    0.0,
                    0.0,
                    1.0
                ]
            ],
            "antennas": [
                0.30878025307557794,
                -0.5473024138677208
            ],
            "body_yaw": 0.01379815718703255,
            "check_collision": false
        },
        {
            "head": [
                [
                    0.9882854431297821,
                    0.14815078246023022,
                    0.036650082594608405,
                    -0.0103922831103505
                ],
                [
                    -0.1466170948718713,
                    0.9883221914070242,
                    -0.041505101659313176,
                    0.0031149404963778174
                ],
                [
                    -0.04237110323207047,
                    0.03564535914868536,
                    0.9984658722170018,
                    0.012174442150509945
                ],
                [
                    0.0,
                    0.0,
                    0.0,
                    1.0
                ]
            ],
            "antennas": [
                0.30878025307557794,
                -0.5473024138677208
            ],
            "body_yaw": 0.01379815718703255,
            "check_collision": false
        },
        {
            "head": [
                [
                    0.9882884562985189,
                    0.1481591163297801,
                    0.0365349612764156,
                    -0.010417311750354903
                ],
                [
                    -0.1466295252988962,
                    0.9883203327270317,
                    -0.0415054481839393,
                    0.0031286896093435535
                ],
                [
                    -0.042257655610680206,
                    0.035662251284909165,
                    0.9984700768553764,
                    0.012303376171922065
                ],
                [
                    0.0,
                    0.0,
                    0.0,
                    1.0
                ]
            ],
            "antennas": [
                0.30878025307557794,
                -0.5473024138677208
            ],
            "body_yaw": 0.01379815718703255,
            "check_collision": false
        },
        {
            "head": [
                [
                    0.988289640741743,
                    0.1481441420910286,
                    0.03656363174892016,
                    -0.010402204103040068
                ],
                [
                    -0.1466102523789088,
                    0.9883199425417771,
                    -0.04158274968796378,
                    0.0030912020834115896
                ],
                [
                    -0.04229680720752084,
                    0.03573519747157287,
                    0.9984658110129352,
                    0.012321123031902859
                ],
                [
                    0.0,
                    0.0,
                    0.0,
                    1.0
                ]
            ],
            "antennas": [
                0.30878025307557794,
                -0.5473024138677208
            ],
            "body_yaw": 0.01379815718703255,
            "check_collision": false
        },
        {
            "head": [
                [
                    0.9882663445098935,
                    0.14824010305974866,
                    0.03680358887238253,
                    -0.0103329786045507
                ],
                [
                    -0.14670402943011251,
                    0.9883123340706984,
                    -0.04143257260533675,
                    0.00300821368868142
                ],
                [
                    -0.042515409653688406,
                    0.03554718228724913,
                    0.9984632380680902,
                    0.012352392686079183
                ],
                [
                    0.0,
                    0.0,
                    0.0,
                    1.0
                ]
            ],
            "antennas": [
                0.30878025307557794,
                -0.5473024138677208
            ],
            "body_yaw": 0.01379815718703255,
            "check_collision": false
        },
        {
            "head": [
                [
                    0.9882702100990443,
                    0.1482061069226723,
                    0.03683668961261449,
                    -0.010319604923015618
                ],
                [
                    -0.14667241272029582,
                    0.9883205255155371,
                    -0.04134902890636717,
                    0.0029649885404827107
                ],
                [
                    -0.04253463503543761,
                    0.03546108734257611,
                    0.9984654806786682,
                    0.01237126308372366
                ],
                [
                    0.0,
                    0.0,
                    0.0,
                    1.0
                ]
            ],
            "antennas": [
                0.30878025307557794,
                -0.5473024138677208
            ],
            "body_yaw": 0.01379815718703255,
            "check_collision": false
        },
        {
            "head": [
                [
                    0.9882564896712621,
                    0.14831115480109058,
                    0.0367819518813383,
                    -0.010391671011656986
                ],
                [
                    -0.1467884550590613,
                    0.9883121714306725,
                    -0.04113637396954888,
                    0.003199414597188671
                ],
                [
                    -0.042453033861057296,
                    0.03525412264623228,
                    0.9984762825187365,
                    0.012330408900580847
                ],
                [
                    0.0,
                    0.0,
                    0.0,
                    1.0
                ]
            ],
            "antennas": [
                0.30878025307557794,
                -0.5473024138677208
            ],
            "body_yaw": 0.01379815718703255,
            "check_collision": false
        },
        {
            "head": [
                [
                    0.9882771200713203,
                    0.14824101204814064,
                    0.03650940002903234,
                    -0.010373296859291592
                ],
                [
                    -0.14672385025155046,
                    0.9883177327824086,
                    -0.041233127885230925,
                    0.0031704303516026412
                ],
                [
                    -0.042195328069556295,
                    0.035392957135314776,
                    0.9984822947225053,
                    0.012345325220665948
                ],
                [
                    0.0,
                    0.0,
                    0.0,
                    1.0
                ]
            ],
            "antennas": [
                0.30878025307557794,
                -0.5473024138677208
            ],
            "body_yaw": 0.01379815718703255,
            "check_collision": false
        },
        {
            "head": [
                [
                    0.9882648151977367,
                    0.14826205742549775,
                    0.03675618818840632,
                    -0.010326407806101001
                ],
                [
                    -0.14673127633280952,
                    0.9883118379938001,
                    -0.04134783461151501,
                    0.0030769384886868336
                ],
                [
                    -0.04245689093572228,
                    0.03546932772516167,
                    0.9984684968504499,
                    0.012309384891095398
                ],
                [
                    0.0,
                    0.0,
                    0.0,
                    1.0
                ]
            ],
            "antennas": [
                0.30878025307557794,
                -0.5473024138677208
            ],
            "body_yaw": 0.01379815718703255,
            "check_collision": false
        },
        {
            "head": [
                [
                    0.9882802392033877,
                    0.14818412531688077,
                    0.03665561081425054,
                    -0.01030713766334591
                ],
                [
                    -0.14666195973633708,
                    0.9883270963212695,
                    -0.04122887633037423,
                    0.003050952698881065
                ],
                [
                    -0.04233719837674511,
                    0.03536970004451868,
                    0.9984771133843624,
                    0.012323546847863964
                ],
                [
                    0.0,
                    0.0,
                    0.0,
                    1.0
                ]
            ],
            "antennas": [
                0.30878025307557794,
                -0.5473024138677208
            ],
            "body_yaw": 0.01379815718703255,
            "check_collision": false
        },
        {
            "head": [
                [
                    0.9882702257759672,
                    0.14827660938844767,
                    0.036551442556810254,
                    -0.010389905142753814
                ],
                [
                    -0.14675851690718872,
                    0.9883131358565648,
                    -0.04121993702766859,
                    0.0031765252639961335
                ],
                [
                    -0.04223622331507028,
                    0.035372200972349416,
                    0.9984813011961969,
                    0.012225709278485597
                ],
                [
                    0.0,
                    0.0,
                    0.0,
                    1.0
                ]
            ],
            "antennas": [
                0.30878025307557794,
                -0.5473024138677208
            ],
            "body_yaw": 0.01379815718703255,
            "check_collision": false
        },
        {
            "head": [
                [
                    0.9882738170140504,
                    0.14826601546569418,
                    0.036497277465669,
                    -0.010372573337706432
                ],
                [
                    -0.14674546541894434,
                    0.9883107487543334,
                    -0.041323507542638784,
                    0.0031550849395729913
                ],
                [
                    -0.04219752342800359,
                    0.035483130563348585,
                    0.9984790015127848,
                    0.012230975318617832
                ],
                [
                    0.0,
                    0.0,
                    0.0,
                    1.0
                ]
            ],
            "antennas": [
                0.30878025307557794,
                -0.5473024138677208
            ],
            "body_yaw": 0.01379815718703255,
            "check_collision": false
        },
        {
            "head": [
                [
                    0.9882506209073808,
                    0.14842362185669322,
                    0.03648477423690157,
                    -0.010464636143539213
                ],
                [
                    -0.14690779539463844,
                    0.9882908564874083,
                    -0.04122235601796626,
                    0.003288267218664938
                ],
                [
                    -0.04217594016098979,
                    0.03537812118140595,
                    0.9984836396322226,
                    0.0121288877598964
                ],
                [
                    0.0,
                    0.0,
                    0.0,
                    1.0
                ]
            ],
            "antennas": [
                0.30878025307557794,
                -0.5473024138677208
            ],
            "body_yaw": 0.01379815718703255,
            "check_collision": false
        },
        {
            "head": [
                [
                    0.9882392479963655,
                    0.14848008134459714,
                    0.03656301633454038,
                    -0.010457622351905654
                ],
                [
                    -0.14696169699592107,
                    0.9882830511047208,
                    -0.04121735696551836,
                    0.0032707777061336506
                ],
                [
                    -0.04225456585574077,
                    0.035359246924187994,
                    0.9984809839557773,
                    0.012132010792172132
                ],
                [
                    0.0,
                    0.0,
                    0.0,
                    1.0
                ]
            ],
            "antennas": [
                0.30878025307557794,
                -0.5473024138677208
            ],
            "body_yaw": 0.01379815718703255,
            "check_collision": false
        },
        {
            "head": [
                [
                    0.9882139222935085,
                    0.14868989998098614,
                    0.03639446975742197,
                    -0.010507614278523987
                ],
                [
                    -0.14717761673254642,
                    0.9882510397515946,
                    -0.04121445817695569,
                    0.0032762191291387157
                ],
                [
                    -0.0420950462430823,
                    0.03537225004910904,
                    0.9984872613149635,
                    0.012143639471210665
                ],
                [
                    0.0,
                    0.0,
                    0.0,
                    1.0
                ]
            ],
            "antennas": [
                0.30878025307557794,
                -0.5473024138677208
            ],
            "body_yaw": 0.01379815718703255,
            "check_collision": false
        },
        {
            "head": [
                [
                    0.9882057498015552,
                    0.14873985822823435,
                    0.03641223191993595,
                    -0.010515798238080399
                ],
                [
                    -0.14722589538574418,
                    0.988242807806896,
                    -0.041239405255274725,
                    0.0032477952369551807
                ],
                [
                    -0.042118069602159636,
                    0.035392193944253,
                    0.9984855836820081,
                    0.012151436371533764
                ],
                [
                    0.0,
                    0.0,
                    0.0,
                    1.0
                ]
            ],
            "antennas": [
                0.30878025307557794,
                -0.5473024138677208
            ],
            "body_yaw": 0.01379815718703255,
            "check_collision": false
        },
        {
            "head": [
                [
                    0.9881919289488167,
                    0.1488877254552024,
                    0.03618227147640699,
                    -0.01062594626352685
                ],
                [
                    -0.14738574298268398,
                    0.9882227775024134,
                    -0.041148326707865474,
                    0.003403664307327541
                ],
                [
                    -0.04188262558458292,
                    0.03532969337811029,
                    0.9984977007684843,
                    0.012148717284973687
                ],
                [
                    0.0,
                    0.0,
                    0.0,
                    1.0
                ]
            ],
            "antennas": [
                0.30878025307557794,
                -0.5473024138677208
            ],
            "body_yaw": 0.01379815718703255,
            "check_collision": false
        },
        {
            "head": [
                [
                    0.9882021011323953,
                    0.14884685495856173,
                    0.03607244220264995,
                    -0.010646876618689703
                ],
                [
                    -0.1473463103389472,
                    0.9882262196762477,
                    -0.04120683892135741,
                    0.00337350259803138
                ],
                [
                    -0.04178124156864281,
                    0.035405543539634175,
                    0.9984992615618928,
                    0.012154767530736077
                ],
                [
                    0.0,
                    0.0,
                    0.0,
                    1.0
                ]
            ],
            "antennas": [
                0.30878025307557794,
                -0.5473024138677208
            ],
            "body_yaw": 0.01379815718703255,
            "check_collision": false
        },
        {
            "head": [
                [
                    0.9883980706138842,
                    0.14747688502408282,
                    0.036329359894509874,
                    -0.010302910500970095
                ],
                [
                    -0.14595824980670782,
                    0.9884233045092399,
                    -0.041419324190494405,
                    0.0024819532406661574
                ],
                [
                    -0.04201717886905365,
                    0.035636210329214976,
                    0.9984811551517925,
                    0.012438822063471355
                ],
                [
                    0.0,
                    0.0,
                    0.0,
                    1.0
                ]
            ],
            "antennas": [
                0.30878025307557794,
                -0.5473024138677208
            ],
            "body_yaw": 0.01379815718703255,
            "check_collision": false
        },
        {
            "head": [
                [
                    0.98839573628732,
                    0.14749035171675845,
                    0.03633819807740596,
                    -0.010299209443026858
                ],
                [
                    -0.14596918033025852,
                    0.988419477885358,
                    -0.041472088572293925,
                    0.0024352213736543466
                ],
                [
                    -0.04203411570092051,
                    0.03568657853174789,
                    0.9984786433519439,
                    0.012449685893364926
                ],
                [
                    0.0,
                    0.0,
                    0.0,
                    1.0
                ]
            ],
            "antennas": [
                0.30878025307557794,
                -0.5473024138677208
            ],
            "body_yaw": 0.01379815718703255,
            "check_collision": false
        },
        {
            "head": [
                [
                    0.9885584750120612,
                    0.14635371588593835,
                    0.03650659294163123,
                    -0.010084738432395008
                ],
                [
                    -0.1448187589135256,
                    0.9885809885172764,
                    -0.04165520626465202,
                    0.0019295608347229456
                ],
                [
                    -0.04218611796046267,
                    0.03589176769932896,
                    0.998464877931539,
                    0.01259929705691687
                ],
                [
                    0.0,
                    0.0,
                    0.0,
                    1.0
                ]
            ],
            "antennas": [
                0.30878025307557794,
                -0.5473024138677208
            ],
            "body_yaw": 0.01379815718703255,
            "check_collision": false
        },
        {
            "head": [
                [
                    0.988551412888951,
                    0.1463786188277225,
                    0.036597869136702016,
                    -0.01006783390840309
                ],
                [
                    -0.14483448009485536,
                    0.988572803815357,
                    -0.04179455625194248,
                    0.0018897818170947513
                ],
                [
                    -0.04229748752481392,
                    0.03601543428493069,
                    0.998455713110179,
                    0.01261198494570559
                ],
                [
                    0.0,
                    0.0,
                    0.0,
                    1.0
                ]
            ],
            "antennas": [
                0.30878025307557794,
                -0.5473024138677208
            ],
            "body_yaw": 0.01379815718703255,
            "check_collision": false
        },
        {
            "head": [
                [
                    0.9885624641117988,
                    0.14632304501788437,
                    0.036521514835810384,
                    -0.01012954689086917
                ],
                [
                    -0.14478412058640003,
                    0.9885826393474952,
                    -0.04173635833134879,
                    0.002004605620048833
                ],
                [
                    -0.04221152656835464,
                    0.0359712618271052,
                    0.9984609433259444,
                    0.012642206715153648
                ],
                [
                    0.0,
                    0.0,
                    0.0,
                    1.0
                ]
            ],
            "antennas": [
                0.30878025307557794,
                -0.5473024138677208
            ],
            "body_yaw": 0.01379815718703255,
            "check_collision": false
        },
        {
            "head": [
                [
                    0.9885583731531192,
                    0.1463467160538934,
                    0.03653739959410733,
                    -0.010123037446764727
                ],
                [
                    -0.14480979604851038,
                    0.9885814487141122,
                    -0.04167543913021012,
                    0.0019659417368640617
                ],
                [
                    -0.04221925907979922,
                    0.03590763092363675,
                    0.9984629067743102,
