{
    "description": "TODO: Add a description of the recording. You can add as much as you want, even if the wording is not perfect.",
    "time": [
        1753099884.836405,
        1753099884.8463254,
        1753099884.8563612,
        1753099884.8664355,
        1753099884.8765469,
        1753099884.8866057,
        1753099884.8966303,
        1753099884.9066572,
        1753099884.9166963,
        1753099884.9268086,
        1753099884.9368262,
        1753099884.9468374,
        1753099884.9569547,
        1753099884.966985,
        1753099884.977114,
        1753099884.9871087,
        1753099884.9971156,
        1753099885.0071216,
        1753099885.0171766,
        1753099885.0272653,
        1753099885.0373154,
        1753099885.0474212,
        1753099885.0574894,
        1753099885.067701,
        1753099885.0778434,
        1753099885.0878904,
        1753099885.097926,
        1753099885.1077964,
        1753099885.1178393,
        1753099885.1279461,
        1753099885.1378963,
        1753099885.1480317,
        1753099885.158039,
        1753099885.1681292,
        1753099885.1781716,
        1753099885.1882298,
        1753099885.198558,
        1753099885.2082825,
        1753099885.2184343,
        1753099885.2284813,
        1753099885.2384791,
        1753099885.2485807,
        1753099885.2586296,
        1753099885.268691,
        1753099885.278832,
        1753099885.2888882,
        1753099885.2989066,
        1753099885.3089228,
        1753099885.3190422,
        1753099885.329068,
        1753099885.3389935,
        1753099885.3491518,
        1753099885.3591716,
        1753099885.3692162,
        1753099885.3793314,
        1753099885.3893683,
        1753099885.3993905,
        1753099885.4094555,
        1753099885.4195583,
        1753099885.429639,
        1753099885.4396744,
        1753099885.4497523,
        1753099885.4597714,
        1753099885.4698107,
        1753099885.480029,
        1753099885.49023,
        1753099885.5001898,
        1753099885.5101132,
        1753099885.5201795,
        1753099885.5302036,
        1753099885.5403154,
        1753099885.5503461,
        1753099885.5604327,
        1753099885.570416,
        1753099885.5806558,
        1753099885.59062,
        1753099885.600701,
        1753099885.6111844,
        1753099885.6213408,
        1753099885.6309488,
        1753099885.6410284,
        1753099885.6511068,
        1753099885.6610575,
        1753099885.6710405,
        1753099885.6812053,
        1753099885.691178,
        1753099885.7012649,
        1753099885.711336,
        1753099885.7213497,
        1753099885.7314322,
        1753099885.7414825,
        1753099885.7516274,
        1753099885.761596,
        1753099885.7716737,
        1753099885.7817879,
        1753099885.7919374,
        1753099885.80188,
        1753099885.8120148,
        1753099885.8220477,
        1753099885.8320813,
        1753099885.8420527,
        1753099885.85213,
        1753099885.8621778,
        1753099885.872202,
        1753099885.8823786,
        1753099885.8924534,
        1753099885.9024208,
        1753099885.9124658,
        1753099885.92258,
        1753099885.9326336,
        1753099885.9426162,
        1753099885.9528067,
        1753099885.9627697,
        1753099885.9727871,
        1753099885.982906,
        1753099885.9929671,
        1753099886.0029747,
        1753099886.0130591,
        1753099886.0230856,
        1753099886.033128,
        1753099886.0431786,
        1753099886.053281,
        1753099886.0632827,
        1753099886.0733824,
        1753099886.083589,
        1753099886.0935004,
        1753099886.1035564,
        1753099886.1136684,
        1753099886.1236424,
        1753099886.1337097,
        1753099886.1437497,
        1753099886.153812,
        1753099886.1638608,
        1753099886.1739192,
        1753099886.184071,
        1753099886.194084,
        1753099886.204105,
        1753099886.214255,
        1753099886.2242749,
        1753099886.2343638,
        1753099886.2444065,
        1753099886.25447,
        1753099886.264529,
        1753099886.2745442,
        1753099886.2847571,
        1753099886.294715,
        1753099886.3047311,
        1753099886.314789,
        1753099886.3248181,
        1753099886.3349352,
        1753099886.3450289,
        1753099886.3554344,
        1753099886.365179,
        1753099886.3751922,
        1753099886.3853574,
        1753099886.395344,
        1753099886.4053388,
        1753099886.4154418,
        1753099886.4254508,
        1753099886.4355414,
        1753099886.4455633,
        1753099886.4556372,
        1753099886.4657388,
        1753099886.4757457,
        1753099886.4860508,
        1753099886.495995,
        1753099886.506069,
        1753099886.51613,
        1753099886.5260966,
        1753099886.5361693,
        1753099886.5461879,
        1753099886.5564048,
        1753099886.5664694,
        1753099886.5763876,
        1753099886.5865679,
        1753099886.596459,
        1753099886.6064482,
        1753099886.6165566,
        1753099886.626628,
        1753099886.6366525,
        1753099886.6467314,
        1753099886.6567967,
        1753099886.666859,
        1753099886.6769507,
        1753099886.6871095,
        1753099886.697119,
        1753099886.7071977,
        1753099886.7172644,
        1753099886.727295,
        1753099886.7372506,
        1753099886.747341,
        1753099886.757405,
        1753099886.7674577,
        1753099886.7774997,
        1753099886.7876139,
        1753099886.7976482,
        1753099886.8076444,
        1753099886.8177822,
        1753099886.8278413,
        1753099886.8378918,
        1753099886.8479588,
        1753099886.858096,
        1753099886.868119,
        1753099886.8780603,
        1753099886.8882332,
        1753099886.8982518,
        1753099886.908283,
        1753099886.918467,
        1753099886.9284348,
        1753099886.9383993,
        1753099886.948549,
        1753099886.958543,
        1753099886.9686232,
        1753099886.978682,
        1753099886.9887762,
        1753099886.9988532,
        1753099887.0088425,
        1753099887.0189884,
        1753099887.0290585,
        1753099887.0390704,
        1753099887.0491564,
        1753099887.059231,
        1753099887.0692358,
        1753099887.079297,
        1753099887.0894206,
        1753099887.0993972,
        1753099887.1096718,
        1753099887.1195364,
        1753099887.1295843,
        1753099887.1396096,
        1753099887.1497204,
        1753099887.159804,
        1753099887.1698253,
        1753099887.1799073,
        1753099887.1900215,
        1753099887.2001498,
        1753099887.2100725,
        1753099887.220112,
        1753099887.230182,
        1753099887.2401547,
        1753099887.2502584,
        1753099887.260317,
        1753099887.2703502,
        1753099887.280497,
        1753099887.290531,
        1753099887.3006094,
        1753099887.3106585,
        1753099887.3210824,
        1753099887.330826,
        1753099887.3408866,
        1753099887.3509617,
        1753099887.3609703,
        1753099887.3710816,
        1753099887.381101,
        1753099887.3911343,
        1753099887.4012032,
        1753099887.4112875,
        1753099887.421356,
        1753099887.4313755,
        1753099887.4413745,
        1753099887.4515474,
        1753099887.4615743,
        1753099887.471637,
        1753099887.4817636,
        1753099887.491916,
        1753099887.502104,
        1753099887.5119529,
        1753099887.522068,
        1753099887.5321157,
        1753099887.542213,
        1753099887.552276,
        1753099887.562191,
        1753099887.5722558,
        1753099887.582361,
        1753099887.5923727,
        1753099887.6024256,
        1753099887.612488,
        1753099887.6225398,
        1753099887.632576,
        1753099887.6426167,
        1753099887.652884,
        1753099887.6629663,
        1753099887.673083,
        1753099887.6831126,
        1753099887.693287,
        1753099887.7030785,
        1753099887.7131443,
        1753099887.723224,
        1753099887.7332876,
        1753099887.7433922,
        1753099887.7534559,
        1753099887.7634993,
        1753099887.7735994,
        1753099887.7836308,
        1753099887.7937424,
        1753099887.803744,
        1753099887.8138406,
        1753099887.8238955,
        1753099887.833969,
        1753099887.8439574,
        1753099887.8540938,
        1753099887.8640554,
        1753099887.874071,
        1753099887.884307,
        1753099887.8942795,
        1753099887.904337,
        1753099887.9143944,
        1753099887.9244084,
        1753099887.934545,
        1753099887.9445374,
        1753099887.9546082,
        1753099887.9651418,
        1753099887.9749477,
        1753099887.984874,
        1753099887.9949641,
        1753099888.004917,
        1753099888.0150166,
        1753099888.0251465,
        1753099888.0351055,
        1753099888.0451446,
        1753099888.055211,
        1753099888.065235,
        1753099888.075271,
        1753099888.0855916,
        1753099888.0955448,
        1753099888.105503,
        1753099888.1156654,
        1753099888.1257155,
        1753099888.135649,
        1753099888.146434,
        1753099888.1560256,
        1753099888.165886,
        1753099888.1759458,
        1753099888.186115,
        1753099888.1960585,
        1753099888.2061195,
        1753099888.2161381,
        1753099888.2263267,
        1753099888.2362523,
        1753099888.246337,
        1753099888.2564237,
        1753099888.2664602,
        1753099888.2765062,
        1753099888.2866201,
        1753099888.2967567,
        1753099888.3067465,
        1753099888.3169093,
        1753099888.3268878,
        1753099888.336905,
        1753099888.3470404,
        1753099888.3571525,
        1753099888.3670225,
        1753099888.3771996,
        1753099888.3871946,
        1753099888.397302,
        1753099888.407244,
        1753099888.4173963,
        1753099888.4274924,
        1753099888.4374797,
        1753099888.4477222,
        1753099888.457681,
        1753099888.4677413,
        1753099888.4777803,
        1753099888.4880245,
        1753099888.4982617,
        1753099888.508096,
        1753099888.5181353,
        1753099888.528159,
        1753099888.5383253,
        1753099888.5487359,
        1753099888.5590522,
        1753099888.5686922,
        1753099888.5788138,
        1753099888.5887985,
        1753099888.5988963,
        1753099888.6089022,
        1753099888.61898,
        1753099888.629087,
        1753099888.6390967,
        1753099888.6492138,
        1753099888.6592994,
        1753099888.669308,
        1753099888.6792989,
        1753099888.6894526,
        1753099888.699458,
        1753099888.7094412,
        1753099888.7195573,
        1753099888.729638,
        1753099888.7396493,
        1753099888.7497456,
        1753099888.7598064,
        1753099888.769839,
        1753099888.7799275,
        1753099888.7900186,
        1753099888.80018,
        1753099888.8100574,
        1753099888.8201737,
        1753099888.8302736,
        1753099888.840271,
        1753099888.8503675,
        1753099888.8603923,
        1753099888.8703902,
        1753099888.880503,
        1753099888.890562,
        1753099888.9006498,
        1753099888.9106767,
        1753099888.9208636,
        1753099888.9308877,
        1753099888.9408722,
        1753099888.9510183,
        1753099888.9610453,
        1753099888.9711163,
        1753099888.9811227,
        1753099888.991202,
        1753099889.0012448,
        1753099889.0114427,
        1753099889.0215144,
        1753099889.0313532,
        1753099889.041418,
        1753099889.051518,
        1753099889.0615852,
        1753099889.0716174,
        1753099889.0818527,
        1753099889.0917711,
        1753099889.1018896,
        1753099889.1121087,
        1753099889.1220224,
        1753099889.1320767,
        1753099889.1421885,
        1753099889.1523254,
        1753099889.1622572,
        1753099889.1722512,
        1753099889.1823204,
        1753099889.192464,
        1753099889.2024486,
        1753099889.212468,
        1753099889.222569,
        1753099889.232616,
        1753099889.2426722,
        1753099889.2527456,
        1753099889.2628114,
        1753099889.272857,
        1753099889.2829428,
        1753099889.2929807,
        1753099889.303021,
        1753099889.3132298,
        1753099889.3231735,
        1753099889.3332212,
        1753099889.3432944,
        1753099889.353394,
        1753099889.3634293,
        1753099889.3734195,
        1753099889.3835506,
        1753099889.3936484,
        1753099889.4036393,
        1753099889.4138343,
        1753099889.4240303,
        1753099889.4339762,
        1753099889.443945,
        1753099889.4539938,
        1753099889.4640288,
        1753099889.4740694,
        1753099889.48434,
        1753099889.4944217,
        1753099889.5043352,
        1753099889.5143669,
        1753099889.5244424,
        1753099889.5345058,
        1753099889.5445752,
        1753099889.5545583,
        1753099889.5646133,
        1753099889.5746686,
        1753099889.5847864,
        1753099889.5948286,
        1753099889.6048322,
        1753099889.6153224,
        1753099889.625387,
        1753099889.6353874,
        1753099889.6455028,
        1753099889.6555521,
        1753099889.6655712,
        1753099889.6756506,
        1753099889.6856663,
        1753099889.6958165,
        1753099889.705851,
        1753099889.7159233,
        1753099889.725959,
        1753099889.7360413,
        1753099889.7460172,
        1753099889.7561455,
        1753099889.766077,
        1753099889.776174,
        1753099889.7862325,
        1753099889.796315,
        1753099889.806343,
        1753099889.8163936
    ],
    "set_target_data": [
        {
            "head": [
                [
                    0.9945052422787113,
                    -0.015488360273035899,
                    0.10353469841658917,
                    -0.008440979534420514
                ],
                [
                    0.018947085103001415,
                    0.9992919070574409,
                    -0.03250680629656206,
                    0.004017377171939217
                ],
                [
                    -0.10295790910008347,
                    0.0342898700136823,
                    0.994094499415515,
                    0.013860947728275785
                ],
                [
                    0.0,
                    0.0,
                    0.0,
                    1.0
                ]
            ],
            "antennas": [
                0.08463419417828216,
                -0.045482530360809265
            ],
            "body_yaw": -0.018507052100066226,
            "check_collision": false
        },
        {
            "head": [
                [
                    0.9945085604806095,
                    -0.015493724340936535,
                    0.10350201754957716,
                    -0.008445064920638807
                ],
                [
                    0.018948950020915553,
                    0.999292623046572,
                    -0.032483700802202295,
                    0.0040280697607310316
                ],
                [
                    -0.1029255091019265,
                    0.03426657308149189,
                    0.9940986578531128,
                    0.013856283418159088
                ],
                [
                    0.0,
                    0.0,
                    0.0,
                    1.0
                ]
            ],
            "antennas": [
                0.08463419417828216,
                -0.045482530360809265
            ],
            "body_yaw": -0.018507052100066226,
            "check_collision": false
        },
        {
            "head": [
                [
                    0.9945219582371423,
                    -0.015307629717832734,
                    0.10340092386715638,
                    -0.008457332001436096
                ],
                [
                    0.018761016002741764,
                    0.9992953657415614,
                    -0.03250840331335511,
                    0.004038237080667258
                ],
                [
                    -0.10283043743320658,
                    0.03427022730973073,
                    0.9941083706806993,
                    0.013887539447459518
                ],
                [
                    0.0,
                    0.0,
                    0.0,
                    1.0
                ]
            ],
            "antennas": [
                0.08463419417828216,
                -0.045482530360809265
            ],
            "body_yaw": -0.018507052100066226,
            "check_collision": false
        },
        {
            "head": [
                [
                    0.9945195893631261,
                    -0.0152911742055234,
                    0.10342613965731903,
                    -0.008446125641814474
                ],
                [
                    0.01875065894171721,
                    0.9992938911445027,
                    -0.032559666929040165,
                    0.0040499185353314
                ],
                [
                    -0.10285523400513133,
                    0.03432053485444199,
                    0.9941040698664575,
                    0.013878452083278259
                ],
                [
                    0.0,
                    0.0,
                    0.0,
                    1.0
                ]
            ],
            "antennas": [
                0.08463419417828216,
                -0.045482530360809265
            ],
            "body_yaw": -0.018507052100066226,
            "check_collision": false
        },
        {
            "head": [
                [
                    0.9945021169879964,
                    -0.015247403386548064,
                    0.10360046330186837,
                    -0.008415568319273287
                ],
                [
                    0.01872950856140032,
                    0.9992889982695509,
                    -0.032721605194220335,
                    0.003985813515621341
                ],
                [
                    -0.10302788367933374,
                    0.03448209140127492,
                    0.9940806006341498,
                    0.013955956007415449
                ],
                [
                    0.0,
                    0.0,
                    0.0,
                    1.0
                ]
            ],
            "antennas": [
                0.08463419417828216,
                -0.045482530360809265
            ],
            "body_yaw": -0.018507052100066226,
            "check_collision": false
        },
        {
            "head": [
                [
                    0.994488563070308,
                    -0.015155319572538744,
                    0.10374398397501605,
                    -0.0083958641337213
                ],
                [
                    0.018639733506952836,
                    0.9992913862406124,
                    -0.03269993455811609,
                    0.003997030418394276
                ],
                [
                    -0.10317489160228832,
                    0.03445347114543786,
                    0.9940663459090076,
                    0.013947719312044582
                ],
                [
                    0.0,
                    0.0,
                    0.0,
                    1.0
                ]
            ],
            "antennas": [
                0.08463419417828216,
                -0.045482530360809265
            ],
            "body_yaw": -0.018507052100066226,
            "check_collision": false
        },
        {
            "head": [
                [
                    0.994478131360507,
                    -0.01507800959674903,
                    0.1038551870265265,
                    -0.008448855691249353
                ],
                [
                    0.018564427472969904,
                    0.999293258719952,
                    -0.03268554893925221,
                    0.00410609763371387
                ],
                [
                    -0.10328895525812669,
                    0.034433075718845615,
                    0.994055207228565,
                    0.013893437541124487
                ],
                [
                    0.0,
                    0.0,
                    0.0,
                    1.0
                ]
            ],
            "antennas": [
                0.08463419417828216,
                -0.045482530360809265
            ],
            "body_yaw": -0.018507052100066226,
            "check_collision": false
        },
        {
            "head": [
                [
                    0.9944613109035214,
                    -0.015109331835281074,
                    0.10401158208363553,
                    -0.008441023278274926
                ],
                [
                    0.01860813861199562,
                    0.9992903085126397,
                    -0.032750824266114836,
                    0.004116856032900522
                ],
                [
                    -0.10344292287752821,
                    0.03450488956951668,
                    0.9940367067177897,
                    0.013890682592800518
                ],
                [
                    0.0,
                    0.0,
                    0.0,
                    1.0
                ]
            ],
            "antennas": [
                0.08463419417828216,
                -0.045482530360809265
            ],
            "body_yaw": -0.018507052100066226,
            "check_collision": false
        },
        {
            "head": [
                [
                    0.9944659613891795,
                    -0.015110761829748647,
                    0.10396690105615039,
                    -0.00846962448017546
                ],
                [
                    0.018602971692759516,
                    0.9992919932333171,
                    -0.0327023195504893,
                    0.004139517199875554
                ],
                [
                    -0.10339913482468382,
                    0.034455436968765005,
                    0.9940429778338551,
                    0.013864849671921586
                ],
                [
                    0.0,
                    0.0,
                    0.0,
                    1.0
                ]
            ],
            "antennas": [
                0.08463419417828216,
                -0.045482530360809265
            ],
            "body_yaw": -0.018507052100066226,
            "check_collision": false
        },
        {
            "head": [
                [
                    0.9944742480523368,
                    -0.01510071960982337,
                    0.10388906693201445,
                    -0.008484032138771804
                ],
                [
                    0.01858876804452413,
                    0.9992926988405397,
                    -0.032688832138468925,
                    0.004150976245448564
                ],
                [
                    -0.10332196118602262,
                    0.0344393715281742,
                    0.9940515590377685,
                    0.013867195353662432
                ],
                [
                    0.0,
                    0.0,
                    0.0,
                    1.0
                ]
            ],
            "antennas": [
                0.08463419417828216,
                -0.045482530360809265
            ],
            "body_yaw": -0.018507052100066226,
            "check_collision": false
        },
        {
            "head": [
                [
                    0.994490252065436,
                    -0.015081365689250803,
                    0.10373857024160482,
                    -0.00852262987332872
                ],
                [
                    0.01857946669090428,
                    0.9992880116978546,
                    -0.03283706890740343,
                    0.004192643072092912
                ],
                [
                    -0.10316948174875584,
                    0.03458355224517966,
                    0.9940623903708448,
                    0.013754222397937554
                ],
                [
                    0.0,
                    0.0,
                    0.0,
                    1.0
                ]
            ],
            "antennas": [
                0.08463419417828216,
                -0.045482530360809265
            ],
            "body_yaw": -0.018507052100066226,
            "check_collision": false
        },
        {
            "head": [
                [
                    0.9945013774754494,
                    -0.015108402430735494,
                    0.10362792275938304,
                    -0.00853961208761077
                ],
                [
                    0.01860145563833324,
                    0.9992880177857303,
                    -0.03282443233326412,
                    0.004194307121814595
                ],
                [
                    -0.10305821678822524,
                    0.03457157337838213,
                    0.9940743484602016,
                    0.013737434033094631
                ],
                [
                    0.0,
                    0.0,
                    0.0,
                    1.0
                ]
            ],
            "antennas": [
                0.08463419417828216,
                -0.045482530360809265
            ],
            "body_yaw": -0.018507052100066226,
            "check_collision": false
        },
        {
            "head": [
                [
                    0.9944818318528561,
                    -0.015058200853836131,
                    0.10382262133867212,
                    -0.008519550595799574
                ],
                [
                    0.01856226068550092,
                    0.9992873400329338,
                    -0.03286722574461335,
                    0.004062754631399636
                ],
                [
                    -0.10325370982599741,
                    0.03461304142876492,
                    0.9940526187130234,
                    0.013724403828926701
                ],
                [
                    0.0,
                    0.0,
                    0.0,
                    1.0
                ]
            ],
            "antennas": [
                0.08463419417828216,
                -0.045482530360809265
            ],
            "body_yaw": -0.018507052100066226,
            "check_collision": false
        },
        {
            "head": [
                [
                    0.994472421551456,
                    -0.015036680887958741,
                    0.10391583614376335,
                    -0.008523029870225386
                ],
                [
                    0.018562155242794195,
                    0.9992815506866136,
                    -0.03304283356644574,
                    0.0040597885493778955
                ],
                [
                    -0.10334432333866328,
                    0.03478908859443031,
                    0.994037056727989,
                    0.013691350832735483
                ],
                [
                    0.0,
                    0.0,
                    0.0,
                    1.0
                ]
            ],
            "antennas": [
                0.08463419417828216,
                -0.045482530360809265
            ],
            "body_yaw": -0.018507052100066226,
            "check_collision": false
        },
        {
            "head": [
                [
                    0.9944599047894112,
                    -0.01496463615130483,
                    0.10404593904182276,
                    -0.008523111738543955
                ],
                [
                    0.01851109403031549,
                    0.9992771619288614,
                    -0.03320381070300854,
                    0.004109025904510362
                ],
                [
                    -0.10347384772992861,
                    0.03494586259143516,
                    0.9940180830969346,
                    0.013700976959829303
                ],
                [
                    0.0,
                    0.0,
                    0.0,
                    1.0
                ]
            ],
            "antennas": [
                0.08463419417828216,
                -0.045482530360809265
            ],
            "body_yaw": -0.018507052100066226,
            "check_collision": false
        },
        {
            "head": [
                [
                    0.9944611813821328,
                    -0.01480571115341124,
                    0.10405647332720089,
                    -0.008518019113197776
                ],
                [
                    0.01837718477862662,
                    0.9992714927579514,
                    -0.03344791235499873,
                    0.004117527803333224
                ],
                [
                    -0.10348544730378725,
                    0.035174915473064276,
                    0.9940087964992049,
                    0.0136805784353215
                ],
                [
                    0.0,
                    0.0,
                    0.0,
                    1.0
                ]
            ],
            "antennas": [
                0.08463419417828216,
                -0.045482530360809265
            ],
            "body_yaw": -0.018507052100066226,
            "check_collision": false
        },
        {
            "head": [
                [
                    0.9944566699324633,
                    -0.014694018636517283,
                    0.1041154044469182,
                    -0.00849035142837983
                ],
                [
                    0.01827576234757357,
                    0.9992705488792692,
                    -0.03353157695574426,
                    0.004158146814750257
                ],
                [
                    -0.10354674373175955,
                    0.03524848874538695,
                    0.9939998067925947,
                    0.01370384243997158
                ],
                [
                    0.0,
                    0.0,
                    0.0,
                    1.0
                ]
            ],
            "antennas": [
                0.08463419417828216,
                -0.045482530360809265
            ],
            "body_yaw": -0.018507052100066226,
            "check_collision": false
        },
        {
            "head": [
                [
                    0.9944548287190005,
                    -0.014624808938100933,
                    0.10414273186827362,
                    -0.008499732360161612
                ],
                [
                    0.01821271264313625,
                    0.9992699205318398,
                    -0.03358456518207097,
                    0.004250039295562762
                ],
                [
                    -0.1035755315489215,
                    0.035295054665126564,
                    0.9939951551091906,
                    0.013759238649504069
                ],
                [
                    0.0,
                    0.0,
                    0.0,
                    1.0
                ]
            ],
            "antennas": [
                0.08463419417828216,
                -0.045482530360809265
            ],
            "body_yaw": -0.018507052100066226,
            "check_collision": false
        },
        {
            "head": [
                [
                    0.9944768211609194,
                    -0.01446209527032134,
                    0.10395527872150154,
                    -0.008503804238483693
                ],
                [
                    0.01805036852914083,
                    0.9992703294716023,
                    -0.033659958907845476,
                    0.004266285008136468
                ],
                [
                    -0.10339263208582672,
                    0.03535048002655399,
                    0.9940122268826764,
                    0.013757994469404233
                ],
                [
                    0.0,
                    0.0,
                    0.0,
                    1.0
                ]
            ],
            "antennas": [
                0.08463419417828216,
                -0.045482530360809265
            ],
            "body_yaw": -0.018507052100066226,
            "check_collision": false
        },
        {
            "head": [
                [
                    0.9944939835566001,
                    -0.014345876628180229,
                    0.10380709269358102,
                    -0.008511600231181523
                ],
                [
                    0.01793971109252418,
                    0.9992686143606164,
                    -0.033769855192617874,
                    0.004282991827034857
                ],
                [
                    -0.10324671150037396,
                    0.035446187066913805,
                    0.994023985820652,
                    0.013753202618854266
                ],
                [
                    0.0,
                    0.0,
                    0.0,
                    1.0
                ]
            ],
            "antennas": [
                0.08463419417828216,
                -0.045482530360809265
            ],
            "body_yaw": -0.018507052100066226,
            "check_collision": false
        },
        {
            "head": [
                [
                    0.9945092474576357,
                    -0.014346662065741124,
                    0.10366064831371248,
                    -0.008529286864086527
                ],
                [
                    0.017952255698189513,
                    0.9992628356917153,
                    -0.03393378435570669,
                    0.004304455916343468
                ],
                [
                    -0.10309739684683887,
                    0.0356084048073514,
                    0.9940336856819701,
                    0.013799507394692878
                ],
                [
                    0.0,
                    0.0,
                    0.0,
                    1.0
                ]
            ],
            "antennas": [
                0.08463419417828216,
                -0.045482530360809265
            ],
            "body_yaw": -0.018507052100066226,
            "check_collision": false
        },
        {
            "head": [
                [
                    0.9945138137413665,
                    -0.014295976536163546,
                    0.10362383573521991,
                    -0.008534205670466252
                ],
                [
                    0.017905033004840455,
                    0.9992620343121907,
                    -0.03398229797052317,
                    0.004323347442336084
                ],
                [
                    -0.10306155476557663,
                    0.035651252953287776,
                    0.9940358666024895,
                    0.013801352365687969
                ],
                [
                    0.0,
                    0.0,
                    0.0,
                    1.0
                ]
            ],
            "antennas": [
                0.08463419417828216,
                -0.045482530360809265
            ],
            "body_yaw": -0.018507052100066226,
            "check_collision": false
        },
        {
            "head": [
                [
                    0.9945140247245126,
                    -0.01438923543323031,
                    0.1036089017888864,
                    -0.008522163888894861
                ],
                [
                    0.0180126833178235,
                    0.9992553379554401,
                    -0.0341220281819743,
                    0.004296369734682636
                ],
                [
                    -0.10304075827527592,
                    0.03580110991584919,
                    0.9940326366185619,
                    0.013862552774867143
                ],
                [
                    0.0,
                    0.0,
                    0.0,
                    1.0
                ]
            ],
            "antennas": [
                0.08463419417828216,
                -0.045482530360809265
            ],
            "body_yaw": -0.018507052100066226,
            "check_collision": false
        },
        {
            "head": [
                [
                    0.9945135903596468,
                    -0.014416822763286591,
                    0.10360923612968623,
                    -0.008515332769586523
                ],
                [
                    0.018066081910370332,
                    0.9992458875976505,
                    -0.03436964945401463,
                    0.004322491199399798
                ],
                [
                    -0.10303560197510803,
                    0.03605289642450437,
                    0.9940240708277801,
                    0.013864042889179529
                ],
                [
                    0.0,
                    0.0,
                    0.0,
                    1.0
                ]
            ],
            "antennas": [
                0.08463419417828216,
                -0.045482530360809265
            ],
            "body_yaw": -0.018507052100066226,
            "check_collision": false
        },
        {
            "head": [
                [
                    0.9945071880803084,
                    -0.014444902587152456,
                    0.10366676249331601,
                    -0.008517687521064285
                ],
                [
                    0.018097867483743733,
                    0.9992448229637474,
                    -0.0343838766384753,
                    0.004325446148508623
                ],
                [
                    -0.10309180398624697,
                    0.036071159801103043,
                    0.99401758102232,
                    0.013866690898032608
                ],
                [
                    0.0,
                    0.0,
                    0.0,
                    1.0
                ]
            ],
            "antennas": [
                0.08463419417828216,
                -0.045482530360809265
            ],
            "body_yaw": -0.018507052100066226,
            "check_collision": false
        },
        {
            "head": [
                [
                    0.9945038756428102,
                    -0.01441685582192456,
                    0.10370243777095932,
                    -0.00851382149993453
                ],
                [
                    0.018082457280916592,
                    0.9992412917890787,
                    -0.03449442741048124,
                    0.0043452393762776825
                ],
                [
                    -0.10312645669329319,
                    0.03618003664872346,
                    0.9940100295660921,
                    0.01386301897323805
                ],
                [
                    0.0,
                    0.0,
                    0.0,
                    1.0
                ]
            ],
            "antennas": [
                0.08463419417828216,
                -0.045482530360809265
            ],
            "body_yaw": -0.018507052100066226,
            "check_collision": false
        },
        {
            "head": [
                [
                    0.9944908412074247,
                    -0.01447764449602311,
