{
    "description": "TODO: Add a description of the recording. You can add as much as you want, even if the wording is not perfect.",
    "time": [
        1753100071.914192,
        1753100071.9242754,
        1753100071.9342139,
        1753100071.9441876,
        1753100071.954335,
        1753100071.9643247,
        1753100071.9743438,
        1753100071.9845452,
        1753100071.9945037,
        1753100072.0045466,
        1753100072.0146403,
        1753100072.0246584,
        1753100072.0347126,
        1753100072.044786,
        1753100072.054927,
        1753100072.0649183,
        1753100072.0749872,
        1753100072.085115,
        1753100072.0951042,
        1753100072.105201,
        1753100072.1152122,
        1753100072.1252677,
        1753100072.1353137,
        1753100072.1453717,
        1753100072.155408,
        1753100072.1654239,
        1753100072.175503,
        1753100072.1856377,
        1753100072.1956336,
        1753100072.2057285,
        1753100072.2157788,
        1753100072.2259197,
        1753100072.2359211,
        1753100072.2459316,
        1753100072.2561214,
        1753100072.2661378,
        1753100072.2761047,
        1753100072.2863371,
        1753100072.2962086,
        1753100072.3062942,
        1753100072.3164132,
        1753100072.3263998,
        1753100072.3364885,
        1753100072.3465116,
        1753100072.3566,
        1753100072.3667605,
        1753100072.3767426,
        1753100072.3869584,
        1753100072.3968437,
        1753100072.40724,
        1753100072.4170544,
        1753100072.4271002,
        1753100072.4371092,
        1753100072.447134,
        1753100072.4572122,
        1753100072.4672618,
        1753100072.477277,
        1753100072.4875393,
        1753100072.4976325,
        1753100072.5075605,
        1753100072.5175812,
        1753100072.5276098,
        1753100072.537671,
        1753100072.5477524,
        1753100072.5583024,
        1753100072.56791,
        1753100072.578013,
        1753100072.5880535,
        1753100072.5980985,
        1753100072.6080298,
        1753100072.618184,
        1753100072.6281605,
        1753100072.638258,
        1753100072.6483335,
        1753100072.6583312,
        1753100072.6684191,
        1753100072.678435,
        1753100072.6886208,
        1753100072.6986375,
        1753100072.7086618,
        1753100072.718965,
        1753100072.7288291,
        1753100072.739076,
        1753100072.748978,
        1753100072.759237,
        1753100072.7690802,
        1753100072.7790482,
        1753100072.7891643,
        1753100072.7991762,
        1753100072.809249,
        1753100072.8193734,
        1753100072.8301358,
        1753100072.839581,
        1753100072.849562,
        1753100072.8596056,
        1753100072.869703,
        1753100072.879721,
        1753100072.8900585,
        1753100072.9000502,
        1753100072.9100816,
        1753100072.9201932,
        1753100072.9301813,
        1753100072.9401584,
        1753100072.9502792,
        1753100072.9602773,
        1753100072.970317,
        1753100072.9804246,
        1753100072.9904935,
        1753100073.000468,
        1753100073.0105078,
        1753100073.020584,
        1753100073.0306113,
        1753100073.0406597,
        1753100073.0507884,
        1753100073.0608191,
        1753100073.0709171,
        1753100073.0809693,
        1753100073.0913346,
        1753100073.1010404,
        1753100073.1112115,
        1753100073.1215303,
        1753100073.1313024,
        1753100073.1413057,
        1753100073.1513355,
        1753100073.1616614,
        1753100073.1714644,
        1753100073.1815116,
        1753100073.1915698,
        1753100073.2016327,
        1753100073.2117348,
        1753100073.2217853,
        1753100073.2317894,
        1753100073.2418447,
        1753100073.2519817,
        1753100073.2619724,
        1753100073.2720764,
        1753100073.2820723,
        1753100073.2921855,
        1753100073.3022745,
        1753100073.3124201,
        1753100073.3223922,
        1753100073.3323805,
        1753100073.3423986,
        1753100073.3525505,
        1753100073.3625567,
        1753100073.3726623,
        1753100073.3827357,
        1753100073.3928785,
        1753100073.4028318,
        1753100073.4129307,
        1753100073.4230702,
        1753100073.4330518,
        1753100073.4431314,
        1753100073.4531326,
        1753100073.463113,
        1753100073.4732244,
        1753100073.483399,
        1753100073.4934819,
        1753100073.5035634,
        1753100073.5135365,
        1753100073.5237262,
        1753100073.5336094,
        1753100073.5438848,
        1753100073.5538235,
        1753100073.5638099,
        1753100073.5738049,
        1753100073.5838995,
        1753100073.5939739,
        1753100073.6040282,
        1753100073.6141405,
        1753100073.6241274,
        1753100073.634252,
        1753100073.644313,
        1753100073.6543496,
        1753100073.6643581,
        1753100073.6744237,
        1753100073.6845415,
        1753100073.6945372,
        1753100073.7046726,
        1753100073.7147987,
        1753100073.7248087,
        1753100073.7348006,
        1753100073.7448661,
        1753100073.7549305,
        1753100073.764964,
        1753100073.7750273,
        1753100073.785089,
        1753100073.7950954,
        1753100073.8051314,
        1753100073.8152733,
        1753100073.82596,
        1753100073.8354998,
        1753100073.8454368,
        1753100073.8555334,
        1753100073.865587,
        1753100073.875646,
        1753100073.8859444,
        1753100073.895834,
        1753100073.9058259,
        1753100073.9159486,
        1753100073.925943,
        1753100073.93602,
        1753100073.9460251,
        1753100073.9561028,
        1753100073.9661121,
        1753100073.9761398,
        1753100073.9864264,
        1753100073.996444,
        1753100074.0063636,
        1753100074.0164783,
        1753100074.0264983,
        1753100074.036649,
        1753100074.0466495,
        1753100074.0568373,
        1753100074.066771,
        1753100074.076815,
        1753100074.0869453,
        1753100074.0969813,
        1753100074.1071057,
        1753100074.1171885,
        1753100074.1271644,
        1753100074.1372101,
        1753100074.1473053,
        1753100074.1572995,
        1753100074.1673856,
        1753100074.1773803,
        1753100074.1876526,
        1753100074.197572,
        1753100074.2076237,
        1753100074.2178135,
        1753100074.2278302,
        1753100074.2377954,
        1753100074.2478855,
        1753100074.2579331,
        1753100074.2679694,
        1753100074.2780094,
        1753100074.2881236,
        1753100074.298179,
        1753100074.3081782,
        1753100074.3183007,
        1753100074.3282778,
        1753100074.3384004,
        1753100074.3484702,
        1753100074.35859,
        1753100074.3685782,
        1753100074.378831,
        1753100074.389005,
        1753100074.3987734,
        1753100074.4087775,
        1753100074.4189448,
        1753100074.4288986,
        1753100074.4389932,
        1753100074.4490201,
        1753100074.459141,
        1753100074.46918,
        1753100074.4793365,
        1753100074.4894047,
        1753100074.499395,
        1753100074.5094454,
        1753100074.519587,
        1753100074.5301466,
        1753100074.53999,
        1753100074.5497053,
        1753100074.5600314,
        1753100074.5700681,
        1753100074.5798542,
        1753100074.5899851,
        1753100074.5999258,
        1753100074.6099522,
        1753100074.6201499,
        1753100074.630016,
        1753100074.640063,
        1753100074.6501384,
        1753100074.660234,
        1753100074.6703043,
        1753100074.6803348,
        1753100074.690467,
        1753100074.700469,
        1753100074.7105906,
        1753100074.7207437,
        1753100074.730627,
        1753100074.7406654,
        1753100074.7508404,
        1753100074.760823,
        1753100074.7708943,
        1753100074.7809834,
        1753100074.791042,
        1753100074.801096,
        1753100074.8111937,
        1753100074.8212893,
        1753100074.8312943,
        1753100074.8413951,
        1753100074.851448,
        1753100074.8615053,
        1753100074.8715312,
        1753100074.8815758,
        1753100074.8917484,
        1753100074.9018147,
        1753100074.9117265,
        1753100074.921899,
        1753100074.9319422,
        1753100074.9419138,
        1753100074.952018,
        1753100074.9620433,
        1753100074.9721305,
        1753100074.9822836,
        1753100074.992361,
        1753100075.0023394,
        1753100075.0123496,
        1753100075.022579,
        1753100075.0325212,
        1753100075.0425758,
        1753100075.0527651,
        1753100075.0626683,
        1753100075.072738,
        1753100075.0828645,
        1753100075.0928667,
        1753100075.1029062,
        1753100075.1129704,
        1753100075.1230974,
        1753100075.133038,
        1753100075.1432993,
        1753100075.1533794,
        1753100075.1631858,
        1753100075.1732588,
        1753100075.1833758,
        1753100075.1933973,
        1753100075.2034643,
        1753100075.2135117,
        1753100075.2236793,
        1753100075.2336311,
        1753100075.2439466,
        1753100075.253912,
        1753100075.263871,
        1753100075.273988,
        1753100075.2840579,
        1753100075.2942338,
        1753100075.3041265,
        1753100075.3141766,
        1753100075.3242757,
        1753100075.3342984,
        1753100075.3442917,
        1753100075.3543825,
        1753100075.3644497,
        1753100075.3745291,
        1753100075.3846815,
        1753100075.394653,
        1753100075.4047976,
        1753100075.414787,
        1753100075.4248762,
        1753100075.4348905,
        1753100075.4449794,
        1753100075.4550676,
        1753100075.4651403,
        1753100075.4750297,
        1753100075.4852781,
        1753100075.4953275,
        1753100075.5053043,
        1753100075.5155618,
        1753100075.5254264,
        1753100075.535657,
        1753100075.546161,
        1753100075.55564,
        1753100075.5656796,
        1753100075.5757248,
        1753100075.5858047,
        1753100075.5958517,
        1753100075.6058922,
        1753100075.6160264,
        1753100075.6264374,
        1753100075.6361077,
        1753100075.6461732,
        1753100075.65642,
        1753100075.6662579,
        1753100075.676263,
        1753100075.6864235,
        1753100075.6964257,
        1753100075.7064424,
        1753100075.7166042,
        1753100075.7265596,
        1753100075.736644,
        1753100075.7467246,
        1753100075.7567942,
        1753100075.7668219,
        1753100075.776864,
        1753100075.7870705,
        1753100075.7970314,
        1753100075.8071103,
        1753100075.8172207,
        1753100075.8271368,
        1753100075.8371978,
        1753100075.8473008,
        1753100075.8573337,
        1753100075.8674111,
        1753100075.8774562,
        1753100075.887654,
        1753100075.8975916,
        1753100075.907635,
        1753100075.917837,
        1753100075.9278116,
        1753100075.9379737,
        1753100075.947868,
        1753100075.9580042,
        1753100075.9680407,
        1753100075.978058,
        1753100075.9882476,
        1753100075.9981773,
        1753100076.0082023,
        1753100076.0183883,
        1753100076.0283866,
        1753100076.0383632,
        1753100076.0484998,
        1753100076.0585592,
        1753100076.068604,
        1753100076.0786648,
        1753100076.0888615,
        1753100076.0987735,
        1753100076.108863,
        1753100076.1190646,
        1753100076.1289718,
        1753100076.1389954,
        1753100076.1491718,
        1753100076.1591244,
        1753100076.1691973,
        1753100076.179221,
        1753100076.18935,
        1753100076.1993577,
        1753100076.2094038,
        1753100076.219616,
        1753100076.2295532,
        1753100076.239888,
        1753100076.2497456,
        1753100076.2598324,
        1753100076.269896,
        1753100076.2799015,
        1753100076.2899902,
        1753100076.2999918,
        1753100076.3100798,
        1753100076.3201904,
        1753100076.3301532,
        1753100076.3402023,
        1753100076.3503022,
        1753100076.3603144,
        1753100076.370426,
        1753100076.3804698,
        1753100076.3906162,
        1753100076.4005592,
        1753100076.4107702,
        1753100076.420919,
        1753100076.4306965,
        1753100076.4408588,
        1753100076.450884,
        1753100076.4609306,
        1753100076.470954,
        1753100076.481096
    ],
    "set_target_data": [
        {
            "head": [
                [
                    0.9972383049420236,
                    -0.03362790303672688,
                    -0.06621878354146984,
                    -0.00355744775972623
                ],
                [
                    0.028157457497194477,
                    0.9962444550505486,
                    -0.08187883345730537,
                    0.002095184366838713
                ],
                [
                    0.06872350939564442,
                    0.0797881565045086,
                    0.9944400079129755,
                    0.0056528324168901856
                ],
                [
                    0.0,
                    0.0,
                    0.0,
                    1.0
                ]
            ],
            "antennas": [
                0.12634355790666715,
                -0.12809698316837534
            ],
            "body_yaw": -0.16185457398755818,
            "check_collision": false
        },
        {
            "head": [
                [
                    0.9972318993006271,
                    -0.03364190225654395,
                    -0.0663080796722785,
                    -0.003567692685803493
                ],
                [
                    0.028167039860349453,
                    0.9962474548191388,
                    -0.0818390287814668,
                    0.002064089412262613
                ],
                [
                    0.06881247621448872,
                    0.07974478778546852,
                    0.9944373343445434,
                    0.00563472439959628
                ],
                [
                    0.0,
                    0.0,
                    0.0,
                    1.0
                ]
            ],
            "antennas": [
                0.12634355790666715,
                -0.12809698316837534
            ],
            "body_yaw": -0.16185457398755818,
            "check_collision": false
        },
        {
            "head": [
                [
                    0.9972363517854348,
                    -0.03355746826194005,
                    -0.06628389700014281,
                    -0.003509953786234074
                ],
                [
                    0.028090203618423935,
                    0.9962562446772003,
                    -0.08175839652511602,
                    0.0020452556203778734
                ],
                [
                    0.06877935110447131,
                    0.07967051691517701,
                    0.9944455790017454,
                    0.005564330212420865
                ],
                [
                    0.0,
                    0.0,
                    0.0,
                    1.0
                ]
            ],
            "antennas": [
                0.12634355790666715,
                -0.12809698316837534
            ],
            "body_yaw": -0.16185457398755818,
            "check_collision": false
        },
        {
            "head": [
                [
                    0.9972377661638994,
                    -0.033645694064941126,
                    -0.06621786018382347,
                    -0.0035102488566912306
                ],
                [
                    0.028181257409887226,
                    0.9962508576798106,
                    -0.0817926971253514,
                    0.0020247855426838756
                ],
                [
                    0.06872157206608187,
                    0.07970066400683357,
                    0.9944471578166615,
                    0.005536840221990302
                ],
                [
                    0.0,
                    0.0,
                    0.0,
                    1.0
                ]
            ],
            "antennas": [
                0.12634355790666715,
                -0.12809698316837534
            ],
            "body_yaw": -0.16185457398755818,
            "check_collision": false
        },
        {
            "head": [
                [
                    0.9972340122801384,
                    -0.033749188247650184,
                    -0.06622172637648178,
                    -0.0034866343053679763
                ],
                [
                    0.028278540015203798,
                    0.996241208565324,
                    -0.08187660551654102,
                    0.0021993971327379904
                ],
                [
                    0.06873608169124475,
                    0.07977748209192509,
                    0.994439995386754,
                    0.005504385084598384
                ],
                [
                    0.0,
                    0.0,
                    0.0,
                    1.0
                ]
            ],
            "antennas": [
                0.12634355790666715,
                -0.12809698316837534
            ],
            "body_yaw": -0.16185457398755818,
            "check_collision": false
        },
        {
            "head": [
                [
                    0.9972296845207191,
                    -0.03385991917118011,
                    -0.06623037206922738,
                    -0.003494539178319902
                ],
                [
                    0.028387554975264018,
                    0.9962370228808394,
                    -0.08188980989139251,
                    0.0022019693853083284
                ],
                [
                    0.06875393103840324,
                    0.07978283095530762,
                    0.9944383323522497,
                    0.005491669976393443
                ],
                [
                    0.0,
                    0.0,
                    0.0,
                    1.0
                ]
            ],
            "antennas": [
                0.12634355790666715,
                -0.12809698316837534
            ],
            "body_yaw": -0.16185457398755818,
            "check_collision": false
        },
        {
            "head": [
                [
                    0.9972299633040757,
                    -0.034010994934001997,
                    -0.06614871512093648,
                    -0.003581933447822311
                ],
                [
                    0.028560175594951963,
                    0.9962500975446689,
                    -0.08167043230094319,
                    0.0022320700682141505
                ],
                [
                    0.06867835655093263,
                    0.0795549832872632,
                    0.9944618082036263,
                    0.005657992088910324
                ],
                [
                    0.0,
                    0.0,
                    0.0,
                    1.0
                ]
            ],
            "antennas": [
                0.12634355790666715,
                -0.12809698316837534
            ],
            "body_yaw": -0.16185457398755818,
            "check_collision": false
        },
        {
            "head": [
                [
                    0.9972256571632602,
                    -0.0340896090712497,
                    -0.06617316109022572,
                    -0.0036041663282529897
                ],
                [
                    0.028639895565617586,
                    0.996251529611905,
                    -0.08162503370859932,
                    0.002247420125799534
                ],
                [
                    0.0687076784449461,
                    0.07950338545816037,
                    0.9944639091608085,
                    0.005666587277531554
                ],
                [
                    0.0,
                    0.0,
                    0.0,
                    1.0
                ]
            ],
            "antennas": [
                0.12634355790666715,
                -0.12809698316837534
            ],
            "body_yaw": -0.16185457398755818,
            "check_collision": false
        },
        {
            "head": [
                [
                    0.9972244323780649,
                    -0.034201359970446404,
                    -0.06613394320935499,
                    -0.003655304786219591
                ],
                [
                    0.028757144212351815,
                    0.9962510877013864,
                    -0.08158919604061848,
                    0.002341246574211855
                ],
                [
                    0.06867647431978614,
                    0.07946091636758551,
                    0.9944694588799735,
                    0.005701157974006443
                ],
                [
                    0.0,
                    0.0,
                    0.0,
                    1.0
                ]
            ],
            "antennas": [
                0.12634355790666715,
                -0.12809698316837534
            ],
            "body_yaw": -0.16185457398755818,
            "check_collision": false
        },
        {
            "head": [
                [
                    0.9972248235292163,
                    -0.03422213513181884,
                    -0.06611729580179757,
                    -0.0036804890732394027
                ],
                [
                    0.028786564569177407,
                    0.9962589349529282,
                    -0.08148293211931731,
                    0.0023513583046878457
                ],
                [
                    0.06865846661139066,
                    0.07935351279859149,
                    0.9944792783005062,
                    0.005705333323816564
                ],
                [
                    0.0,
                    0.0,
                    0.0,
                    1.0
                ]
            ],
            "antennas": [
                0.12634355790666715,
                -0.12809698316837534
            ],
            "body_yaw": -0.16185457398755818,
            "check_collision": false
        },
        {
            "head": [
                [
                    0.9972229877978505,
                    -0.03422349636525407,
                    -0.06614427340341393,
                    -0.003691102657008378
                ],
                [
                    0.02879690954545989,
                    0.996271810175287,
                    -0.08132169606376607,
                    0.0023889267699189805
                ],
                [
                    0.06868078776600288,
                    0.07919111406334922,
                    0.9944906821309322,
                    0.005688187858424454
                ],
                [
                    0.0,
                    0.0,
                    0.0,
                    1.0
                ]
            ],
            "antennas": [
                0.12634355790666715,
                -0.12809698316837534
            ],
            "body_yaw": -0.16185457398755818,
            "check_collision": false
        },
        {
            "head": [
                [
                    0.9972206967547764,
                    -0.034222188700937524,
                    -0.06617948144580911,
                    -0.003710775718282813
                ],
                [
                    0.028803463987206214,
                    0.9962842042691906,
                    -0.08116738745360633,
                    0.002395838138152158
                ],
                [
                    0.06871129766098501,
                    0.07903560035973384,
                    0.9945009459269109,
                    0.005692129010725633
                ],
                [
                    0.0,
                    0.0,
                    0.0,
                    1.0
                ]
            ],
            "antennas": [
                0.12634355790666715,
                -0.12809698316837534
            ],
            "body_yaw": -0.16185457398755818,
            "check_collision": false
        },
        {
            "head": [
                [
                    0.9972283943036304,
                    -0.03424237628037402,
                    -0.0660529277267624,
                    -0.0036883204689351027
                ],
                [
                    0.02884061867787589,
                    0.9962913204699939,
                    -0.08106678401437799,
                    0.0023391138350992496
                ],
                [
                    0.06858387790786531,
                    0.07893709155289251,
                    0.994517565087862,
                    0.005683895117814641
                ],
                [
                    0.0,
                    0.0,
                    0.0,
                    1.0
                ]
            ],
            "antennas": [
                0.12634355790666715,
                -0.12809698316837534
            ],
            "body_yaw": -0.16185457398755818,
            "check_collision": false
        },
        {
            "head": [
                [
                    0.9972293770131002,
                    -0.0342829751352752,
                    -0.06601702233468036,
                    -0.003706265703379945
                ],
                [
                    0.028891343996637463,
                    0.9962984833906622,
                    -0.0809606215115336,
                    0.0023449663514345754
                ],
                [
                    0.06854823020422586,
                    0.07882898965063512,
                    0.9945285971386283,
                    0.0056910634165952545
                ],
                [
                    0.0,
                    0.0,
                    0.0,
                    1.0
                ]
            ],
            "antennas": [
                0.12634355790666715,
                -0.12809698316837534
            ],
            "body_yaw": -0.16185457398755818,
            "check_collision": false
        },
        {
            "head": [
                [
                    0.9972269570186565,
                    -0.034364891231032424,
                    -0.06601098731264313,
                    -0.0036898467114550495
                ],
                [
                    0.02898285409465455,
                    0.9963066546937989,
                    -0.08082724776570949,
                    0.0023068278640041833
                ],
                [
                    0.0685448055204666,
                    0.07868992351966506,
                    0.9945398461462621,
                    0.005682851702274561
                ],
                [
                    0.0,
                    0.0,
                    0.0,
                    1.0
                ]
            ],
            "antennas": [
                0.12634355790666715,
                -0.12809698316837534
            ],
            "body_yaw": -0.16185457398755818,
            "check_collision": false
        },
        {
            "head": [
                [
                    0.9972118914843233,
                    -0.03456494678311693,
                    -0.06613401497065162,
                    -0.0037066450867396118
                ],
                [
                    0.029179739230842796,
                    0.9963088178296485,
                    -0.08072968681537289,
                    0.0023212070444664683
                ],
                [
                    0.06868031960232925,
                    0.07857483037696276,
                    0.9945395968640732,
                    0.005688851625877012
                ],
                [
                    0.0,
                    0.0,
                    0.0,
                    1.0
                ]
            ],
            "antennas": [
                0.12634355790666715,
                -0.12809698316837534
            ],
            "body_yaw": -0.16185457398755818,
            "check_collision": false
        },
        {
            "head": [
                [
                    0.9972007788506643,
                    -0.03477940983606799,
                    -0.06618911776934028,
                    -0.0036799672774782133
                ],
                [
                    0.0293955111436585,
                    0.9963093303648525,
                    -0.08064503799083088,
                    0.0023085937565834568
                ],
                [
                    0.06874962242974014,
                    0.07847363174592038,
                    0.9945427987454205,
                    0.0056470899488396675
                ],
                [
                    0.0,
                    0.0,
                    0.0,
                    1.0
                ]
            ],
            "antennas": [
                0.12634355790666715,
                -0.12809698316837534
            ],
            "body_yaw": -0.16185457398755818,
            "check_collision": false
        },
        {
            "head": [
                [
                    0.9971960212308748,
                    -0.0348076832314537,
                    -0.06624590877458882,
                    -0.003689460478255722
                ],
                [
                    0.02943708553023405,
                    0.9963288994516513,
                    -0.08038769876633285,
                    0.002311442024064832
                ],
                [
                    0.06880082293692462,
                    0.07821220688306758,
                    0.9945598511189166,
                    0.00563786924792975
                ],
                [
                    0.0,
                    0.0,
                    0.0,
                    1.0
                ]
            ],
            "antennas": [
                0.12634355790666715,
                -0.12809698316837534
            ],
            "body_yaw": -0.16185457398755818,
            "check_collision": false
        },
        {
            "head": [
                [
                    0.9971990151716369,
                    -0.0348701522011135,
                    -0.06616794258694057,
                    -0.0036590746725452938
                ],
                [
                    0.02952897815836048,
                    0.9963533906039822,
                    -0.08004973754405212,
                    0.002300796347871288
                ],
                [
                    0.06871800047760816,
                    0.07787164771224336,
                    0.9945922998359377,
                    0.005556912963205374
                ],
                [
                    0.0,
                    0.0,
                    0.0,
                    1.0
                ]
            ],
            "antennas": [
                0.12634355790666715,
                -0.12809698316837534
            ],
            "body_yaw": -0.16185457398755818,
            "check_collision": false
        },
        {
            "head": [
                [
                    0.9972042034738734,
                    -0.034952470769901114,
                    -0.06604620625832072,
                    -0.0036585873427041737
                ],
                [
                    0.029635271825015366,
                    0.9963671286919579,
                    -0.07983918540416496,
                    0.002287309161316476
                ],
                [
                    0.06859684568473165,
                    0.07765867401148685,
                    0.9946173149070362,
                    0.0055279305090792374
                ],
                [
                    0.0,
                    0.0,
                    0.0,
                    1.0
                ]
            ],
            "antennas": [
                0.12634355790666715,
                -0.12809698316837534
            ],
            "body_yaw": -0.16185457398755818,
            "check_collision": false
        },
        {
            "head": [
                [
                    0.9972111455772754,
                    -0.03495624253795691,
                    -0.06593930727635955,
                    -0.0036952528262775303
                ],
                [
                    0.02965192009081605,
                    0.9963719143067509,
                    -0.07977325376107752,
                    0.002122943266413888
                ],
                [
                    0.06848864702552163,
                    0.0775955506993084,
                    0.9946296977972683,
                    0.005607691308072371
                ],
                [
                    0.0,
                    0.0,
                    0.0,
                    1.0
                ]
            ],
            "antennas": [
                0.12634355790666715,
                -0.12809698316837534
            ],
            "body_yaw": -0.16185457398755818,
            "check_collision": false
        },
        {
            "head": [
                [
                    0.9972214991432196,
                    -0.03488374827298737,
                    -0.06582101300479062,
                    -0.00369794232084332
                ],
                [
                    0.029608823656452322,
                    0.9963965853537579,
                    -0.07948057786058815,
                    0.0021052748162783616
                ],
                [
                    0.068356413073179,
                    0.0773108582399572,
                    0.9946609633387502,
                    0.005582109794346146
                ],
                [
                    0.0,
                    0.0,
                    0.0,
                    1.0
                ]
            ],
            "antennas": [
                0.12634355790666715,
                -0.12809698316837534
            ],
            "body_yaw": -0.16185457398755818,
            "check_collision": false
        },
        {
            "head": [
                [
                    0.9972260502256733,
                    -0.034954434835225916,
                    -0.06571447509227517,
                    -0.0038063579578713445
                ],
                [
                    0.029691672214839253,
                    0.9963987064737795,
                    -0.07942305923638324,
                    0.0021464313526241615
                ],
                [
                    0.06825400612703882,
                    0.07725157100492808,
                    0.9946726021283995,
                    0.005671852827437707
                ],
                [
                    0.0,
                    0.0,
                    0.0,
                    1.0
                ]
            ],
            "antennas": [
                0.12634355790666715,
                -0.12809698316837534
            ],
            "body_yaw": -0.16185457398755818,
            "check_collision": false
        },
        {
            "head": [
                [
                    0.9972373163567098,
                    -0.034866151662539854,
                    -0.0655902914607967,
                    -0.003823389957461832
                ],
                [
                    0.02963763870246293,
                    0.9964288125717947,
                    -0.07906473201690828,
                    0.0021416322177481998
                ],
                [
                    0.06811273917417918,
                    0.07690235981429971,
                    0.9947093453955191,
                    0.005664365164346652
                ],
                [
                    0.0,
                    0.0,
                    0.0,
                    1.0
                ]
            ],
            "antennas": [
                0.12634355790666715,
                -0.12809698316837534
            ],
            "body_yaw": -0.16185457398755818,
            "check_collision": false
        },
        {
            "head": [
                [
                    0.9972510009262181,
                    -0.03496121584935481,
                    -0.06533111462381955,
                    -0.003817891522923096
                ],
                [
                    0.029757615057617287,
                    0.9964310138388598,
                    -0.07899189202788133,
                    0.0023040878820306566
                ],
                [
                    0.06785960136737096,
                    0.07683064522959972,
                    0.9947321883079208,
                    0.005633830540802021
                ],
                [
                    0.0,
                    0.0,
                    0.0,
                    1.0
                ]
            ],
            "antennas": [
                0.12634355790666715,
                -0.12809698316837534
            ],
            "body_yaw": -0.16185457398755818,
            "check_collision": false
        },
        {
            "head": [
                [
                    0.9972716789208997,
                    -0.034984943445181514,
                    -0.06500193962050088,
                    -0.00383250750334356
                ],
                [
                    0.029828752090143983,
                    0.9964545541853772,
                    -0.07866744556654796,
                    0.002295935186408987
                ],
                [
                    0.0675236548998536,
                    0.07651388877425135,
                    0.9947794634257419,
                    0.005625980416879117
                ],
                [
                    0.0,
                    0.0,
                    0.0,
                    1.0
                ]
            ],
            "antennas": [
                0.12634355790666715,
                -0.12809698316837534
            ],
            "body_yaw": -0.16185457398755818,
            "check_collision": false
        },
        {
            "head": [
                [
                    0.9972785868127199,
                    -0.03490193476709862,
                    -0.06494055154014183,
                    -0.003866095074343637
                ],
                [
                    0.029774083015355828,
                    0.9964835526370608,
                    -0.07832006961448122,
                    0.002174061003528768
                ],
                [
                    0.06744571346956993,
                    0.07617338297158448,
                    0.9948108822591585,
                    0.005764598343567906
                ],
                [
                    0.0,
                    0.0,
                    0.0,
                    1.0
                ]
            ],
            "antennas": [
                0.12634355790666715,
                -0.12809698316837534
            ],
            "body_yaw": -0.16185457398755818,
            "check_collision": false
        },
        {
            "head": [
                [
                    0.9972740578215313,
                    -0.03490042612635544,
                    -0.06501087487778898,
                    -0.0038855132115474915
                ],
                [
                    0.029787209699875666,
