{
    "description": "TODO: Add a description of the recording. You can add as much as you want, even if the wording is not perfect.",
    "time": [
        1753109073.9572217,
        1753109073.9672272,
        1753109073.977312,
        1753109073.987303,
        1753109073.9973145,
        1753109074.007236,
        1753109074.0174096,
        1753109074.0274725,
        1753109074.0375059,
        1753109074.0475605,
        1753109074.0576205,
        1753109074.0678077,
        1753109074.077712,
        1753109074.0878224,
        1753109074.0978274,
        1753109074.108012,
        1753109074.1179826,
        1753109074.1280336,
        1753109074.1380424,
        1753109074.1481645,
        1753109074.1582124,
        1753109074.1682749,
        1753109074.1783874,
        1753109074.1883576,
        1753109074.198442,
        1753109074.2084956,
        1753109074.2186103,
        1753109074.2287002,
        1753109074.2387323,
        1753109074.248808,
        1753109074.258894,
        1753109074.268937,
        1753109074.2789328,
        1753109074.2890368,
        1753109074.299145,
        1753109074.3090582,
        1753109074.3191514,
        1753109074.3292294,
        1753109074.339217,
        1753109074.3493035,
        1753109074.359426,
        1753109074.369669,
        1753109074.379649,
        1753109074.3895946,
        1753109074.399812,
        1753109074.4098022,
        1753109074.4198508,
        1753109074.4299057,
        1753109074.4399273,
        1753109074.450074,
        1753109074.460072,
        1753109074.4700627,
        1753109074.4802437,
        1753109074.490306,
        1753109074.5002882,
        1753109074.5104048,
        1753109074.5203965,
        1753109074.5305324,
        1753109074.5405273,
        1753109074.55063,
        1753109074.5606935,
        1753109074.5707216,
        1753109074.5809507,
        1753109074.5908544,
        1753109074.6009123,
        1753109074.6109881,
        1753109074.621022,
        1753109074.6310577,
        1753109074.6410615,
        1753109074.6512108,
        1753109074.6611738,
        1753109074.6712136,
        1753109074.6812866,
        1753109074.6914225,
        1753109074.7014117,
        1753109074.7115402,
        1753109074.7215674,
        1753109074.7315981,
        1753109074.7416344,
        1753109074.751748,
        1753109074.7617915,
        1753109074.7718294,
        1753109074.7819617,
        1753109074.7919855,
        1753109074.8020027,
        1753109074.8121073,
        1753109074.8222003,
        1753109074.8323684,
        1753109074.8424633,
        1753109074.8525722,
        1753109074.862407,
        1753109074.8723805,
        1753109074.8825974,
        1753109074.892731,
        1753109074.9025872,
        1753109074.9127116,
        1753109074.9228163,
        1753109074.9329166,
        1753109074.9431157,
        1753109074.9531815,
        1753109074.9630868,
        1753109074.97305,
        1753109074.9831636,
        1753109074.9931939,
        1753109075.0032768,
        1753109075.013303,
        1753109075.023444,
        1753109075.0334215,
        1753109075.0435255,
        1753109075.0539114,
        1753109075.0636764,
        1753109075.073664,
        1753109075.0837684,
        1753109075.0938044,
        1753109075.103959,
        1753109075.1140072,
        1753109075.1239893,
        1753109075.1340945,
        1753109075.144063,
        1753109075.1541243,
        1753109075.1641672,
        1753109075.1742384,
        1753109075.1843617,
        1753109075.1944315,
        1753109075.204432,
        1753109075.214564,
        1753109075.224593,
        1753109075.234629,
        1753109075.2447379,
        1753109075.2547846,
        1753109075.2648242,
        1753109075.2748485,
        1753109075.2849715,
        1753109075.2950344,
        1753109075.3050532,
        1753109075.315072,
        1753109075.325207,
        1753109075.3351839,
        1753109075.3452766,
        1753109075.355311,
        1753109075.36542,
        1753109075.3753996,
        1753109075.3855257,
        1753109075.3956468,
        1753109075.4056506,
        1753109075.4159298,
        1753109075.4258292,
        1753109075.435881,
        1753109075.4458668,
        1753109075.4559553,
        1753109075.4660537,
        1753109075.4760678,
        1753109075.4862826,
        1753109075.496228,
        1753109075.5061893,
        1753109075.5163016,
        1753109075.52633,
        1753109075.5364945,
        1753109075.5465004,
        1753109075.5565515,
        1753109075.5666237,
        1753109075.5766442,
        1753109075.587629,
        1753109075.5969312,
        1753109075.6070302,
        1753109075.6171434,
        1753109075.6271346,
        1753109075.6371903,
        1753109075.6472647,
        1753109075.6572804,
        1753109075.6672745,
        1753109075.677322,
        1753109075.6874573,
        1753109075.6975648,
        1753109075.707557,
        1753109075.7177622,
        1753109075.727688,
        1753109075.7377832,
        1753109075.7478588,
        1753109075.7578654,
        1753109075.7679412,
        1753109075.7779872,
        1753109075.788132,
        1753109075.7980628,
        1753109075.8080978,
        1753109075.8182147,
        1753109075.8282363,
        1753109075.8382454,
        1753109075.848335,
        1753109075.8584323,
        1753109075.8686628,
        1753109075.8787856,
        1753109075.8886733,
        1753109075.898727,
        1753109075.9087338,
        1753109075.9187958,
        1753109075.9288824,
        1753109075.938996,
        1753109075.949082,
        1753109075.959108,
        1753109075.9690719,
        1753109075.9791675,
        1753109075.9892392,
        1753109075.9992995,
        1753109076.0093038,
        1753109076.0193899,
        1753109076.029501,
        1753109076.0394657,
        1753109076.0496223,
        1753109076.0598788,
        1753109076.069694,
        1753109076.0798106,
        1753109076.0898557,
        1753109076.1000144,
        1753109076.1101022,
        1753109076.1200566,
        1753109076.1301432,
        1753109076.1401517,
        1753109076.1502593,
        1753109076.1603281,
        1753109076.170372,
        1753109076.1804368,
        1753109076.190472,
        1753109076.2005048,
        1753109076.21053,
        1753109076.2206426,
        1753109076.2307236,
        1753109076.2407014,
        1753109076.250834,
        1753109076.2608924,
        1753109076.2709284,
        1753109076.2809904,
        1753109076.291062,
        1753109076.3010604,
        1753109076.3111417,
        1753109076.32119,
        1753109076.3312726,
        1753109076.3413253,
        1753109076.351452,
        1753109076.361463,
        1753109076.3717809,
        1753109076.3815844,
        1753109076.391655,
        1753109076.401665,
        1753109076.411769,
        1753109076.4218247,
        1753109076.431951,
        1753109076.441866,
        1753109076.452,
        1753109076.462079,
        1753109076.4720633,
        1753109076.4823232,
        1753109076.4925752,
        1753109076.5023339,
        1753109076.5123894,
        1753109076.5225382,
        1753109076.5328155,
        1753109076.54267,
        1753109076.5527647,
        1753109076.562807,
        1753109076.5728834,
        1753109076.582977,
        1753109076.5930018,
        1753109076.6029568,
        1753109076.6130548,
        1753109076.623116,
        1753109076.6331463,
        1753109076.6432111,
        1753109076.653302,
        1753109076.6633234,
        1753109076.6733682,
        1753109076.6834667,
        1753109076.6935503,
        1753109076.7035651,
        1753109076.7137501,
        1753109076.723762,
        1753109076.73382,
        1753109076.7438288,
        1753109076.7539468,
        1753109076.7639704,
        1753109076.7740078,
        1753109076.784054,
        1753109076.7941148,
        1753109076.8042164,
        1753109076.8143084,
        1753109076.825081,
        1753109076.83445,
        1753109076.8445177,
        1753109076.854521,
        1753109076.864624,
        1753109076.8745935,
        1753109076.88488,
        1753109076.8948014,
        1753109076.9047751,
        1753109076.9149458,
        1753109076.924924,
        1753109076.9349582,
        1753109076.9450042,
        1753109076.9550707,
        1753109076.9650946,
        1753109076.9751093,
        1753109076.985262,
        1753109076.9952898,
        1753109077.0052896,
        1753109077.015482,
        1753109077.0254753,
        1753109077.0355656,
        1753109077.045641,
        1753109077.0559492,
        1753109077.0657902,
        1753109077.075761,
        1753109077.085874,
        1753109077.0959194,
        1753109077.1063232,
        1753109077.1163242,
        1753109077.126121,
        1753109077.1361,
        1753109077.1461568,
        1753109077.1562254,
        1753109077.1663268,
        1753109077.1763484,
        1753109077.1864326,
        1753109077.1965637,
        1753109077.2065363,
        1753109077.216724,
        1753109077.2267373,
        1753109077.237965,
        1753109077.2472184,
        1753109077.2569392,
        1753109077.266951,
        1753109077.2769902,
        1753109077.287101,
        1753109077.2971017,
        1753109077.3071096,
        1753109077.3172495,
        1753109077.3272853,
        1753109077.337278,
        1753109077.3474243,
        1753109077.357464,
        1753109077.3675184,
        1753109077.3775895,
        1753109077.3876455,
        1753109077.3977773,
        1753109077.4077506,
        1753109077.4180522,
        1753109077.4278977,
        1753109077.437896,
        1753109077.4480333,
        1753109077.4580932,
        1753109077.46807,
        1753109077.4782758,
        1753109077.488322,
        1753109077.4983962,
        1753109077.508351,
        1753109077.5184424,
        1753109077.5285401,
        1753109077.5385282,
        1753109077.548582,
        1753109077.5586789,
        1753109077.5687516,
        1753109077.578776,
        1753109077.5889463,
        1753109077.5990949,
        1753109077.6094444,
        1753109077.6199775,
        1753109077.6300457,
        1753109077.639703,
        1753109077.6497905,
        1753109077.6597862,
        1753109077.669811,
        1753109077.6798193,
        1753109077.6899416,
        1753109077.6999977,
        1753109077.7100532,
        1753109077.7201135,
        1753109077.730178,
        1753109077.740195,
        1753109077.750321,
        1753109077.760356,
        1753109077.7704477,
        1753109077.7805882,
        1753109077.790647,
        1753109077.800594,
        1753109077.8107169,
        1753109077.8207383,
        1753109077.8307965,
        1753109077.8408182,
        1753109077.8509188,
        1753109077.8609824,
        1753109077.8709967,
        1753109077.8810709,
        1753109077.8911672,
        1753109077.9012065,
        1753109077.9113057,
        1753109077.9213145,
        1753109077.9314828,
        1753109077.9414444,
        1753109077.9515707,
        1753109077.9616044,
        1753109077.9715827,
        1753109077.9816775,
        1753109077.9917402,
        1753109078.0018053,
        1753109078.0119073,
        1753109078.0219207,
        1753109078.0319755,
        1753109078.0420558,
        1753109078.052088,
        1753109078.062126,
        1753109078.0721712,
        1753109078.0822532,
        1753109078.0923536,
        1753109078.1023626,
        1753109078.1125863,
        1753109078.122601,
        1753109078.1327262,
        1753109078.1426644,
        1753109078.152817,
        1753109078.1627982,
        1753109078.17278,
        1753109078.1831453,
        1753109078.1929712,
        1753109078.2029586,
        1753109078.2130432,
        1753109078.2231948,
        1753109078.2332299,
        1753109078.243253,
        1753109078.2533233,
        1753109078.2633762,
        1753109078.2733843,
        1753109078.2835958,
        1753109078.2936728,
        1753109078.3036106,
        1753109078.3137293,
        1753109078.3238153,
        1753109078.3338096,
        1753109078.344219,
        1753109078.3540237,
        1753109078.3639898,
        1753109078.3739936,
        1753109078.3840945,
        1753109078.3941424,
        1753109078.4041808,
        1753109078.4142258,
        1753109078.4242885,
        1753109078.434336,
        1753109078.4444356,
        1753109078.4544888,
        1753109078.4647057,
        1753109078.4752486,
        1753109078.4858243,
        1753109078.4952402,
        1753109078.5050843,
        1753109078.515013,
        1753109078.5251787,
        1753109078.535162,
        1753109078.5451412,
        1753109078.5555813,
        1753109078.5656226,
        1753109078.5756593,
        1753109078.5857759,
        1753109078.5957994,
        1753109078.6057646,
        1753109078.6159267,
        1753109078.626005,
        1753109078.6360528,
        1753109078.6460981,
        1753109078.6562204,
        1753109078.6662111,
        1753109078.6762826,
        1753109078.6862893,
        1753109078.696335,
        1753109078.7063692,
        1753109078.7165058,
        1753109078.7265418,
        1753109078.7365675,
        1753109078.74667,
        1753109078.756672,
        1753109078.7667463,
        1753109078.7767925,
        1753109078.7871687,
        1753109078.7970574,
        1753109078.8069952,
        1753109078.8171759,
        1753109078.8272011,
        1753109078.8372264,
        1753109078.8472574,
        1753109078.8573864,
        1753109078.867358,
        1753109078.8774114,
        1753109078.8876178,
        1753109078.8976254,
        1753109078.9075773,
        1753109078.917678,
        1753109078.9277527,
        1753109078.9378142,
        1753109078.9479294,
        1753109078.957967,
        1753109078.9680376,
        1753109078.9780848,
        1753109078.9881926,
        1753109078.9982154,
        1753109079.0082576,
        1753109079.0183725,
        1753109079.028397,
        1753109079.0383732,
        1753109079.0485244,
        1753109079.0586321,
        1753109079.068608,
        1753109079.0786986,
        1753109079.0887597,
        1753109079.0987694,
        1753109079.1089375,
        1753109079.1190286,
        1753109079.1291683,
        1753109079.1390855,
        1753109079.149184,
        1753109079.1592617,
        1753109079.1692889,
        1753109079.179354,
        1753109079.1893845,
        1753109079.199436,
        1753109079.2094376,
        1753109079.2195828,
        1753109079.229644,
        1753109079.2396307,
        1753109079.2497828,
        1753109079.259822,
        1753109079.2698247,
        1753109079.279966,
        1753109079.289983,
        1753109079.300026,
        1753109079.310007,
        1753109079.3201387,
        1753109079.3302016,
        1753109079.3401732,
        1753109079.350434,
        1753109079.360392,
        1753109079.370381,
        1753109079.38051,
        1753109079.3906074,
        1753109079.400563,
        1753109079.4106393,
        1753109079.4207397,
        1753109079.4308228,
        1753109079.4408116,
        1753109079.450909,
        1753109079.4609928,
        1753109079.4709923,
        1753109079.4811192,
        1753109079.4912946,
        1753109079.5011668,
        1753109079.5112433,
        1753109079.521301,
        1753109079.5314193,
        1753109079.541394,
        1753109079.5516365,
        1753109079.561664,
        1753109079.5716023,
        1753109079.581718,
        1753109079.5918272,
        1753109079.6018016,
        1753109079.6119905,
        1753109079.622422,
        1753109079.632481,
        1753109079.6420944,
        1753109079.6521623,
        1753109079.6626334,
        1753109079.67224,
        1753109079.6822772,
        1753109079.6924,
        1753109079.7023933,
        1753109079.7126079,
        1753109079.7225828,
        1753109079.7327175,
        1753109079.7426746,
        1753109079.7528157,
        1753109079.7628093,
        1753109079.7729325,
        1753109079.7829576,
        1753109079.792991,
        1753109079.8029718,
        1753109079.8131008,
        1753109079.8231444,
        1753109079.833292,
        1753109079.8432913,
        1753109079.8533356,
        1753109079.8633614,
        1753109079.8734207,
        1753109079.8835342,
        1753109079.8939078,
        1753109079.9036293,
        1753109079.9137444,
        1753109079.9238014,
        1753109079.933883,
        1753109079.9439626,
        1753109079.9540234,
        1753109079.9640682,
        1753109079.9740686,
        1753109079.9841666,
        1753109079.9941978,
        1753109080.0042315,
        1753109080.014312,
        1753109080.0243843,
        1753109080.0344493,
        1753109080.0445187,
        1753109080.0546172,
        1753109080.064645,
        1753109080.0747428,
        1753109080.0848062,
        1753109080.0948322,
        1753109080.1049006,
        1753109080.1150239,
        1753109080.1251426,
        1753109080.1354458,
        1753109080.145309,
        1753109080.1552327,
        1753109080.1653917,
        1753109080.1754568,
        1753109080.1854992,
        1753109080.1962597,
        1753109080.2064362,
        1753109080.2158265,
        1753109080.2259152,
        1753109080.2359385,
        1753109080.2462418,
        1753109080.2559974,
        1753109080.266112,
        1753109080.2762387,
        1753109080.2862904,
        1753109080.2963474,
        1753109080.3063698,
        1753109080.3164878,
        1753109080.3268182,
        1753109080.337534,
        1753109080.3467762,
        1753109080.3566628,
        1753109080.3666427,
        1753109080.3766818,
        1753109080.3867652,
        1753109080.396828,
        1753109080.406847,
        1753109080.4169753,
        1753109080.4270842,
        1753109080.4369984,
        1753109080.4470754,
        1753109080.4571247,
        1753109080.4672215,
        1753109080.477277,
        1753109080.4874961,
        1753109080.497558,
        1753109080.5074673,
        1753109080.5175312,
        1753109080.52765,
        1753109080.5380888,
        1753109080.5477474,
        1753109080.5578015,
        1753109080.5679278,
        1753109080.577985,
        1753109080.5880384,
        1753109080.598016,
        1753109080.608055,
        1753109080.6181157,
        1753109080.628131,
        1753109080.6381414,
        1753109080.6482162,
        1753109080.6582925,
        1753109080.6683586,
        1753109080.6784177,
        1753109080.6885111,
        1753109080.6985996,
        1753109080.7086053,
        1753109080.7186391,
        1753109080.7287738,
        1753109080.7387974,
        1753109080.7488823,
        1753109080.758999,
        1753109080.7689915,
        1753109080.7790444,
        1753109080.789123,
        1753109080.799128,
        1753109080.8091996,
        1753109080.8193145,
        1753109080.8293293,
        1753109080.839359,
        1753109080.8494568,
        1753109080.859515,
        1753109080.8695369,
        1753109080.8797657,
        1753109080.8898005,
        1753109080.8997815,
        1753109080.909789,
        1753109080.9199023,
        1753109080.9300082,
        1753109080.9400496,
        1753109080.9501684,
        1753109080.960127,
        1753109080.970096,
        1753109080.980163,
        1753109080.9902244,
        1753109081.000302,
        1753109081.0104263,
        1753109081.0204382,
        1753109081.0305114,
        1753109081.0405307,
        1753109081.050667,
        1753109081.0607414,
        1753109081.0707607,
        1753109081.0808425,
        1753109081.0908694,
        1753109081.1009393,
        1753109081.111076,
        1753109081.1211128,
        1753109081.1312141,
        1753109081.1410909,
        1753109081.1512163,
        1753109081.1612675,
        1753109081.1712203,
        1753109081.181383,
        1753109081.1913943,
        1753109081.2014427,
        1753109081.2114944,
        1753109081.2215722,
        1753109081.2316594,
        1753109081.2417297,
        1753109081.2518218,
        1753109081.2618515
    ],
    "set_target_data": [
        {
            "head": [
                [
                    0.9965102488657979,
                    -0.06542391477178601,
                    0.051836621044968924,
                    -0.023600479458603874
                ],
                [
                    0.06708298694542948,
                    0.9972676169510143,
                    -0.03093821331823398,
                    0.0005830456932665942
                ],
                [
                    -0.04967088450898547,
                    0.03430760202607131,
                    0.998176232774211,
                    -0.0008210242523356568
                ],
                [
                    0.0,
                    0.0,
                    0.0,
                    1.0
                ]
            ],
            "antennas": [
                0.1025258430136525,
                -0.3120772060187554
            ],
            "body_yaw": -0.020149689860427006,
            "check_collision": false
        },
        {
            "head": [
                [
                    0.9964925422611629,
                    -0.06508359682311683,
                    0.05259979698107846,
                    -0.0235127532961431
                ],
                [
                    0.06674516244232527,
                    0.9973045999486138,
                    -0.030473237633753716,
                    0.0005439384164862872
                ],
                [
                    -0.0504747115735425,
                    0.03387713603452319,
                    0.9981506114538358,
                    -0.00116288327963432
                ],
                [
                    0.0,
                    0.0,
                    0.0,
                    1.0
                ]
            ],
            "antennas": [
                0.1025258430136525,
                -0.3120772060187554
            ],
            "body_yaw": -0.020149689860427006,
            "check_collision": false
        },
        {
            "head": [
                [
                    0.9965006621536148,
                    -0.06458933923004784,
                    0.05305325235301918,
                    -0.02347161966070066
                ],
                [
                    0.06623276314166551,
                    0.9973583783877071,
                    -0.029824254332055992,
                    0.0005424690775838251
                ],
                [
                    -0.05098677685466463,
                    0.03323375268712414,
                    0.998146214874506,
                    -0.0012733138682694553
                ],
                [
                    0.0,
                    0.0,
                    0.0,
                    1.0
                ]
            ],
            "antennas": [
                0.1025258430136525,
                -0.3120772060187554
            ],
            "body_yaw": -0.020149689860427006,
            "check_collision": false
        },
        {
            "head": [
                [
                    0.996506318281044,
                    -0.06409232781728383,
                    0.05354746624183635,
                    -0.023402157849710323
                ],
                [
                    0.065698842710599,
                    0.9974238305074911,
                    -0.028798687509186197,
                    0.00048457048187713556
                ],
                [
                    -0.0515637439723567,
                    0.03221608062327894,
                    0.9981499408690198,
                    -0.001323798911633479
                ],
                [
                    0.0,
                    0.0,
                    0.0,
                    1.0
                ]
            ],
            "antennas": [
                0.1025258430136525,
                -0.3120772060187554
            ],
            "body_yaw": -0.020149689860427006,
            "check_collision": false
        },
        {
            "head": [
                [
                    0.9965155889502725,
                    -0.06344254124109185,
                    0.05414540552959099,
                    -0.02340564975734466
                ],
                [
                    0.06499941905679073,
                    0.9975065134527531,
                    -0.027492383338154285,
                    0.0003312883340017836
                ],
                [
                    -0.05226620802556098,
                    0.030916008477885233,
                    0.9981545190592607,
                    -0.0011272384441995973
                ],
                [
                    0.0,
                    0.0,
                    0.0,
                    1.0
                ]
            ],
            "antennas": [
                0.1025258430136525,
                -0.3120772060187554
            ],
            "body_yaw": -0.020149689860427006,
            "check_collision": false
        },
        {
            "head": [
                [
                    0.9965067201729372,
                    -0.06279354787585323,
                    0.055057488095065395,
                    -0.023311623242467557
                ],
                [
                    0.0642966341633939,
                    0.9975929559020681,
                    -0.025966077290049044,
                    0.0002630384284330982
                ],
                [
                    -0.05329446017583842,
                    0.029415381686067603,
                    0.9981454983291909,
                    -0.0011825134798961754
                ],
                [
                    0.0,
                    0.0,
                    0.0,
                    1.0
                ]
            ],
            "antennas": [
                0.1025258430136525,
                -0.3120772060187554
            ],
            "body_yaw": -0.020149689860427006,
            "check_collision": false
        },
        {
            "head": [
                [
                    0.9965202242256915,
                    -0.061631458924616536,
                    0.056116004668902826,
                    -0.023228168632139175
                ],
                [
                    0.06308548900269347,
                    0.9977069239542596,
                    -0.024517646114985216,
                    0.0006978679172100627
                ],
                [
                    -0.05447626810334993,
                    0.027972435799406396,
                    0.9981231782946329,
                    -0.0009897888915170192
                ],
                [
                    0.0,
                    0.0,
                    0.0,
                    1.0
                ]
            ],
            "antennas": [
                0.1025258430136525,
                -0.3120772060187554
            ],
            "body_yaw": -0.020149689860427006,
            "check_collision": false
        },
        {
            "head": [
                [
                    0.9965344847699519,
                    -0.06041093525139475,
                    0.057179887778291597,
                    -0.023075151591305427
                ],
                [
                    0.061855645122316755,
                    0.997800320657587,
                    -0.023841125437326697,
                    0.0006735302798431472
                ],
                [
                    -0.05561384567522948,
                    0.027295402500570057,
                    0.9980791858222189,
                    -0.0010198798462317535
                ],
                [
                    0.0,
                    0.0,
                    0.0,
                    1.0
                ]
            ],
            "antennas": [
                0.1025258430136525,
                -0.3120772060187554
            ],
            "body_yaw": -0.020149689860427006,
            "check_collision": false
        },
        {
            "head": [
                [
                    0.9965774337995338,
                    -0.05887860030021402,
                    0.05802351995720095,
                    -0.02290654800157047
                ],
                [
                    0.06032959368825841,
                    0.9978999716402929,
                    -0.023579370765830533,
                    0.0006496822554944021
                ],
                [
                    -0.05651334857310891,
                    0.026999204191799624,
                    0.9980367149589557,
                    -0.001058124914324222
                ],
                [
                    0.0,
                    0.0,
                    0.0,
                    1.0
                ]
            ],
            "antennas": [
                0.1025258430136525,
                -0.3120772060187554
            ],
            "body_yaw": -0.020149689860427006,
            "check_collision": false
        },
        {
            "head": [
                [
                    0.9966042946760955,
                    -0.05764947070926712,
                    0.05879131194406102,
                    -0.022751996137553736
                ],
                [
                    0.05909059390240096,
                    0.9979859061906742,
                    -0.023074504480934007,
                    0.0005661354082134584
                ],
                [
                    -0.05734266775642788,
                    0.02647016380229752,
                    0.9980035815982103,
                    -0.0008330452698361865
                ],
                [
                    0.0,
                    0.0,
                    0.0,
                    1.0
                ]
            ],
            "antennas": [
                0.1025258430136525,
                -0.3120772060187554
            ],
            "body_yaw": -0.020149689860427006,
            "check_collision": false
        },
        {
            "head": [
                [
                    0.9966116367072123,
                    -0.05665077679576729,
                    0.05963166162540727,
                    -0.02247644400695927
                ],
                [
                    0.0580894900958085,
                    0.9980538383013328,
                    -0.022674809643865142,
                    0.00050620353219024
                ],
                [
                    -0.05823106318950291,
                    0.026061951968582627,
                    0.9979628840490046,
                    -0.0009261375427838123
                ],
                [
                    0.0,
                    0.0,
                    0.0,
                    1.0
                ]
            ],
            "antennas": [
                0.1025258430136525,
                -0.3120772060187554
            ],
            "body_yaw": -0.020149689860427006,
            "check_collision": false
        },
        {
            "head": [
                [
                    0.996603898177052,
                    -0.056082240039873374,
                    0.06029471361914157,
                    -0.022320916357675163
                ],
                [
                    0.05753431883069604,
                    0.9980872042815239,
                    -0.022621556228064964,
                    0.0004549660687350812
                ],
                [
                    -0.0589107146026263,
                    0.026013746396890115,
                    0.997924251986796,
                    -0.0009348539581994783
                ],
                [
                    0.0,
                    0.0,
                    0.0,
                    1.0
                ]
            ],
            "antennas": [
                0.1025258430136525,
                -0.3120772060187554
            ],
            "body_yaw": -0.020149689860427006,
            "check_collision": false
        },
        {
            "head": [
                [
                    0.9965879897556917,
                    -0.05555297328987529,
                    0.061042983490025,
                    -0.022160306937868586
                ],
                [
                    0.057022167719516174,
                    0.9981172105969324,
                    -0.02259438644367195,
                    0.00040683913660872345
                ],
                [
                    -0.059672867060971926,
                    0.02599809740833015,
                    0.9978793754096085,
                    -0.0009404561306768375
                ],
                [
                    0.0,
                    0.0,
                    0.0,
                    1.0
                ]
            ],
            "antennas": [
                0.1025258430136525,
                -0.3120772060187554
            ],
            "body_yaw": -0.020149689860427006,
            "check_collision": false
        },
        {
            "head": [
                [
                    0.9965736804436477,
                    -0.05458192925034126,
                    0.06214267813920382,
                    -0.02178116584381664
                ],
                [
                    0.05607247846921333,
                    0.9981731707798126,
                    -0.022498850941645374,
                    0.00033767694347168475
                ],
                [
                    -0.06080112338864757,
                    0.025906256670648324,
                    0.9978136545768416,
                    -0.0011269485384289854
                ],
                [
                    0.0,
                    0.0,
                    0.0,
                    1.0
                ]
            ],
            "antennas": [
                0.1025258430136525,
                -0.3120772060187554
            ],
            "body_yaw": -0.020149689860427006,
            "check_collision": false
        },
        {
            "head": [
                [
                    0.9965456520485704,
                    -0.05396324842324314,
                    0.06312472734754025,
                    -0.021421319881604214
                ],
                [
                    0.05547294742301198,
                    0.998208625097621,
                    -0.022411891596229923,
                    -0.0001220252319817719
                ],
                [
                    -0.06180222882140819,
                    0.025836187805648884,
                    0.9977539656209731,
                    -0.0011382942420127282
                ],
                [
                    0.0,
                    0.0,
                    0.0,
                    1.0
                ]
            ],
            "antennas": [
                0.1025258430136525,
                -0.3120772060187554
            ],
            "body_yaw": -0.020149689860427006,
            "check_collision": false
        },
        {
            "head": [
                [
                    0.9965650872435725,
                    -0.05288439397298367,
                    0.06372807671129803,
                    -0.02121168064987637
                ],
                [
                    0.054380585420433045,
                    0.9982784374927454,
                    -0.0219752853536412,
                    -0.0001845079992921876
                ],
                [
                    -0.062456215195461705,
                    0.025365372284932495,
                    0.9977253224571907,
                    -0.0011808267632215106
                ],
                [
                    0.0,
                    0.0,
                    0.0,
                    1.0
                ]
            ],
            "antennas": [
                0.1025258430136525,
                -0.3120772060187554
            ],
            "body_yaw": -0.020149689860427006,
            "check_collision": false
        },
        {
            "head": [
                [
                    0.9965748012557214,
                    -0.0520661935037099,
                    0.06424777814176384,
                    -0.021013483431513748
                ],
                [
                    0.05354944333606102,
                    0.9983319165337382,
                    -0.021583362770221014,
                    -0.0002583613782647827
                ],
                [
                    -0.06301684394284641,
                    0.024949868218233348,
                    0.9977005469856051,
                    -0.0012225191805780309
                ],
                [
                    0.0,
                    0.0,
                    0.0,
                    1.0
                ]
            ],
            "antennas": [
                0.1025258430136525,
                -0.3120772060187554
            ],
            "body_yaw": -0.020149689860427006,
            "check_collision": false
        },
        {
            "head": [
                [
                    0.9965660343483813,
                    -0.05182199633689197,
                    0.06458033662655985,
                    -0.020792132723501194
                ],
                [
                    0.05332061768060509,
                    0.9983416129600986,
                    -0.02170104979919499,
                    -0.00044765033975583887
                ],
                [
                    -0.06334864571006532,
                    0.025069992578530067,
                    0.9976765230067373,
                    -0.0013629444720550951
                ],
                [
                    0.0,
                    0.0,
                    0.0,
                    1.0
                ]
            ],
            "antennas": [
                0.1025258430136525,
                -0.3120772060187554
            ],
            "body_yaw": -0.020149689860427006,
            "check_collision": false
        },
        {
            "head": [
                [
                    0.9965508103461909,
                    -0.0516819729863987,
                    0.06492654362110485,
                    -0.020607055584063807
                ],
                [
                    0.053189947763513344,
                    0.9983482811133711,
                    -0.021714950031987677,
                    -0.000522481781971007
                ],
                [
                    -0.06369703176180817,
                    0.025093490514676405,
                    0.9976537499947188,
                    -0.0013984058914847672
                ],
                [
                    0.0,
                    0.0,
                    0.0,
                    1.0
                ]
            ],
            "antennas": [
                0.1025258430136525,
                -0.3120772060187554
            ],
            "body_yaw": -0.020149689860427006,
            "check_collision": false
        },
        {
            "head": [
                [
                    0.9965187868329045,
                    -0.05167926342593733,
                    0.06541835538156791,
                    -0.020422753005252044
                ],
                [
                    0.053208978686859476,
                    0.9983440967829946,
                    -0.02186021513271111,
                    -0.0005784264185628961
                ],
                [
                    -0.06418030910004933,
                    0.025264958941182816,
                    0.9976184489941647,
                    -0.0014277454797542175
                ],
                [
                    0.0,
