{
    "description": "TODO: Add a description of the recording. You can add as much as you want, even if the wording is not perfect.",
    "time": [
        1753100201.8800974,
        1753100201.8902528,
        1753100201.9002285,
        1753100201.9101865,
        1753100201.9202929,
        1753100201.930349,
        1753100201.940366,
        1753100201.9506822,
        1753100201.960706,
        1753100201.9706373,
        1753100201.9806418,
        1753100201.9907324,
        1753100202.0007894,
        1753100202.0108314,
        1753100202.0210261,
        1753100202.0310102,
        1753100202.0410967,
        1753100202.0511477,
        1753100202.061156,
        1753100202.0712082,
        1753100202.0812595,
        1753100202.0912943,
        1753100202.1013684,
        1753100202.1115108,
        1753100202.1215293,
        1753100202.1315866,
        1753100202.1415954,
        1753100202.1517422,
        1753100202.1617525,
        1753100202.1719415,
        1753100202.1819391,
        1753100202.1920083,
        1753100202.2020545,
        1753100202.2121258,
        1753100202.2222202,
        1753100202.23222,
        1753100202.2422543,
        1753100202.252436,
        1753100202.2623544,
        1753100202.2724917,
        1753100202.2826023,
        1753100202.2925415,
        1753100202.3025985,
        1753100202.3126993,
        1753100202.322801,
        1753100202.3328176,
        1753100202.342843,
        1753100202.3530004,
        1753100202.3629963,
        1753100202.373208,
        1753100202.3832257,
        1753100202.3934014,
        1753100202.4033375,
        1753100202.4134035,
        1753100202.4235034,
        1753100202.4334872,
        1753100202.4435794,
        1753100202.4536433,
        1753100202.4636235,
        1753100202.4738634,
        1753100202.4839861,
        1753100202.4939048,
        1753100202.5039408,
        1753100202.5139747,
        1753100202.5245378,
        1753100202.5341465,
        1753100202.5442407,
        1753100202.5543168,
        1753100202.5643451,
        1753100202.5745497,
        1753100202.5844874,
        1753100202.5945668,
        1753100202.6045911,
        1753100202.6146665,
        1753100202.6247323,
        1753100202.634767,
        1753100202.6448245,
        1753100202.654894,
        1753100202.6649382,
        1753100202.6750362,
        1753100202.685205,
        1753100202.6950917,
        1753100202.7051735,
        1753100202.7152047,
        1753100202.7254453,
        1753100202.7354827,
        1753100202.7455628,
        1753100202.7556734,
        1753100202.7656825,
        1753100202.7757297,
        1753100202.7858105,
        1753100202.795737,
        1753100202.8057554,
        1753100202.8158793,
        1753100202.825872,
        1753100202.8359358,
        1753100202.8460338,
        1753100202.856051,
        1753100202.8660748,
        1753100202.876163,
        1753100202.8862884,
        1753100202.8963177,
        1753100202.9064972,
        1753100202.9164212,
        1753100202.9265702,
        1753100202.93662,
        1753100202.9466274,
        1753100202.9567158,
        1753100202.9667304,
        1753100202.9767976,
        1753100202.9868865,
        1753100202.9969335,
        1753100203.006999,
        1753100203.0171077,
        1753100203.027039,
        1753100203.037155,
        1753100203.04719,
        1753100203.0572693,
        1753100203.0673242,
        1753100203.0774326,
        1753100203.0874972,
        1753100203.0974808,
        1753100203.107604,
        1753100203.1176586,
        1753100203.127654,
        1753100203.137769,
        1753100203.1478174,
        1753100203.1579542,
        1753100203.16798,
        1753100203.178019,
        1753100203.1881127,
        1753100203.1981351,
        1753100203.208189,
        1753100203.218274,
        1753100203.22827,
        1753100203.238316,
        1753100203.2484326,
        1753100203.2584991,
        1753100203.2686522,
        1753100203.2786596,
        1753100203.288993,
        1753100203.2987633,
        1753100203.3088093,
        1753100203.3189988,
        1753100203.3289893,
        1753100203.3389592,
        1753100203.3491304,
        1753100203.3590426,
        1753100203.3690827,
        1753100203.3792226,
        1753100203.3892994,
        1753100203.3993003,
        1753100203.4094105,
        1753100203.4195042,
        1753100203.4295056,
        1753100203.439578,
        1753100203.4497025,
        1753100203.4597306,
        1753100203.4697673,
        1753100203.4798799,
        1753100203.4899669,
        1753100203.500193,
        1753100203.5100863,
        1753100203.520161,
        1753100203.5306342,
        1753100203.5402462,
        1753100203.5503867,
        1753100203.560339,
        1753100203.5704463,
        1753100203.58047,
        1753100203.5907514,
        1753100203.6005926,
        1753100203.610694,
        1753100203.6208444,
        1753100203.6310368,
        1753100203.6410336,
        1753100203.651108,
        1753100203.6609867,
        1753100203.6710243,
        1753100203.6810904,
        1753100203.6911557,
        1753100203.7012672,
        1753100203.7112696,
        1753100203.7213764,
        1753100203.7313788,
        1753100203.7415388,
        1753100203.751615,
        1753100203.7618055,
        1753100203.7716553,
        1753100203.7818027,
        1753100203.7917962,
        1753100203.8018134,
        1753100203.8118694,
        1753100203.8220084,
        1753100203.832047,
        1753100203.842047,
        1753100203.8521888,
        1753100203.8621972,
        1753100203.8722599,
        1753100203.882322,
        1753100203.8924832,
        1753100203.9024966,
        1753100203.9125793,
        1753100203.9225762,
        1753100203.9326665,
        1753100203.9430933,
        1753100203.952879,
        1753100203.9627995,
        1753100203.9728732,
        1753100203.98297,
        1753100203.9930022,
        1753100204.003087,
        1753100204.013088,
        1753100204.023156,
        1753100204.0331995,
        1753100204.0433266,
        1753100204.05352,
        1753100204.063445,
        1753100204.0734756,
        1753100204.0835664,
        1753100204.0935824,
        1753100204.1036959,
        1753100204.113765,
        1753100204.1238003,
        1753100204.1338518,
        1753100204.1438632,
        1753100204.1540003,
        1753100204.163981,
        1753100204.1740608,
        1753100204.1841695,
        1753100204.1942143,
        1753100204.2042255,
        1753100204.2143016,
        1753100204.224406,
        1753100204.2344737,
        1753100204.244513,
        1753100204.2545836,
        1753100204.2645433,
        1753100204.2746437,
        1753100204.2848272,
        1753100204.294857,
        1753100204.304824,
        1753100204.3148928,
        1753100204.3249314,
        1753100204.3349996,
        1753100204.3450289,
        1753100204.3551924,
        1753100204.365184,
        1753100204.375329,
        1753100204.3853915,
        1753100204.3954732,
        1753100204.4054103,
        1753100204.4155598,
        1753100204.4255245,
        1753100204.4355745,
        1753100204.44559,
        1753100204.4557683,
        1753100204.465871,
        1753100204.47581,
        1753100204.4860194,
        1753100204.495984,
        1753100204.5060291,
        1753100204.5161777,
        1753100204.526193,
        1753100204.536268,
        1753100204.546473,
        1753100204.5565267,
        1753100204.5665896,
        1753100204.5766985,
        1753100204.586738,
        1753100204.5967326,
        1753100204.6067784,
        1753100204.6168935,
        1753100204.6269143,
        1753100204.636972,
        1753100204.6469834,
        1753100204.6570988,
        1753100204.6671019,
        1753100204.6771836,
        1753100204.6872904,
        1753100204.6974254,
        1753100204.7074537,
        1753100204.7175474,
        1753100204.7275825,
        1753100204.7376823,
        1753100204.7477589,
        1753100204.757781,
        1753100204.7678347,
        1753100204.7778797,
        1753100204.7880254,
        1753100204.7979681,
        1753100204.8080373,
        1753100204.818177,
        1753100204.828114,
        1753100204.8384986,
        1753100204.8482738,
        1753100204.8583457,
        1753100204.8684297,
        1753100204.8784945,
        1753100204.8886633,
        1753100204.8986344,
        1753100204.9086146,
        1753100204.9188058,
        1753100204.9287517,
        1753100204.9388757,
        1753100204.9488978,
        1753100204.9589508,
        1753100204.96903,
        1753100204.97907,
        1753100204.9892857,
        1753100204.999207,
        1753100205.0093994,
        1753100205.0193942,
        1753100205.029416,
        1753100205.039444,
        1753100205.0495982,
        1753100205.0596118,
        1753100205.069657,
        1753100205.0797617,
        1753100205.0898893,
        1753100205.0998816,
        1753100205.109958,
        1753100205.120009,
        1753100205.1300342,
        1753100205.1401,
        1753100205.1501818,
        1753100205.1602137,
        1753100205.1702967,
        1753100205.1803353,
        1753100205.1903949,
        1753100205.2004347,
        1753100205.2105308,
        1753100205.2205796,
        1753100205.230605,
        1753100205.2406895,
        1753100205.2507885,
        1753100205.2607694,
        1753100205.270852,
        1753100205.2809122,
        1753100205.291046,
        1753100205.3010612,
        1753100205.3110108,
        1753100205.3212447,
        1753100205.3312352,
        1753100205.341352,
        1753100205.3514633,
        1753100205.3614252,
        1753100205.3714094,
        1753100205.3815825,
        1753100205.391547,
        1753100205.4016101,
        1753100205.411676,
        1753100205.4217799,
        1753100205.431829,
        1753100205.4418674,
        1753100205.451988,
        1753100205.4620302,
        1753100205.4720743,
        1753100205.4821742,
        1753100205.492255,
        1753100205.5023031,
        1753100205.5125778,
        1753100205.5224795,
        1753100205.5324547,
        1753100205.5426316,
        1753100205.552652,
        1753100205.5626397,
        1753100205.572668,
        1753100205.582829,
        1753100205.5928328,
        1753100205.6028802,
        1753100205.6129344,
        1753100205.6230233,
        1753100205.6330903,
        1753100205.6430836,
        1753100205.653158,
        1753100205.6631377,
        1753100205.6732287,
        1753100205.6833746,
        1753100205.6933894,
        1753100205.703604,
        1753100205.7135918,
        1753100205.7236407,
        1753100205.7336888,
        1753100205.7437532,
        1753100205.753813,
        1753100205.7638276,
        1753100205.7738657,
        1753100205.784014,
        1753100205.794029,
        1753100205.8040903,
        1753100205.8141549,
        1753100205.824209,
        1753100205.834268,
        1753100205.8442712,
        1753100205.8544607,
        1753100205.8644435,
        1753100205.8744843,
        1753100205.8847857,
        1753100205.8946297,
        1753100205.904661,
        1753100205.9147646,
        1753100205.924787,
        1753100205.9348798,
        1753100205.9448833,
        1753100205.954997,
        1753100205.9649935,
        1753100205.9750574,
        1753100205.9851854,
        1753100205.9952297,
        1753100206.0053198,
        1753100206.0153444,
        1753100206.0254436,
        1753100206.035505,
        1753100206.0455165,
        1753100206.0556417,
        1753100206.065714,
        1753100206.0756807,
        1753100206.0858688,
        1753100206.0958412,
        1753100206.1059291,
        1753100206.11607,
        1753100206.126029,
        1753100206.1360831,
        1753100206.1461413,
        1753100206.156199,
        1753100206.1663172,
        1753100206.1763086,
        1753100206.186481,
        1753100206.1964507,
        1753100206.2064965,
        1753100206.216587
    ],
    "set_target_data": [
        {
            "head": [
                [
                    0.9990865839416149,
                    -0.03550651058168241,
                    -0.023775733304941777,
                    -0.005112963028448718
                ],
                [
                    0.03385722990212734,
                    0.9972115207526627,
                    -0.06650466796786789,
                    -0.0061730511176732355
                ],
                [
                    0.026070783862963093,
                    0.06563894106759138,
                    0.9975028038277868,
                    0.007629752684466362
                ],
                [
                    0.0,
                    0.0,
                    0.0,
                    1.0
                ]
            ],
            "antennas": [
                0.36945275856961557,
                -0.5742599594288601
            ],
            "body_yaw": -0.16185457398755818,
            "check_collision": false
        },
        {
            "head": [
                [
                    0.9990784205604797,
                    -0.0356898359402853,
                    -0.023844185474297806,
                    -0.005078196424153424
                ],
                [
                    0.0340317137427469,
                    0.9971953903698053,
                    -0.06665730181265365,
                    -0.006160112190510371
                ],
                [
                    0.026156300008008136,
                    0.06578441331931896,
                    0.9974909818811015,
                    0.00762961929127659
                ],
                [
                    0.0,
                    0.0,
                    0.0,
                    1.0
                ]
            ],
            "antennas": [
                0.36945275856961557,
                -0.5742599594288601
            ],
            "body_yaw": -0.16185457398755818,
            "check_collision": false
        },
        {
            "head": [
                [
                    0.9990684462063708,
                    -0.03584791683108606,
                    -0.02402429298978404,
                    -0.0050464361226682086
                ],
                [
                    0.03417565626767722,
                    0.9971854388290616,
                    -0.06673248913359071,
                    -0.006119638031532014
                ],
                [
                    0.026348895867968066,
                    0.0658492782508872,
                    0.9974816330341004,
                    0.007629876476348885
                ],
                [
                    0.0,
                    0.0,
                    0.0,
                    1.0
                ]
            ],
            "antennas": [
                0.36945275856961557,
                -0.5742599594288601
            ],
            "body_yaw": -0.16185457398755818,
            "check_collision": false
        },
        {
            "head": [
                [
                    0.9990560464336405,
                    -0.03609746903450364,
                    -0.024165860499612234,
                    -0.005006986794831945
                ],
                [
                    0.03441280732579542,
                    0.9971707206288726,
                    -0.06683047667384034,
                    -0.006119024598909361
                ],
                [
                    0.02650989959131021,
                    0.06593577670580736,
                    0.9974716530176989,
                    0.007619601522964536
                ],
                [
                    0.0,
                    0.0,
                    0.0,
                    1.0
                ]
            ],
            "antennas": [
                0.36945275856961557,
                -0.5742599594288601
            ],
            "body_yaw": -0.16185457398755818,
            "check_collision": false
        },
        {
            "head": [
                [
                    0.9990469261704558,
                    -0.03622499325048951,
                    -0.024351369024467034,
                    -0.004961469556785109
                ],
                [
                    0.03452054558528626,
                    0.9971486699157541,
                    -0.06710336815493337,
                    -0.0061025978362789215
                ],
                [
                    0.02671275429187257,
                    0.0661987911463974,
                    0.9974488201451228,
                    0.007587686487552203
                ],
                [
                    0.0,
                    0.0,
                    0.0,
                    1.0
                ]
            ],
            "antennas": [
                0.36945275856961557,
                -0.5742599594288601
            ],
            "body_yaw": -0.16185457398755818,
            "check_collision": false
        },
        {
            "head": [
                [
                    0.9990382000859441,
                    -0.03642347773987376,
                    -0.02441321442108114,
                    -0.0049150326792339796
                ],
                [
                    0.03470743678687887,
                    0.9971243094758223,
                    -0.06736842943136788,
                    -0.006091528008979866
                ],
                [
                    0.026796802061469404,
                    0.06645631438544654,
                    0.9974294409518805,
                    0.00757259224048773
                ],
                [
                    0.0,
                    0.0,
                    0.0,
                    1.0
                ]
            ],
            "antennas": [
                0.36945275856961557,
                -0.5742599594288601
            ],
            "body_yaw": -0.16185457398755818,
            "check_collision": false
        },
        {
            "head": [
                [
                    0.9990324406699551,
                    -0.036432238463056675,
                    -0.02463482270289702,
                    -0.004703374836106963
                ],
                [
                    0.03469891585040607,
                    0.9971182948619162,
                    -0.06746177651433968,
                    -0.005928569613952622
                ],
                [
                    0.027021615936850166,
                    0.06654170160309436,
                    0.9974176829292358,
                    0.007471364405968073
                ],
                [
                    0.0,
                    0.0,
                    0.0,
                    1.0
                ]
            ],
            "antennas": [
                0.36945275856961557,
                -0.5742599594288601
            ],
            "body_yaw": -0.16185457398755818,
            "check_collision": false
        },
        {
            "head": [
                [
                    0.9990178644276858,
                    -0.036692243263426245,
                    -0.024839199637752364,
                    -0.004647939404772521
                ],
                [
                    0.034938575496405506,
                    0.997094444086089,
                    -0.06769021727646868,
                    -0.005905373401612498
                ],
                [
                    0.027250733873210434,
                    0.06675589005436985,
                    0.9973971368749867,
                    0.0074579977118655605
                ],
                [
                    0.0,
                    0.0,
                    0.0,
                    1.0
                ]
            ],
            "antennas": [
                0.36945275856961557,
                -0.5742599594288601
            ],
            "body_yaw": -0.16185457398755818,
            "check_collision": false
        },
        {
            "head": [
                [
                    0.9990068827995897,
                    -0.03682234828535388,
                    -0.02508710397393622,
                    -0.004668225361325996
                ],
                [
                    0.03504425791080371,
                    0.9970719585572497,
                    -0.06796623754697054,
                    -0.00591645585094222
                ],
                [
                    0.027516324364421595,
                    0.0670195801655177,
                    0.9973721611153531,
                    0.0074112283973166715
                ],
                [
                    0.0,
                    0.0,
                    0.0,
                    1.0
                ]
            ],
            "antennas": [
                0.36945275856961557,
                -0.5742599594288601
            ],
            "body_yaw": -0.16185457398755818,
            "check_collision": false
        },
        {
            "head": [
                [
                    0.9989985501175915,
                    -0.03704289025695174,
                    -0.025094245243910008,
                    -0.004624695520247428
                ],
                [
                    0.03525458660651488,
                    0.9970415138488932,
                    -0.06830324871564426,
                    -0.005887211044111564
                ],
                [
                    0.027550154013250314,
                    0.06735015919297331,
                    0.9973489585248121,
                    0.007386473065077281
                ],
                [
                    0.0,
                    0.0,
                    0.0,
                    1.0
                ]
            ],
            "antennas": [
                0.36945275856961557,
                -0.5742599594288601
            ],
            "body_yaw": -0.16185457398755818,
            "check_collision": false
        },
        {
            "head": [
                [
                    0.9989913192196765,
                    -0.03716176388131824,
                    -0.02520609904287221,
                    -0.004519478976124617
                ],
                [
                    0.03535370714433707,
                    0.9970083313427524,
                    -0.06873501745320662,
                    -0.00586219370051517
                ],
                [
                    0.02768500523536853,
                    0.06777455671835353,
                    0.9973164743183318,
                    0.007324505536713488
                ],
                [
                    0.0,
                    0.0,
                    0.0,
                    1.0
                ]
            ],
            "antennas": [
                0.36945275856961557,
                -0.5742599594288601
            ],
            "body_yaw": -0.16185457398755818,
            "check_collision": false
        },
        {
            "head": [
                [
                    0.9989764268385418,
                    -0.03746255615335972,
                    -0.02535065102428274,
                    -0.0044711062076592135
                ],
                [
                    0.03563458448697521,
                    0.9969747859231045,
                    -0.06907570211021855,
                    -0.005833016688752763
                ],
                [
                    0.027861712247082438,
                    0.06810163815970505,
                    0.9972892719119285,
                    0.007300425543263156
                ],
                [
                    0.0,
                    0.0,
                    0.0,
                    1.0
                ]
            ],
            "antennas": [
                0.36945275856961557,
                -0.5742599594288601
            ],
            "body_yaw": -0.16185457398755818,
            "check_collision": false
        },
        {
            "head": [
                [
                    0.9986481667164939,
                    -0.045399966879622417,
                    -0.02531169929330991,
                    -0.009867361321060478
                ],
                [
                    0.043449051038435146,
                    0.9963907345620822,
                    -0.07292245225370522,
                    -0.009183049581759192
                ],
                [
                    0.028531019568974664,
                    0.07172410394116924,
                    0.9970163658818201,
                    0.008974237541673036
                ],
                [
                    0.0,
                    0.0,
                    0.0,
                    1.0
                ]
            ],
            "antennas": [
                0.36945275856961557,
                -0.5742599594288601
            ],
            "body_yaw": -0.16185457398755818,
            "check_collision": false
        },
        {
            "head": [
                [
                    0.9986305991978532,
                    -0.045703466397533185,
                    -0.025458191314123205,
                    -0.009939593101610269
                ],
                [
                    0.043730109382835794,
                    0.9963497865972069,
                    -0.0733128930070698,
                    -0.009286909735759232
                ],
                [
                    0.02871591682503207,
                    0.07209920878172242,
                    0.9969840019849605,
                    0.008958169295729068
                ],
                [
                    0.0,
                    0.0,
                    0.0,
                    1.0
                ]
            ],
            "antennas": [
                0.36945275856961557,
                -0.5742599594288601
            ],
            "body_yaw": -0.16185457398755818,
            "check_collision": false
        },
        {
            "head": [
                [
                    0.9986244952074924,
                    -0.04589485404870927,
                    -0.02535310520287921,
                    -0.009872372019224017
                ],
                [
                    0.04392919821689291,
                    0.9963424544576451,
                    -0.07329351260061033,
                    -0.009070263522129113
                ],
                [
                    0.028624170129481815,
                    0.07207895543889746,
                    0.9969881047772012,
                    0.009076277280771872
                ],
                [
                    0.0,
                    0.0,
                    0.0,
                    1.0
                ]
            ],
            "antennas": [
                0.36945275856961557,
                -0.5742599594288601
            ],
            "body_yaw": -0.16185457398755818,
            "check_collision": false
        },
        {
            "head": [
                [
                    0.9986207717202924,
                    -0.0460121226671759,
                    -0.0252871282756217,
                    -0.00994398999384036
                ],
                [
                    0.04404251635150701,
                    0.9963157410455055,
                    -0.07358804861097988,
                    -0.009156621614253176
                ],
                [
                    0.02857990626636531,
                    0.07237284513272542,
                    0.9969680838648747,
                    0.009067271240331298
                ],
                [
                    0.0,
                    0.0,
                    0.0,
                    1.0
                ]
            ],
            "antennas": [
                0.36945275856961557,
                -0.5742599594288601
            ],
            "body_yaw": -0.16185457398755818,
            "check_collision": false
        },
        {
            "head": [
                [
                    0.9986363436608228,
                    -0.04581586724368486,
                    -0.025027173800737147,
                    -0.009546151276647265
                ],
                [
                    0.04387106687140663,
                    0.9963376552897316,
                    -0.0733935020510996,
                    -0.008804882616958214
                ],
                [
                    0.02829810260967734,
                    0.07219544972135875,
                    0.9969889841057539,
                    0.009082677001313044
                ],
                [
                    0.0,
                    0.0,
                    0.0,
                    1.0
                ]
            ],
            "antennas": [
                0.36945275856961557,
                -0.5742599594288601
            ],
            "body_yaw": -0.16185457398755818,
            "check_collision": false
        },
        {
            "head": [
                [
                    0.9986393242714199,
                    -0.04584360578678526,
                    -0.024856866801505277,
                    -0.009601840549882433
                ],
                [
                    0.04390307941888957,
                    0.9963154105252141,
                    -0.0736757922761114,
                    -0.008857967499899774
                ],
                [
                    0.028142843428847424,
                    0.07248425041648615,
                    0.9969724237938076,
                    0.009082330792470228
                ],
                [
                    0.0,
                    0.0,
                    0.0,
                    1.0
                ]
            ],
            "antennas": [
                0.36945275856961557,
                -0.5742599594288601
            ],
            "body_yaw": -0.16185457398755818,
            "check_collision": false
        },
        {
            "head": [
                [
                    0.9986492491731789,
                    -0.04581471239810902,
                    -0.024508962722334018,
                    -0.00923629374914345
                ],
                [
                    0.04389212892296932,
                    0.9962963331942645,
                    -0.07393982338545742,
                    -0.008585326600904998
                ],
                [
                    0.027805721433828003,
                    0.07276419855630757,
                    0.99696149036159,
                    0.009083517347602599
                ],
                [
                    0.0,
                    0.0,
                    0.0,
                    1.0
                ]
            ],
            "antennas": [
                0.36945275856961557,
                -0.5742599594288601
            ],
            "body_yaw": -0.16185457398755818,
            "check_collision": false
        },
        {
            "head": [
                [
                    0.9986363355644079,
                    -0.046061790127333545,
                    -0.024571951097888636,
                    -0.009267797959665914
                ],
                [
                    0.044122170867908435,
                    0.9962546041486101,
                    -0.0743639546460476,
                    -0.008609590628344667
                ],
                [
                    0.027905256286130838,
                    0.07317837934090786,
                    0.9969283933506177,
                    0.009094339490848258
                ],
                [
                    0.0,
                    0.0,
                    0.0,
                    1.0
                ]
            ],
            "antennas": [
                0.36945275856961557,
                -0.5742599594288601
            ],
            "body_yaw": -0.16185457398755818,
            "check_collision": false
        },
        {
            "head": [
                [
                    0.9986420627215309,
                    -0.046062209411382365,
                    -0.024337284717654888,
                    -0.008953695415849228
                ],
                [
                    0.044133395524085725,
                    0.9962369288983206,
                    -0.07459373230210034,
                    -0.008402141364398102
                ],
                [
                    0.027681653902916478,
                    0.07341835167984062,
                    0.9969169833410476,
                    0.009033668871853473
                ],
                [
                    0.0,
                    0.0,
                    0.0,
                    1.0
                ]
            ],
            "antennas": [
                0.36945275856961557,
                -0.5742599594288601
            ],
            "body_yaw": -0.16185457398755818,
            "check_collision": false
        },
        {
            "head": [
                [
                    0.9986306422876906,
                    -0.04635947154007569,
                    -0.02424128054784964,
                    -0.008967715533868915
                ],
                [
                    0.04442588973828823,
                    0.996193832646154,
                    -0.07499458726286927,
                    -0.00841174076586972
                ],
                [
                    0.027625723611085704,
                    0.0738149523896857,
                    0.9968892477094297,
                    0.009041031154596646
                ],
                [
                    0.0,
                    0.0,
                    0.0,
                    1.0
                ]
            ],
            "antennas": [
                0.36945275856961557,
                -0.5742599594288601
            ],
            "body_yaw": -0.16185457398755818,
            "check_collision": false
        },
        {
            "head": [
                [
                    0.9986315555568337,
                    -0.046473614774128966,
                    -0.023983731485422474,
                    -0.008552694055588742
                ],
                [
                    0.0445443204608713,
                    0.9961487888183455,
                    -0.07552081865567281,
                    -0.008214831477914854
                ],
                [
                    0.027401090504178598,
                    0.07434913358990591,
                    0.9968557501331938,
                    0.008880244928189951
                ],
                [
                    0.0,
                    0.0,
                    0.0,
                    1.0
                ]
            ],
            "antennas": [
                0.36945275856961557,
                -0.5742599594288601
            ],
            "body_yaw": -0.16185457398755818,
            "check_collision": false
        },
        {
            "head": [
                [
                    0.998621240243906,
                    -0.04671556512987639,
                    -0.023943151595372397,
                    -0.008556103201945935
                ],
                [
                    0.044779397471952476,
                    0.9961125531175828,
                    -0.07585899474432298,
                    -0.008229924966706648
                ],
                [
                    0.0273938696750131,
                    0.07468224351321137,
                    0.9968310480758821,
                    0.008868442770123608
                ],
                [
                    0.0,
                    0.0,
                    0.0,
                    1.0
                ]
            ],
            "antennas": [
                0.36945275856961557,
                -0.5742599594288601
            ],
            "body_yaw": -0.16185457398755818,
            "check_collision": false
        },
        {
            "head": [
                [
                    0.9986295439065057,
                    -0.04665763211821556,
                    -0.023708635604046516,
                    -0.0083422797261257
                ],
                [
                    0.04472993906755255,
                    0.9960890119291251,
                    -0.07619654103089006,
                    -0.008131623056296729
                ],
                [
                    0.027171061593122155,
                    0.07503163119098728,
                    0.9968109087147483,
                    0.008760421654039674
                ],
                [
                    0.0,
                    0.0,
                    0.0,
                    1.0
                ]
            ],
            "antennas": [
                0.36945275856961557,
                -0.5742599594288601
            ],
            "body_yaw": -0.16185457398755818,
            "check_collision": false
        },
        {
            "head": [
                [
                    0.9986279581619444,
                    -0.04671959469052374,
                    -0.023653343299829856,
                    -0.008353564176171998
                ],
                [
                    0.044795164736080695,
                    0.9960840263312165,
                    -0.07622339341737726,
                    -0.008143166779253756
                ],
                [
                    0.02712184347668522,
                    0.07505925632289508,
                    0.9968101693134359,
                    0.00875727931325132
                ],
                [
                    0.0,
                    0.0,
                    0.0,
                    1.0
                ]
            ],
            "antennas": [
                0.36945275856961557,
                -0.5742599594288601
            ],
            "body_yaw": -0.16185457398755818,
            "check_collision": false
        },
        {
            "head": [
                [
                    0.998635114200668,
                    -0.0466839437811171,
                    -0.023420462814815107,
                    -0.008039618559183781
                ],
                [
                    0.04477353070650195,
                    0.9960748734864288,
                    -0.07635559807288932,
                    -0.00799741754078365
                ],
                [
                    0.026893114983068907,
                    0.07520276459038051,
                    0.9968055500269203,
                    0.00858802310335871
                ],
                [
                    0.0,
                    0.0,
                    0.0,
                    1.0
                ]
            ],
            "antennas": [
                0.36945275856961557,
                -0.5742599594288601
            ],
            "body_yaw": -0.16185457398755818,
            "check_collision": false
        },
        {
            "head": [
                [
                    0.9986349361959544,
                    -0.04673615656178402,
                    -0.023323719230317504,
                    -0.008027044386334697
                ],
                [
                    0.044830699376122246,
                    0.9960660544011083,
                    -0.07643705687202075,
                    -0.008010715694858202
                ],
                [
                    0.02680433924479436,
                    0.07528709676724953,
                    0.9968015752686235,
                    0.008574364308710836
                ],
                [
                    0.0,
                    0.0,
                    0.0,
                    1.0
                ]
            ],
            "antennas": [
                0.36945275856961557,
                -0.5742599594288601
            ],
            "body_yaw": -0.16185457398755818,
