{
    "description": "TODO: Add a description of the recording. You can add as much as you want, even if the wording is not perfect.",
    "time": [
        1753100353.7711515,
        1753100353.7811947,
        1753100353.7912033,
        1753100353.801221,
        1753100353.8114316,
        1753100353.8214045,
        1753100353.8313785,
        1753100353.8414733,
        1753100353.8515835,
        1753100353.861621,
        1753100353.871643,
        1753100353.88172,
        1753100353.8918374,
        1753100353.9018383,
        1753100353.9119363,
        1753100353.922011,
        1753100353.9320495,
        1753100353.942064,
        1753100353.9522345,
        1753100353.9627247,
        1753100353.9727046,
        1753100353.9824665,
        1753100353.992531,
        1753100354.002448,
        1753100354.0124838,
        1753100354.0225673,
        1753100354.0325959,
        1753100354.0426364,
        1753100354.0528383,
        1753100354.0628035,
        1753100354.0728657,
        1753100354.0829244,
        1753100354.0930269,
        1753100354.1030648,
        1753100354.113131,
        1753100354.123138,
        1753100354.1331527,
        1753100354.1431994,
        1753100354.153401,
        1753100354.1633453,
        1753100354.1733913,
        1753100354.1834798,
        1753100354.1935828,
        1753100354.2035387,
        1753100354.2136343,
        1753100354.22379,
        1753100354.2337584,
        1753100354.2442808,
        1753100354.2540712,
        1753100354.2639947,
        1753100354.2739983,
        1753100354.284157,
        1753100354.2941337,
        1753100354.3041954,
        1753100354.3142784,
        1753100354.324337,
        1753100354.3343284,
        1753100354.344418,
        1753100354.3545585,
        1753100354.3645136,
        1753100354.3745956,
        1753100354.3846571,
        1753100354.3947377,
        1753100354.404781,
        1753100354.4148884,
        1753100354.4250212,
        1753100354.4350138,
        1753100354.4450808,
        1753100354.4551647,
        1753100354.4650855,
        1753100354.475137,
        1753100354.4853806,
        1753100354.495451,
        1753100354.505374,
        1753100354.5154393,
        1753100354.5255504,
        1753100354.5355098,
        1753100354.5456097,
        1753100354.5558093,
        1753100354.565705,
        1753100354.576024,
        1753100354.5865998,
        1753100354.5962114,
        1753100354.6063492,
        1753100354.6163774,
        1753100354.626317,
        1753100354.6363835,
        1753100354.646453,
        1753100354.6566973,
        1753100354.6665173,
        1753100354.6766124,
        1753100354.6867163,
        1753100354.6967554,
        1753100354.7068002,
        1753100354.7169495,
        1753100354.7270107,
        1753100354.7369912,
        1753100354.7470896,
        1753100354.75724,
        1753100354.767135,
        1753100354.7773185,
        1753100354.7873864,
        1753100354.7973647,
        1753100354.807407,
        1753100354.8174815,
        1753100354.8275437,
        1753100354.8375607,
        1753100354.8476949,
        1753100354.8578563,
        1753100354.867794,
        1753100354.8778899,
        1753100354.8880832,
        1753100354.89804,
        1753100354.9080267,
        1753100354.9181483,
        1753100354.9281716,
        1753100354.9382122,
        1753100354.9482749,
        1753100354.9584026,
        1753100354.968353,
        1753100354.9784396,
        1753100354.9885669,
        1753100354.9985366,
        1753100355.0086284,
        1753100355.0186958,
        1753100355.0287986,
        1753100355.0388114,
        1753100355.048914,
        1753100355.0590436,
        1753100355.0690992,
        1753100355.079013,
        1753100355.0891464,
        1753100355.0991123,
        1753100355.1094377,
        1753100355.1193845,
        1753100355.1294086,
        1753100355.1394649,
        1753100355.1495018,
        1753100355.159605,
        1753100355.1696548,
        1753100355.1796992,
        1753100355.189795,
        1753100355.1997983,
        1753100355.2098804,
        1753100355.2199342,
        1753100355.2300172,
        1753100355.2399971,
        1753100355.2502027,
        1753100355.260263,
        1753100355.2702692,
        1753100355.2803247,
        1753100355.2905426,
        1753100355.3004656,
        1753100355.3105369,
        1753100355.3205743,
        1753100355.330614,
        1753100355.3406281,
        1753100355.3507402,
        1753100355.3608186,
        1753100355.3708436,
        1753100355.380963,
        1753100355.39109,
        1753100355.4010568,
        1753100355.4111862,
        1753100355.4211884,
        1753100355.4312072,
        1753100355.441193,
        1753100355.4512737,
        1753100355.4613786,
        1753100355.4713702,
        1753100355.481526,
        1753100355.4923098,
        1753100355.5015817,
        1753100355.5116675,
        1753100355.5217745,
        1753100355.5319066,
        1753100355.541915,
        1753100355.552045,
        1753100355.562089,
        1753100355.5721345,
        1753100355.5822256,
        1753100355.5923507,
        1753100355.6023562,
        1753100355.6128044,
        1753100355.6232533,
        1753100355.6329186,
        1753100355.6430178,
        1753100355.6531372,
        1753100355.663077,
        1753100355.6731155,
        1753100355.6831708,
        1753100355.6933076,
        1753100355.7032678,
        1753100355.7133524,
        1753100355.7234447,
        1753100355.733431,
        1753100355.7435071,
        1753100355.7536318,
        1753100355.7636206,
        1753100355.7737036,
        1753100355.783801,
        1753100355.7938638,
        1753100355.803888,
        1753100355.8139548,
        1753100355.8240926,
        1753100355.834046,
        1753100355.8441486,
        1753100355.854202,
        1753100355.8642652,
        1753100355.8742852,
        1753100355.8845537,
        1753100355.8944716,
        1753100355.9044545,
        1753100355.9145577,
        1753100355.9246259,
        1753100355.9347007,
        1753100355.9447224,
        1753100355.9548833,
        1753100355.9648716,
        1753100355.974959,
        1753100355.9849973,
        1753100355.995282,
        1753100356.005099,
        1753100356.0151584,
        1753100356.0252373,
        1753100356.0352736,
        1753100356.0452795,
        1753100356.0554168,
        1753100356.0654242,
        1753100356.0754654,
        1753100356.0855508,
        1753100356.0955956,
        1753100356.1056979,
        1753100356.1158073,
        1753100356.1258059,
        1753100356.1358569,
        1753100356.145902,
        1753100356.156022,
        1753100356.1660354,
        1753100356.17615,
        1753100356.1861172,
        1753100356.1962166,
        1753100356.206179,
        1753100356.216275,
        1753100356.2263665,
        1753100356.2363422,
        1753100356.2464073,
        1753100356.2565205,
        1753100356.2665243,
        1753100356.2767322,
        1753100356.286746,
        1753100356.296718,
        1753100356.3067756,
        1753100356.3168604,
        1753100356.3269498,
        1753100356.3369603,
        1753100356.3470342,
        1753100356.357042,
        1753100356.367202,
        1753100356.3773434,
        1753100356.387313,
        1753100356.397574,
        1753100356.4075236,
        1753100356.4174953,
        1753100356.427509,
        1753100356.437528,
        1753100356.4475803,
        1753100356.45774,
        1753100356.4677207,
        1753100356.4778135,
        1753100356.488025,
        1753100356.4979908,
        1753100356.5080082,
        1753100356.5181425,
        1753100356.528131,
        1753100356.5381336,
        1753100356.548261,
        1753100356.5583868,
        1753100356.568387,
        1753100356.5785,
        1753100356.58863,
        1753100356.5985181,
        1753100356.608607,
        1753100356.6186543,
        1753100356.6288655,
        1753100356.6387792,
        1753100356.6488714,
        1753100356.659089,
        1753100356.669019,
        1753100356.679126,
        1753100356.689125,
        1753100356.6991146,
        1753100356.7091804,
        1753100356.71926,
        1753100356.7293475,
        1753100356.7393172,
        1753100356.7494798,
        1753100356.759475,
        1753100356.7695637,
        1753100356.77959,
        1753100356.7897193,
        1753100356.7997122,
        1753100356.8097672,
        1753100356.8198786,
        1753100356.8298905,
        1753100356.839977,
        1753100356.8500175,
        1753100356.8600678,
        1753100356.8701682,
        1753100356.8801818,
        1753100356.8904212,
        1753100356.900394,
        1753100356.9103494,
        1753100356.9204698,
        1753100356.9304576,
        1753100356.9405348,
        1753100356.9505951,
        1753100356.9606733,
        1753100356.9707458,
        1753100356.9807613,
        1753100356.9909112,
        1753100357.0008698,
        1753100357.010915,
        1753100357.0210357,
        1753100357.0310435,
        1753100357.041131,
        1753100357.0512574,
        1753100357.061312,
        1753100357.0714731,
        1753100357.081422,
        1753100357.0914457,
        1753100357.1014233,
        1753100357.111617,
        1753100357.1216772,
        1753100357.1316755,
        1753100357.1417847,
        1753100357.1518698,
        1753100357.1619015,
        1753100357.1719875,
        1753100357.182008,
        1753100357.192078,
        1753100357.2021332,
        1753100357.21214,
        1753100357.2222364,
        1753100357.232247,
        1753100357.2423265,
        1753100357.2523956,
        1753100357.262467,
        1753100357.2725012,
        1753100357.2826548,
        1753100357.2927146,
        1753100357.3027248,
        1753100357.3128064,
        1753100357.32289,
        1753100357.3328848,
        1753100357.3430018,
        1753100357.353093,
        1753100357.3632963,
        1753100357.373143,
        1753100357.3833647,
        1753100357.39335,
        1753100357.4033458,
        1753100357.4133961,
        1753100357.4234762,
        1753100357.4335015,
        1753100357.4435947,
        1753100357.453727,
        1753100357.4637017,
        1753100357.4737625,
        1753100357.4839015,
        1753100357.4940248,
        1753100357.5041687,
        1753100357.5142217,
        1753100357.5241828,
        1753100357.534208,
        1753100357.544221,
        1753100357.5542848,
        1753100357.5642896,
        1753100357.5743892,
        1753100357.5845077,
        1753100357.5945125,
        1753100357.6048071,
        1753100357.6149473,
        1753100357.6249802,
        1753100357.6350267,
        1753100357.6450255,
        1753100357.6551757,
        1753100357.6650827,
        1753100357.6751885,
        1753100357.6852565,
        1753100357.6953704,
        1753100357.7054377,
        1753100357.715549,
        1753100357.7255712,
        1753100357.7357016,
        1753100357.7456074,
        1753100357.755757,
        1753100357.7656827,
        1753100357.775798,
        1753100357.7858636,
        1753100357.7959735,
        1753100357.8059926,
        1753100357.8160853,
        1753100357.8261194,
        1753100357.8361497,
        1753100357.8462636,
        1753100357.856283,
        1753100357.8663547,
        1753100357.8763723,
        1753100357.8866227,
        1753100357.8965647,
        1753100357.9065773,
        1753100357.9166808,
        1753100357.926724,
        1753100357.9367611,
        1753100357.9468465,
        1753100357.9570484,
        1753100357.9672172,
        1753100357.9770494,
        1753100357.9871438,
        1753100357.9971163,
        1753100358.007401,
        1753100358.017262,
        1753100358.0273669,
        1753100358.0373218,
        1753100358.0475485,
        1753100358.057492,
        1753100358.0675108,
        1753100358.0775762,
        1753100358.0877001,
        1753100358.0976782,
        1753100358.1078613,
        1753100358.1178575,
        1753100358.1278992,
        1753100358.1379547,
        1753100358.1480575,
        1753100358.158135,
        1753100358.1681757,
        1753100358.1782355,
        1753100358.188288,
        1753100358.198335,
        1753100358.2083657,
        1753100358.218483,
        1753100358.2284913,
        1753100358.2384944,
        1753100358.2487378,
        1753100358.2587218,
        1753100358.2687619,
        1753100358.2795382,
        1753100358.2890744,
        1753100358.2990193,
        1753100358.309085,
        1753100358.3191068,
        1753100358.329111,
        1753100358.3392065,
        1753100358.349302,
        1753100358.3593228,
        1753100358.369559,
        1753100358.379638,
        1753100358.3897243,
        1753100358.399885,
        1753100358.409877,
        1753100358.419783,
        1753100358.4297721,
        1753100358.4398448,
        1753100358.4499114,
        1753100358.4599798,
        1753100358.4699912,
        1753100358.4801357,
        1753100358.490292,
        1753100358.5003755,
        1753100358.51032,
        1753100358.5203714,
        1753100358.530408,
        1753100358.5404656,
        1753100358.5512176,
        1753100358.5612013,
        1753100358.5707388,
        1753100358.5808022,
        1753100358.59084,
        1753100358.6008215,
        1753100358.6108932,
        1753100358.6209693,
        1753100358.6310086,
        1753100358.641132,
        1753100358.6511528,
        1753100358.6612465,
        1753100358.6713715,
        1753100358.6813574,
        1753100358.6915271,
        1753100358.7014277,
        1753100358.7115383,
        1753100358.721587,
        1753100358.7315872,
        1753100358.7416778,
        1753100358.7517579,
        1753100358.7618458,
        1753100358.7719066,
        1753100358.7819936,
        1753100358.792064,
        1753100358.8020508,
        1753100358.812149
    ],
    "set_target_data": [
        {
            "head": [
                [
                    0.9935267838430657,
                    -0.04227712016261227,
                    -0.10543801447869755,
                    -0.005430838941592178
                ],
                [
                    0.038857968662782835,
                    0.9986567358142223,
                    -0.03427509714478639,
                    0.010322717319787908
                ],
                [
                    0.10674543577060416,
                    0.029956119969688992,
                    0.99383501790715,
                    -0.005419975906473698
                ],
                [
                    0.0,
                    0.0,
                    0.0,
                    1.0
                ]
            ],
            "antennas": [
                0.0,
                -0.20313101424913985
            ],
            "body_yaw": -0.16185457398755818,
            "check_collision": false
        },
        {
            "head": [
                [
                    0.9934685405469612,
                    -0.041845760869189494,
                    -0.1061564470052054,
                    -0.005374050114174078
                ],
                [
                    0.03849723247616027,
                    0.9987003689417687,
                    -0.033399643220413146,
                    0.010377718161693727
                ],
                [
                    0.10741611627296366,
                    0.02909476538577048,
                    0.993788343960614,
                    -0.005474537595676179
                ],
                [
                    0.0,
                    0.0,
                    0.0,
                    1.0
                ]
            ],
            "antennas": [
                0.0,
                -0.20313101424913985
            ],
            "body_yaw": -0.16185457398755818,
            "check_collision": false
        },
        {
            "head": [
                [
                    0.993456571096316,
                    -0.041468246590063956,
                    -0.10641628573811443,
                    -0.005340822661050126
                ],
                [
                    0.03814980476048774,
                    0.9987258985732191,
                    -0.033032891424346816,
                    0.010308782600074727
                ],
                [
                    0.10765051668379039,
                    0.02875698252358315,
                    0.9937728121728081,
                    -0.005456708733546758
                ],
                [
                    0.0,
                    0.0,
                    0.0,
                    1.0
                ]
            ],
            "antennas": [
                0.0,
                -0.20313101424913985
            ],
            "body_yaw": -0.16185457398755818,
            "check_collision": false
        },
        {
            "head": [
                [
                    0.9934775327010081,
                    -0.041191158079567386,
                    -0.10632817366239959,
                    -0.00529828676868534
                ],
                [
                    0.03787249756204565,
                    0.9987360507345846,
                    -0.03304504337261611,
                    0.010407761905821293
                ],
                [
                    0.10755494385071364,
                    0.028802594660018457,
                    0.9937818395372903,
                    -0.0055566155871356075
                ],
                [
                    0.0,
                    0.0,
                    0.0,
                    1.0
                ]
            ],
            "antennas": [
                0.0,
                -0.20313101424913985
            ],
            "body_yaw": -0.16185457398755818,
            "check_collision": false
        },
        {
            "head": [
                [
                    0.9935594500615126,
                    -0.040879449830576106,
                    -0.10568107576578917,
                    -0.0052986001154802335
                ],
                [
                    0.03756359207131574,
                    0.9987432689554488,
                    -0.03317919931047371,
                    0.010350079576040788
                ],
                [
                    0.10690461049068392,
                    0.028995746200671656,
                    0.9938463920335485,
                    -0.005560489180548525
                ],
                [
                    0.0,
                    0.0,
                    0.0,
                    1.0
                ]
            ],
            "antennas": [
                0.0,
                -0.20313101424913985
            ],
            "body_yaw": -0.16185457398755818,
            "check_collision": false
        },
        {
            "head": [
                [
                    0.9935712031541747,
                    -0.040469712756204305,
                    -0.10572826780098328,
                    -0.0052605340018177255
                ],
                [
                    0.037185823137649184,
                    0.9987683092611644,
                    -0.0328493374845058,
                    0.010405212005464175
                ],
                [
                    0.10692744652492923,
                    0.02870656310020058,
                    0.9938523302858595,
                    -0.005594770819284059
                ],
                [
                    0.0,
                    0.0,
                    0.0,
                    1.0
                ]
            ],
            "antennas": [
                0.0,
                -0.20313101424913985
            ],
            "body_yaw": -0.16185457398755818,
            "check_collision": false
        },
        {
            "head": [
                [
                    0.9935309658581288,
                    -0.039930834527377446,
                    -0.10630968128520185,
                    -0.005239354377839286
                ],
                [
                    0.03670868982640006,
                    0.9988104521370856,
                    -0.032095993409456895,
                    0.010333404122344373
                ],
                [
                    0.10746484063284675,
                    0.027985874216431922,
                    0.9938149218401278,
                    -0.005579645854885132
                ],
                [
                    0.0,
                    0.0,
                    0.0,
                    1.0
                ]
            ],
            "antennas": [
                0.0,
                -0.20313101424913985
            ],
            "body_yaw": -0.16185457398755818,
            "check_collision": false
        },
        {
            "head": [
                [
                    0.9934640832392472,
                    -0.0392923036471476,
                    -0.10716916621725801,
                    -0.005171407717361671
                ],
                [
                    0.03609346469088637,
                    0.9988478241483078,
                    -0.031627298348082214,
                    0.01036388466165901
                ],
                [
                    0.10828839790212828,
                    0.02755247844189732,
                    0.9937376332873274,
                    -0.00564135401660826
                ],
                [
                    0.0,
                    0.0,
                    0.0,
                    1.0
                ]
            ],
            "antennas": [
                0.0,
                -0.20313101424913985
            ],
            "body_yaw": -0.16185457398755818,
            "check_collision": false
        },
        {
            "head": [
                [
                    0.9933737331224907,
                    -0.03864902200097028,
                    -0.1082352966488068,
                    -0.00513804598353885
                ],
                [
                    0.03549025797426703,
                    0.9988903216521197,
                    -0.0309607315586187,
                    0.01027560854072404
                ],
                [
                    0.10931179227881441,
                    0.026914278888600898,
                    0.9936430715607592,
                    -0.005643150616867046
                ],
                [
                    0.0,
                    0.0,
                    0.0,
                    1.0
                ]
            ],
            "antennas": [
                0.0,
                -0.20313101424913985
            ],
            "body_yaw": -0.16185457398755818,
            "check_collision": false
        },
        {
            "head": [
                [
                    0.9933358137241225,
                    -0.03810305928951136,
                    -0.10877553974039947,
                    -0.0050833247877262785
                ],
                [
                    0.03500442987700023,
                    0.998929062415276,
                    -0.030255877959885862,
                    0.010306362093682136
                ],
                [
                    0.1098118894383546,
                    0.026246621400045304,
                    0.9936057889339519,
                    -0.0055052079146626935
                ],
                [
                    0.0,
                    0.0,
                    0.0,
                    1.0
                ]
            ],
            "antennas": [
                0.0,
                -0.20313101424913985
            ],
            "body_yaw": -0.16185457398755818,
            "check_collision": false
        },
        {
            "head": [
                [
                    0.9933668627291201,
                    -0.03751538368569199,
                    -0.10869623737103985,
                    -0.005069670658821699
                ],
                [
                    0.034453181388033716,
                    0.9989584892087757,
                    -0.029915132123463924,
                    0.010239268547496044
                ],
                [
                    0.10970530672647232,
                    0.025971769763271264,
                    0.9936247847409075,
                    -0.005512024112158678
                ],
                [
                    0.0,
                    0.0,
                    0.0,
                    1.0
                ]
            ],
            "antennas": [
                0.0,
                -0.20313101424913985
            ],
            "body_yaw": -0.16185457398755818,
            "check_collision": false
        },
        {
            "head": [
                [
                    0.9934127392725154,
                    -0.037041613711665644,
                    -0.1084391456288441,
                    -0.005040763200706804
                ],
                [
                    0.03399545610222611,
                    0.9989774110988836,
                    -0.029806728746615198,
                    0.01025404907262676
                ],
                [
                    0.109432346294318,
                    0.025923945837939548,
                    0.993656132983998,
                    -0.005562943724412575
                ],
                [
                    0.0,
                    0.0,
                    0.0,
                    1.0
                ]
            ],
            "antennas": [
                0.0,
                -0.20313101424913985
            ],
            "body_yaw": -0.16185457398755818,
            "check_collision": false
        },
        {
            "head": [
                [
                    0.9934637809533664,
                    -0.03679378891797008,
                    -0.10805523139071739,
                    -0.005018945849016944
                ],
                [
                    0.03372878070449439,
                    0.99897892901786,
                    -0.03005775657825323,
                    0.010211398426052919
                ],
                [
                    0.10905083808036388,
                    0.02621672129365647,
                    0.9936903935525295,
                    -0.005568186393515975
                ],
                [
                    0.0,
                    0.0,
                    0.0,
                    1.0
                ]
            ],
            "antennas": [
                0.0,
                -0.20313101424913985
            ],
            "body_yaw": -0.16185457398755818,
            "check_collision": false
        },
        {
            "head": [
                [
                    0.9934438118398766,
                    -0.03656140963586115,
                    -0.10831738568897477,
                    -0.004897640911504774
                ],
                [
                    0.03349463894527672,
                    0.9989885798400753,
                    -0.02999877515890634,
                    0.010163384407718084
                ],
                [
                    0.10930462880857748,
                    0.02617404581924283,
                    0.9936636339559131,
                    -0.005578699903944775
                ],
                [
                    0.0,
                    0.0,
                    0.0,
                    1.0
                ]
            ],
            "antennas": [
                0.0,
                -0.20313101424913985
            ],
            "body_yaw": -0.16185457398755818,
            "check_collision": false
        },
        {
            "head": [
                [
                    0.9933365453529988,
                    -0.03603074731383411,
                    -0.10947279531544109,
                    -0.0048300767930218955
                ],
                [
                    0.0329864577668542,
                    0.9990205160856538,
                    -0.029494101850191617,
                    0.010090883432306515
                ],
                [
                    0.11042826300438384,
                    0.02568644950086656,
                    0.9935521149098693,
                    -0.005550032971339938
                ],
                [
                    0.0,
                    0.0,
                    0.0,
                    1.0
                ]
            ],
            "antennas": [
                0.0,
                -0.20313101424913985
            ],
            "body_yaw": -0.16185457398755818,
            "check_collision": false
        },
        {
            "head": [
                [
                    0.9931946360145554,
                    -0.03536091435354563,
                    -0.11096855738449651,
                    -0.004750243495557102
                ],
                [
                    0.03235072835940113,
                    0.9990612289661918,
                    -0.02881130249015081,
                    0.00996534520148745
                ],
                [
                    0.11188317731692876,
                    0.02502531743343012,
                    0.9934062049941227,
                    -0.005456418434313551
                ],
                [
                    0.0,
                    0.0,
                    0.0,
                    1.0
                ]
            ],
            "antennas": [
                0.0,
                -0.20313101424913985
            ],
            "body_yaw": -0.16185457398755818,
            "check_collision": false
        },
        {
            "head": [
                [
                    0.9930752187149143,
                    -0.03440754196051728,
                    -0.1123286741244674,
                    -0.004690577290543091
                ],
                [
                    0.03153834374185405,
                    0.9991317926400711,
                    -0.027221201477140935,
                    0.009840070097074953
                ],
                [
                    0.11316776417490187,
                    0.023490040273990317,
                    0.9932981803867259,
                    -0.005430158041005441
                ],
                [
                    0.0,
                    0.0,
                    0.0,
                    1.0
                ]
            ],
            "antennas": [
                0.0,
                -0.20313101424913985
            ],
            "body_yaw": -0.16185457398755818,
            "check_collision": false
        },
        {
            "head": [
                [
                    0.993046781697246,
                    -0.033592944154341234,
                    -0.11282554437619731,
                    -0.004653336868531718
                ],
                [
                    0.030837307183646318,
                    0.9991840780984462,
                    -0.026081383403096597,
                    0.009769201623660106
                ],
                [
                    0.11360963799961425,
                    0.022420797880566126,
                    0.9932724490168824,
                    -0.00544557423171055
                ],
                [
                    0.0,
                    0.0,
                    0.0,
                    1.0
                ]
            ],
            "antennas": [
                0.0,
                -0.20313101424913985
            ],
            "body_yaw": -0.16185457398755818,
            "check_collision": false
        },
        {
            "head": [
                [
                    0.9930428302700157,
                    -0.03280767537570373,
                    -0.11309108579264673,
                    -0.0046240361569585345
                ],
                [
                    0.030149133652767425,
                    0.9992292308521931,
                    -0.02513909207833061,
                    0.009660190105082855
                ],
                [
                    0.11382867384497153,
                    0.02155459688738486,
                    0.9932665464837311,
                    -0.005435257569145093
                ],
                [
                    0.0,
                    0.0,
                    0.0,
                    1.0
                ]
            ],
            "antennas": [
                0.0,
                -0.20313101424913985
            ],
            "body_yaw": -0.16185457398755818,
            "check_collision": false
        },
        {
            "head": [
                [
                    0.9930778743778792,
                    -0.032218575190724526,
                    -0.11295263978231189,
                    -0.00458887500226225
                ],
                [
                    0.029604228447427237,
                    0.9992553020258194,
                    -0.02474734392456895,
                    0.009667018901655422
                ],
                [
                    0.1136658483412921,
                    0.02123216394925374,
                    0.9932921373568233,
                    -0.005515439064355145
                ],
                [
                    0.0,
                    0.0,
                    0.0,
                    1.0
                ]
            ],
            "antennas": [
                0.0,
                -0.20313101424913985
            ],
            "body_yaw": -0.16185457398755818,
            "check_collision": false
        },
        {
            "head": [
                [
                    0.9931446039946438,
                    -0.031541860079039974,
                    -0.1125562375840471,
                    -0.004565501640347773
                ],
                [
                    0.02895259407174719,
                    0.999278881348322,
                    -0.02456551623236929,
                    0.009573259242429452
                ],
                [
                    0.11324991325753332,
                    0.021138314833506342,
                    0.9933416475680261,
                    -0.005512329048578903
                ],
                [
                    0.0,
                    0.0,
                    0.0,
                    1.0
                ]
            ],
            "antennas": [
                0.0,
                -0.20313101424913985
            ],
            "body_yaw": -0.16185457398755818,
            "check_collision": false
        },
        {
            "head": [
                [
                    0.9931069815037356,
                    -0.03059969111223616,
                    -0.11314672859775957,
                    -0.0045218368387002945
                ],
                [
                    0.02807610392943372,
                    0.9993216861983272,
                    -0.02383065005147755,
                    0.009556315213643777
                ],
                [
                    0.11379919014071657,
                    0.02048966562850858,
                    0.9932924634395195,
                    -0.005500033636654302
                ],
                [
                    0.0,
                    0.0,
                    0.0,
                    1.0
                ]
            ],
            "antennas": [
                0.0,
                -0.20313101424913985
            ],
            "body_yaw": -0.16185457398755818,
            "check_collision": false
        },
        {
            "head": [
                [
                    0.9929891779969408,
                    -0.02939912338592566,
                    -0.11449097748337529,
                    -0.004446025199627723
                ],
                [
                    0.026974469630812938,
                    0.9993790316293504,
                    -0.02267000502245406,
                    0.00941133176417376
                ],
                [
                    0.11508636048244804,
                    0.019422736257305784,
                    0.9931655888859535,
                    -0.005471239503136107
                ],
                [
                    0.0,
                    0.0,
                    0.0,
                    1.0
                ]
            ],
            "antennas": [
                0.0,
                -0.20313101424913985
            ],
            "body_yaw": -0.16185457398755818,
            "check_collision": false
        },
        {
            "head": [
                [
                    0.9929122803005278,
                    -0.028054464168179007,
                    -0.1154909116278976,
                    -0.004367465996047704
                ],
                [
                    0.025783030780291975,
                    0.9994445413090357,
                    -0.021115022409512137,
                    0.009352203388873584
                ],
                [
                    0.11601913183690443,
                    0.017987659319879376,
                    0.9930840876582423,
                    -0.005421982520793291
                ],
                [
                    0.0,
                    0.0,
                    0.0,
                    1.0
                ]
            ],
            "antennas": [
                0.0,
                -0.20313101424913985
            ],
            "body_yaw": -0.16185457398755818,
            "check_collision": false
        },
        {
            "head": [
                [
                    0.9929137872133728,
                    -0.026589367340227182,
                    -0.11582407653870502,
                    -0.004328308466129515
                ],
                [
                    0.024486728700104175,
                    0.999509190002213,
                    -0.019539171392043662,
                    0.009196620509919828
                ],
                [
                    0.11628676312962208,
                    0.01656455992674189,
                    0.9930775418240353,
                    -0.005416423570949404
                ],
                [
                    0.0,
                    0.0,
                    0.0,
                    1.0
                ]
            ],
            "antennas": [
                0.0,
                -0.20313101424913985
            ],
            "body_yaw": -0.16185457398755818,
            "check_collision": false
        },
        {
            "head": [
                [
                    0.9930244717295905,
                    -0.025184970181079597,
                    -0.11518730756097134,
                    -0.004255751318684881
                ],
                [
                    0.023255606545788718,
                    0.9995663530325893,
                    -0.018063295638296374,
                    0.009029400751596748
                ],
                [
                    0.11559228049638584,
                    0.01525854390520797,
                    0.993179541436259,
                    -0.005421774727771835
                ],
                [
                    0.0,
                    0.0,
                    0.0,
                    1.0
                ]
            ],
            "antennas": [
                0.0,
                -0.20313101424913985
            ],
            "body_yaw": -0.16185457398755818,
            "check_collision": false
        },
        {
            "head": [
                [
                    0.993153466932101,
                    -0.024007262637240706,
                    -0.11432341169425754,
                    -0.00425648466981283
                ],
                [
                    0.022166092566204734,
                    0.9996037565228294,
                    -0.017349186891450152,
