{
    "description": "When you face a threatening or dangerous situation. Can also be used when surprised or shocked.",
    "time": [
        1753100738.8268242,
        1753100738.836809,
        1753100738.8469443,
        1753100738.856918,
        1753100738.8669846,
        1753100738.877022,
        1753100738.8871183,
        1753100738.8972552,
        1753100738.9072952,
        1753100738.9173038,
        1753100738.9272823,
        1753100738.9373698,
        1753100738.9474816,
        1753100738.957451,
        1753100738.9675581,
        1753100738.977628,
        1753100738.9879043,
        1753100738.9977603,
        1753100739.007797,
        1753100739.017905,
        1753100739.0279438,
        1753100739.0379868,
        1753100739.0480728,
        1753100739.0580688,
        1753100739.0681205,
        1753100739.0781968,
        1753100739.0882385,
        1753100739.098326,
        1753100739.108369,
        1753100739.1184635,
        1753100739.1285698,
        1753100739.1385438,
        1753100739.1487484,
        1753100739.1587029,
        1753100739.1687856,
        1753100739.1788206,
        1753100739.1888754,
        1753100739.1989303,
        1753100739.2089987,
        1753100739.2191138,
        1753100739.2290878,
        1753100739.2391553,
        1753100739.2492647,
        1753100739.2592566,
        1753100739.2692869,
        1753100739.2793517,
        1753100739.2894766,
        1753100739.2994933,
        1753100739.3095725,
        1753100739.319717,
        1753100739.3297093,
        1753100739.3396606,
        1753100739.3498437,
        1753100739.3598604,
        1753100739.3699179,
        1753100739.3800368,
        1753100739.3900242,
        1753100739.400107,
        1753100739.4100974,
        1753100739.4202075,
        1753100739.4302735,
        1753100739.4403164,
        1753100739.4504733,
        1753100739.4604182,
        1753100739.4706755,
        1753100739.4806466,
        1753100739.4907773,
        1753100739.500748,
        1753100739.510778,
        1753100739.5209064,
        1753100739.5309389,
        1753100739.5408785,
        1753100739.5510972,
        1753100739.5610337,
        1753100739.5710466,
        1753100739.581148,
        1753100739.591209,
        1753100739.6012478,
        1753100739.6115856,
        1753100739.621658,
        1753100739.6317172,
        1753100739.6418006,
        1753100739.6522038,
        1753100739.6619444,
        1753100739.6718519,
        1753100739.682022,
        1753100739.6920044,
        1753100739.7023773,
        1753100739.712538,
        1753100739.7223744,
        1753100739.7323954,
        1753100739.7423704,
        1753100739.752587,
        1753100739.7625587,
        1753100739.7726135,
        1753100739.782665,
        1753100739.792704,
        1753100739.8029983,
        1753100739.8130774,
        1753100739.8229895,
        1753100739.833075,
        1753100739.84302,
        1753100739.8531504,
        1753100739.8631089,
        1753100739.8733027,
        1753100739.8831575,
        1753100739.8932176,
        1753100739.9037206,
        1753100739.9137447,
        1753100739.923659,
        1753100739.9337382,
        1753100739.943544,
        1753100739.9538672,
        1753100739.9637218,
        1753100739.9737449,
        1753100739.983857,
        1753100739.9939027,
        1753100740.0041385,
        1753100740.0140424,
        1753100740.024125,
        1753100740.034082,
        1753100740.0441759,
        1753100740.0543487,
        1753100740.0642612,
        1753100740.074419,
        1753100740.0845296,
        1753100740.094594,
        1753100740.104486,
        1753100740.1146026,
        1753100740.1246314,
        1753100740.1346996,
        1753100740.1447275,
        1753100740.1548662,
        1753100740.1648738,
        1753100740.174843,
        1753100740.1849544,
        1753100740.1950772,
        1753100740.2049997,
        1753100740.2151322,
        1753100740.2251596,
        1753100740.23522,
        1753100740.2452755,
        1753100740.2553904,
        1753100740.2654893,
        1753100740.2754638,
        1753100740.285569,
        1753100740.2956226,
        1753100740.3056467,
        1753100740.3157427,
        1753100740.3257957,
        1753100740.3359554,
        1753100740.3460114,
        1753100740.356098,
        1753100740.3661542,
        1753100740.3760908,
        1753100740.3862808,
        1753100740.3962612,
        1753100740.4062636,
        1753100740.4164734,
        1753100740.4265163,
        1753100740.4364178,
        1753100740.4464982,
        1753100740.4565816,
        1753100740.4666455,
        1753100740.4766226,
        1753100740.486935,
        1753100740.4969223,
        1753100740.5068176,
        1753100740.5170226,
        1753100740.527298,
        1753100740.5373206,
        1753100740.5474024,
        1753100740.5574439,
        1753100740.5676067,
        1753100740.5775697,
        1753100740.5876417,
        1753100740.5977073,
        1753100740.6079743,
        1753100740.6179116,
        1753100740.6279,
        1753100740.6379564,
        1753100740.6480443,
        1753100740.6580608,
        1753100740.6681097,
        1753100740.678118,
        1753100740.6882293,
        1753100740.6982207,
        1753100740.7085292,
        1753100740.718702,
        1753100740.7286663,
        1753100740.738659,
        1753100740.748815,
        1753100740.7587082,
        1753100740.7687273,
        1753100740.77924,
        1753100740.7890103,
        1753100740.799032,
        1753100740.8090072,
        1753100740.8193035,
        1753100740.8292139,
        1753100740.8391726,
        1753100740.849408,
        1753100740.85939,
        1753100740.8696654,
        1753100740.8795526,
        1753100740.8896034,
        1753100740.899727,
        1753100740.9096477,
        1753100740.9198267,
        1753100740.9299555,
        1753100740.939841,
        1753100740.9499397,
        1753100740.9599905,
        1753100740.9700174,
        1753100740.9801552,
        1753100740.9901228,
        1753100741.0001738,
        1753100741.0102155,
        1753100741.020369,
        1753100741.030389,
        1753100741.0404172,
        1753100741.050516,
        1753100741.0605407,
        1753100741.0706646,
        1753100741.0809288,
        1753100741.0912986,
        1753100741.101024,
        1753100741.111602,
        1753100741.121108,
        1753100741.1311865,
        1753100741.1413374,
        1753100741.1514685,
        1753100741.1613748,
        1753100741.1713393,
        1753100741.1814506,
        1753100741.191456,
        1753100741.201546,
        1753100741.2115614,
        1753100741.2215967,
        1753100741.2316375,
        1753100741.241718,
        1753100741.2518349,
        1753100741.2618482,
        1753100741.271886,
        1753100741.2819777,
        1753100741.292084,
        1753100741.3020914,
        1753100741.3121312,
        1753100741.3222475,
        1753100741.3323317,
        1753100741.3423169,
        1753100741.35245,
        1753100741.362456,
        1753100741.37248,
        1753100741.3826144,
        1753100741.3926375,
        1753100741.4027534,
        1753100741.4128058,
        1753100741.4228275,
        1753100741.4329164,
        1753100741.4429216,
        1753100741.4530702,
        1753100741.4631004,
        1753100741.4730854,
        1753100741.4838219,
        1753100741.4953306,
        1753100741.5033123,
        1753100741.513359,
        1753100741.5234184,
        1753100741.5335078,
        1753100741.5435348,
        1753100741.553659,
        1753100741.5636888,
        1753100741.5737162,
        1753100741.5837862,
        1753100741.5938704,
        1753100741.6038842,
        1753100741.613965,
        1753100741.6241052,
        1753100741.6340983,
        1753100741.6442022,
        1753100741.6543665,
        1753100741.6643314,
        1753100741.6743028,
        1753100741.684417,
        1753100741.6945872,
        1753100741.7044888,
        1753100741.7147243,
        1753100741.7246482,
        1753100741.734696,
        1753100741.744717,
        1753100741.7548203,
        1753100741.7648742,
        1753100741.7748883,
        1753100741.7850006,
        1753100741.7950444,
        1753100741.8050818,
        1753100741.8151906,
        1753100741.8252356,
        1753100741.8352518,
        1753100741.8453376,
        1753100741.8554122,
        1753100741.8655672,
        1753100741.8754563,
        1753100741.8858917,
        1753100741.8957138,
        1753100741.9057329,
        1753100741.9158747,
        1753100741.9258473,
        1753100741.9360492,
        1753100741.9460614,
        1753100741.9560664,
        1753100741.9661798,
        1753100741.9761758,
        1753100741.9862516,
        1753100741.9962735,
        1753100742.0063207,
        1753100742.0163414,
        1753100742.0268273,
        1753100742.0365446,
        1753100742.0465703,
        1753100742.0568254,
        1753100742.0668428,
        1753100742.0769258,
        1753100742.0869186,
        1753100742.0969064,
        1753100742.1070156,
        1753100742.117125,
        1753100742.1270232,
        1753100742.1370485,
        1753100742.1471553,
        1753100742.1571548,
        1753100742.1672976,
        1753100742.1772623,
        1753100742.1873527,
        1753100742.1975558,
        1753100742.2074528,
        1753100742.2176015,
        1753100742.2276316,
        1753100742.237619,
        1753100742.247729,
        1753100742.2577734,
        1753100742.2679298,
        1753100742.278014,
        1753100742.2880318,
        1753100742.2980719,
        1753100742.3080006,
        1753100742.3181403,
        1753100742.328243,
        1753100742.3382082,
        1753100742.3482847,
        1753100742.3583984,
        1753100742.3684943,
        1753100742.3785608,
        1753100742.3885317,
        1753100742.3985949,
        1753100742.4086456,
        1753100742.418825,
        1753100742.4289477,
        1753100742.43883,
        1753100742.4495094,
        1753100742.459724,
        1753100742.4693763,
        1753100742.479234,
        1753100742.4894326,
        1753100742.4993021,
        1753100742.5092688,
        1753100742.5197136,
        1753100742.5297341,
        1753100742.540156,
        1753100742.5499868,
        1753100742.560606,
        1753100742.5701797,
        1753100742.5808856,
        1753100742.5910544,
        1753100742.6003928,
        1753100742.610278,
        1753100742.6205957,
        1753100742.6306233,
        1753100742.6406686,
        1753100742.6505866,
        1753100742.6606178,
        1753100742.6707807,
        1753100742.6807227,
        1753100742.690883,
        1753100742.7009566,
        1753100742.7109728,
        1753100742.721341,
        1753100742.7312202,
        1753100742.741363,
        1753100742.7514336,
        1753100742.7619398,
        1753100742.771789,
        1753100742.7815735,
        1753100742.7916403,
        1753100742.8017006,
        1753100742.812091,
        1753100742.822102,
        1753100742.8320632,
        1753100742.8420665,
        1753100742.8525348,
        1753100742.862345,
        1753100742.8726063,
        1753100742.8821254,
        1753100742.8923628,
        1753100742.9023957,
        1753100742.912249,
        1753100742.922304,
        1753100742.932456,
        1753100742.9423718,
        1753100742.9525743,
        1753100742.962559,
        1753100742.972602,
        1753100742.9827497,
        1753100742.992881,
        1753100743.00284,
        1753100743.0128741,
        1753100743.022879,
        1753100743.0329654,
        1753100743.042983,
        1753100743.0531077,
        1753100743.0630755,
        1753100743.0732002,
        1753100743.083411,
        1753100743.093282,
        1753100743.103369,
        1753100743.113539,
        1753100743.123487,
        1753100743.1335664,
        1753100743.1435912,
        1753100743.1536899,
        1753100743.1636987,
        1753100743.1738899,
        1753100743.183889,
        1753100743.1939335,
        1753100743.2039633,
        1753100743.2140286,
        1753100743.224077,
        1753100743.2341392,
        1753100743.2441626,
        1753100743.2542307,
        1753100743.2643337,
        1753100743.274639,
        1753100743.284763,
        1753100743.2945375,
        1753100743.3045583,
        1753100743.3146677,
        1753100743.3246644,
        1753100743.3347197,
        1753100743.344786,
        1753100743.3548803,
        1753100743.3649654,
        1753100743.3750103,
        1753100743.3850818,
        1753100743.3951526,
        1753100743.4051185,
        1753100743.4153714,
        1753100743.4252949,
        1753100743.4353244,
        1753100743.445352,
        1753100743.4553785,
        1753100743.465463,
        1753100743.4755502,
        1753100743.4857848,
        1753100743.4959495,
        1753100743.5057533,
        1753100743.5159304,
        1753100743.525946,
        1753100743.5360234,
        1753100743.5461342,
        1753100743.556167,
        1753100743.566327,
        1753100743.5762644,
        1753100743.5863345,
        1753100743.5964174,
        1753100743.606416,
        1753100743.6171486,
        1753100743.6266775,
        1753100743.6367698,
        1753100743.6468036,
        1753100743.657005,
        1753100743.6669204,
        1753100743.6769588,
        1753100743.6872528,
        1753100743.6970973,
        1753100743.707155,
        1753100743.7172065,
        1753100743.72712,
        1753100743.7372868,
        1753100743.747294,
        1753100743.7573953,
        1753100743.7674048,
        1753100743.7774997,
        1753100743.7876825,
        1753100743.7976239,
        1753100743.8076649,
        1753100743.817785,
        1753100743.8280318,
        1753100743.8398361,
        1753100743.8483675,
        1753100743.858408,
        1753100743.8685305,
        1753100743.87857,
        1753100743.888616,
        1753100743.8988178,
        1753100743.908573,
        1753100743.918764
    ],
    "set_target_data": [
        {
            "head": [
                [
                    0.9992183690371278,
                    -0.039528833195957826,
                    -0.0003497498364621542,
                    -0.013705799906614122
                ],
                [
                    0.03952540646404155,
                    0.9989131841676118,
                    0.02470207966902904,
                    0.005048784542101425
                ],
                [
                    -0.0006270746640277983,
                    -0.02469659576315929,
                    0.9996947958927648,
                    0.0026849766049936224
                ],
                [
                    0.0,
                    0.0,
                    0.0,
                    1.0
                ]
            ],
            "antennas": [
                0.09167745631321472,
                -0.07037243390868982
            ],
            "body_yaw": 0.0,
            "check_collision": false
        },
        {
            "head": [
                [
                    0.9992137132725373,
                    -0.03964588463319075,
                    -0.00039879789279418786,
                    -0.013715650529565603
                ],
                [
                    0.03964361525494207,
                    0.9989077231763749,
                    0.02473346615637757,
                    0.005047675953136416
                ],
                [
                    -0.0005822178507160948,
                    -0.024729828350441078,
                    0.9996940014885214,
                    0.0026152597222864954
                ],
                [
                    0.0,
                    0.0,
                    0.0,
                    1.0
                ]
            ],
            "antennas": [
                0.09167745631321472,
                -0.07037243390868982
            ],
            "body_yaw": 0.0,
            "check_collision": false
        },
        {
            "head": [
                [
                    0.999209777547625,
                    -0.0397449175237439,
                    -0.0004024726783559056,
                    -0.013717972207602416
                ],
                [
                    0.039742571993286235,
                    0.9988979857467227,
                    0.024966818830173806,
                    0.0050689538455790375
                ],
                [
                    -0.0005902750075077114,
                    -0.02496308478876471,
                    0.999688199376808,
                    0.0025982217185152095
                ],
                [
                    0.0,
                    0.0,
                    0.0,
                    1.0
                ]
            ],
            "antennas": [
                0.09167745631321472,
                -0.07037243390868982
            ],
            "body_yaw": 0.0,
            "check_collision": false
        },
        {
            "head": [
                [
                    0.9992048581529683,
                    -0.03986821670122995,
                    -0.00042040524565634455,
                    -0.013711278985715756
                ],
                [
                    0.03986626078627274,
                    0.9988922077085693,
                    0.025000772588494303,
                    0.005090120956779225
                ],
                [
                    -0.0005767966952903309,
                    -0.024997653413160317,
                    0.9996873434376411,
                    0.002560789213926335
                ],
                [
                    0.0,
                    0.0,
                    0.0,
                    1.0
                ]
            ],
            "antennas": [
                0.09167745631321472,
                -0.07037243390868982
            ],
            "body_yaw": 0.0,
            "check_collision": false
        },
        {
            "head": [
                [
                    0.9992049378787206,
                    -0.039865493515690305,
                    -0.00048429901148606117,
                    -0.013711501442873465
                ],
                [
                    0.039865183186497184,
                    0.9988945699122629,
                    0.024907937877358195,
                    0.005119081616304561
                ],
                [
                    -0.0005092035831517368,
                    -0.024907441188242656,
                    0.9996896318783971,
                    0.0025452121594976623
                ],
                [
                    0.0,
                    0.0,
                    0.0,
                    1.0
                ]
            ],
            "antennas": [
                0.09167745631321472,
                -0.07037243390868982
            ],
            "body_yaw": 0.0,
            "check_collision": false
        },
        {
            "head": [
                [
                    0.9992060368195387,
                    -0.039837241972203986,
                    -0.0005386422184910155,
                    -0.01373706913555715
                ],
                [
                    0.03983832747074368,
                    0.9988974799499973,
                    0.024834093780109208,
                    0.005120751110602365
                ],
                [
                    -0.0004512734484332649,
                    -0.02483583502911748,
                    0.999691441221081,
                    0.002531211788333993
                ],
                [
                    0.0,
                    0.0,
                    0.0,
                    1.0
                ]
            ],
            "antennas": [
                0.09167745631321472,
                -0.07037243390868982
            ],
            "body_yaw": 0.0,
            "check_collision": false
        },
        {
            "head": [
                [
                    0.9992062592611176,
                    -0.03983173083764954,
                    -0.0005335465129093283,
                    -0.01374469323942884
                ],
                [
                    0.039832666746477244,
                    0.9988963598661922,
                    0.024888167990731066,
                    0.005148291689573846
                ],
                [
                    -0.0004583811388845765,
                    -0.024889665818323133,
                    0.9996900991918365,
                    0.0025066805203583014
                ],
                [
                    0.0,
                    0.0,
                    0.0,
                    1.0
                ]
            ],
            "antennas": [
                0.09167745631321472,
                -0.07037243390868982
            ],
            "body_yaw": 0.0,
            "check_collision": false
        },
        {
            "head": [
                [
                    0.9992045545206162,
                    -0.039874107005115456,
                    -0.0005601926464845874,
                    -0.013779415625581357
                ],
                [
                    0.03987560373935252,
                    0.9988895371008246,
                    0.02509240715679146,
                    0.005203379036132399
                ],
                [
                    -0.00044096675465155223,
                    -0.025094785534940656,
                    0.9996849790245307,
                    0.0025330067203260314
                ],
                [
                    0.0,
                    0.0,
                    0.0,
                    1.0
                ]
            ],
            "antennas": [
                0.09167745631321472,
                -0.07037243390868982
            ],
            "body_yaw": 0.0,
            "check_collision": false
        },
        {
            "head": [
                [
                    0.999205274534216,
                    -0.03985277782387997,
                    -0.0007585794110208577,
                    -0.013767801171866285
                ],
                [
                    0.03985931395690093,
                    0.9988958031883017,
                    0.024867839948072845,
                    0.0052014077551950704
                ],
                [
                    -0.00023331071035656548,
                    -0.02487831329729219,
                    0.9996904596391798,
                    0.00259934579700783
                ],
                [
                    0.0,
                    0.0,
                    0.0,
                    1.0
                ]
            ],
            "antennas": [
                0.09167745631321472,
                -0.07037243390868982
            ],
            "body_yaw": 0.0,
            "check_collision": false
        },
        {
            "head": [
                [
                    0.9992038365821504,
                    -0.03988610852836914,
                    -0.000889553806418437,
                    -0.013780291454464386
                ],
                [
                    0.039895903183199306,
                    0.9988968139052948,
                    0.02476836851808558,
                    0.005240266229920662
                ],
                [
                    -9.93413717542987e-05,
                    -0.024784138401688777,
                    0.9996928211280592,
                    0.002607636021730148
                ],
                [
                    0.0,
                    0.0,
                    0.0,
                    1.0
                ]
            ],
            "antennas": [
                0.09167745631321472,
                -0.07037243390868982
            ],
            "body_yaw": 0.0,
            "check_collision": false
        },
        {
            "head": [
                [
                    0.9992004945500546,
                    -0.03996149835658111,
                    -0.0012043006366477577,
                    -0.013770216850783674
                ],
                [
                    0.039979119593693255,
                    0.9988878737040198,
                    0.024993714481356937,
                    0.005205579433431322
                ],
                [
                    0.00020417502206987296,
                    -0.025021878749594013,
                    0.9996868829270499,
                    0.002680810767597525
                ],
                [
                    0.0,
                    0.0,
                    0.0,
                    1.0
                ]
            ],
            "antennas": [
                0.09167745631321472,
                -0.07037243390868982
            ],
            "body_yaw": 0.0,
            "check_collision": false
        },
        {
            "head": [
                [
                    0.9991985044466707,
                    -0.04000574917815389,
                    -0.0013743159141802607,
                    -0.013785955230068911
                ],
                [
                    0.04002759103999884,
                    0.9988872830795508,
                    0.02493968038064695,
                    0.005245477803272345
                ],
                [
                    0.000375056091717022,
                    -0.02497470189309297,
                    0.9996880131312368,
                    0.0026976546989034905
                ],
                [
                    0.0,
                    0.0,
                    0.0,
                    1.0
                ]
            ],
            "antennas": [
                0.09167745631321472,
                -0.07037243390868982
            ],
            "body_yaw": 0.0,
            "check_collision": false
        },
        {
            "head": [
                [
                    0.9991977478519629,
                    -0.04002256894160074,
                    -0.0014334095297909846,
                    -0.01372089790276991
                ],
                [
                    0.04004577460454565,
                    0.9988926074293716,
                    0.024696047442321487,
                    0.005142660649888194
                ],
                [
                    0.00044342292138167176,
                    -0.024733636980158877,
                    0.9996939784643332,
                    0.0027639353882403855
                ],
                [
                    0.0,
                    0.0,
                    0.0,
                    1.0
                ]
            ],
            "antennas": [
                0.09167745631321472,
                -0.07037243390868982
            ],
            "body_yaw": 0.0,
            "check_collision": false
        },
        {
            "head": [
                [
                    0.9991976329721849,
                    -0.04001910325886436,
                    -0.0016005115243850098,
                    -0.013760470589704036
                ],
                [
                    0.04004642723977139,
                    0.9988932420320028,
                    0.024669306600001457,
                    0.005243760547467525
                ],
                [
                    0.0006114966173524827,
                    -0.02471360753009425,
                    0.9996943851371458,
                    0.002762443733010162
                ],
                [
                    0.0,
                    0.0,
                    0.0,
                    1.0
                ]
            ],
            "antennas": [
                0.09167745631321472,
                -0.07037243390868982
            ],
            "body_yaw": 0.0,
            "check_collision": false
        },
        {
            "head": [
                [
                    0.9991938926702878,
                    -0.040107450775669594,
                    -0.0017196635353045463,
                    -0.013768185750561834
                ],
                [
                    0.04013764075919309,
                    0.9988913395765052,
                    0.02459799815718606,
                    0.0052913305208435795
                ],
                [
                    0.0007311940121318757,
                    -0.024647192767782045,
                    0.9996959443970873,
                    0.0027713846411136006
                ],
                [
                    0.0,
                    0.0,
                    0.0,
                    1.0
                ]
            ],
            "antennas": [
                0.09167745631321472,
                -0.07037243390868982
            ],
            "body_yaw": 0.0,
            "check_collision": false
        },
        {
            "head": [
                [
                    0.9991896107730396,
                    -0.040205387889696874,
                    -0.0019101067668584864,
                    -0.013794603482983153
                ],
                [
                    0.04024007158934809,
                    0.9988917705034871,
                    0.024412444754534333,
                    0.005252592965932092
                ],
                [
                    0.0009264781195061162,
                    -0.024469524005343173,
                    0.9997001470607305,
                    0.002730422958179663
                ],
                [
                    0.0,
                    0.0,
                    0.0,
                    1.0
                ]
            ],
            "antennas": [
                0.09167745631321472,
                -0.07037243390868982
            ],
            "body_yaw": 0.0,
            "check_collision": false
        },
        {
            "head": [
                [
                    0.9991896698901634,
                    -0.04019813845893931,
                    -0.002028114696641671,
                    -0.013810143568032021
                ],
                [
                    0.04023548260579694,
                    0.9988972792354368,
                    0.024193624687527487,
                    0.0052959925649334995
                ],
                [
                    0.001053339577439926,
                    -0.02425562203857638,
                    0.9997052341941882,
                    0.002738823009379227
                ],
                [
                    0.0,
                    0.0,
                    0.0,
                    1.0
                ]
            ],
            "antennas": [
                0.09167745631321472,
                -0.07037243390868982
            ],
            "body_yaw": 0.0,
            "check_collision": false
        },
        {
            "head": [
                [
                    0.9991869011743438,
                    -0.04025934757343718,
                    -0.0021728908333783345,
                    -0.013821831071851837
                ],
                [
                    0.04030012425943672,
                    0.9988959180866696,
                    0.024142179157317246,
                    0.005334357350681423
                ],
                [
                    0.0011985434020349338,
                    -0.02421011695038298,
                    0.9997061736985337,
                    0.00274839023063101
                ],
                [
                    0.0,
                    0.0,
                    0.0,
                    1.0
                ]
            ],
            "antennas": [
                0.09167745631321472,
                -0.07037243390868982
            ],
            "body_yaw": 0.0,
            "check_collision": false
        },
        {
            "head": [
                [
                    0.9991806389910353,
                    -0.04040641065006326,
                    -0.002317896426727329,
                    -0.0138325884262323
                ],
                [
                    0.040450827615436655,
                    0.9988867097179149,
                    0.024270799206953086,
                    0.005368192479190471
                ],
                [
                    0.001334620055599198,
                    -0.024344673489214475,
                    0.9997027336473632,
                    0.0027490339135347657
                ],
                [
                    0.0,
                    0.0,
                    0.0,
                    1.0
                ]
            ],
            "antennas": [
                0.09167745631321472,
                -0.07037243390868982
            ],
            "body_yaw": 0.0,
            "check_collision": false
        },
        {
            "head": [
                [
                    0.9991746276609371,
                    -0.04056017214153654,
                    -0.002221682802811171,
                    -0.013661965738903846
                ],
                [
                    0.04060210815087317,
                    0.9988824080854924,
                    0.024195115850771595,
                    0.0050604116190136545
                ],
                [
                    0.0012378418041824335,
                    -0.024265350876844623,
                    0.999704786671791,
                    0.0027673324339240806
                ],
                [
                    0.0,
                    0.0,
                    0.0,
                    1.0
                ]
            ],
            "antennas": [
                0.09167745631321472,
                -0.07037243390868982
            ],
            "body_yaw": 0.0,
            "check_collision": false
        },
        {
            "head": [
                [
                    0.9991600236591691,
                    -0.04091173896191132,
                    -0.002340242833601032,
                    -0.013657925468164415
                ],
                [
                    0.04095667815470952,
                    0.9988637972943651,
                    0.024365241004596423,
                    0.0050827640127597004
                ],
                [
                    0.0013407594636375459,
                    -0.024440623351153594,
                    0.9997003842623383,
                    0.002764779188149497
                ],
                [
                    0.0,
                    0.0,
                    0.0,
                    1.0
                ]
            ],
            "antennas": [
                0.09167745631321472,
                -0.07037243390868982
            ],
            "body_yaw": 0.0,
            "check_collision": false
        },
        {
            "head": [
                [
                    0.9991638812407805,
                    -0.04080971767526295,
                    -0.0024709041108354783,
                    -0.013623811055704895
                ],
                [
                    0.04085740108684259,
                    0.9988757141392337,
                    0.024041224579146776,
                    0.004978995038360672
                ],
                [
                    0.0014870105206377842,
                    -0.024122077980585074,
                    0.999707914419812,
                    0.002729932916928696
                ],
                [
                    0.0,
                    0.0,
                    0.0,
                    1.0
                ]
            ],
            "antennas": [
                0.09167745631321472,
                -0.07037243390868982
            ],
            "body_yaw": 0.0,
            "check_collision": false
        },
        {
            "head": [
                [
                    0.9991603388477254,
                    -0.040909993303399624,
                    -0.0022337684781353756,
                    -0.013566434017248333
                ],
                [
                    0.04095188771787985,
                    0.9988726339505976,
                    0.024008415960599813,
                    0.004850697716051211
                ],
                [
                    0.0012490660672175298,
                    -0.02407973406229439,
                    0.9997092608560993,
                    0.0027145859864339877
                ],
                [
                    0.0,
                    0.0,
                    0.0,
                    1.0
                ]
            ],
            "antennas": [
                0.09167745631321472,
                -0.07037243390868982
            ],
            "body_yaw": 0.0,
            "check_collision": false
        },
        {
            "head": [
                [
                    0.9991576218724131,
                    -0.04097837620057346,
                    -0.002195299120479663,
                    -0.01357123055966836
                ],
                [
                    0.041019446848623714,
                    0.9988674232115183,
                    0.02410966252386008,
                    0.004864657813596391
                ],
                [
                    0.001204837954680428,
                    -0.024179403027075826,
                    0.9997069094663482,
                    0.0027077234880595385
                ],
                [
                    0.0,
                    0.0,
                    0.0,
                    1.0
                ]
            ],
            "antennas": [
                0.09167745631321472,
                -0.07037243390868982
            ],
            "body_yaw": 0.0,
            "check_collision": false
        },
        {
            "head": [
                [
                    0.9991509874076848,
                    -0.041133243947176615,
                    -0.0023152979571430146,
                    -0.013595955479530755
                ],
                [
                    0.041177185770921804,
                    0.9988606711765277,
                    0.02412050888276505,
                    0.0049861708356544795
                ],
                [
                    0.0013205052954406997,
                    -0.02419536772108685,
                    0.999706377116104,
                    0.002695408922308357
                ],
                [
                    0.0,
                    0.0,
                    0.0,
                    1.0
                ]
            ],
            "antennas": [
                0.09167745631321472,
                -0.07037243390868982
            ],
            "body_yaw": 0.0,
            "check_collision": false
        },
        {
            "head": [
                [
                    0.9991525932515648,
                    -0.04109739083078698,
                    -0.0022582881955813838,
                    -0.013601007676990493
                ],
                [
                    0.041139758155597644,
                    0.998866115478334,
                    0.023958373236136733,
                    0.0050084257158014706
                ],
                [
                    0.0012711009289955756,
                    -0.024030976179186765,
                    0.9997104063108992,
                    0.00269160456211815
                ],
                [
                    0.0,
                    0.0,
                    0.0,
                    1.0
                ]
            ],
            "antennas": [
                0.09167745631321472,
                -0.07037243390868982
            ],
            "body_yaw": 0.0,
            "check_collision": false
        },
        {
            "head": [
                [
                    0.9991518155342183,
                    -0.04111685988283579,
                    -0.0022479653135038836,
