{
    "description": "TODO: Add a description of the recording. You can add as much as you want, even if the wording is not perfect.",
    "time": [
        1753101109.590176,
        1753101109.6002734,
        1753101109.6103125,
        1753101109.6203432,
        1753101109.6303833,
        1753101109.640449,
        1753101109.6506143,
        1753101109.6605814,
        1753101109.6705751,
        1753101109.6806045,
        1753101109.690683,
        1753101109.7007248,
        1753101109.7108157,
        1753101109.7208781,
        1753101109.7308748,
        1753101109.7410786,
        1753101109.7510397,
        1753101109.761255,
        1753101109.7712042,
        1753101109.7811506,
        1753101109.7913208,
        1753101109.8013358,
        1753101109.811417,
        1753101109.821492,
        1753101109.8314471,
        1753101109.8415804,
        1753101109.8516583,
        1753101109.8616328,
        1753101109.8716903,
        1753101109.8818054,
        1753101109.8918943,
        1753101109.9018729,
        1753101109.9119468,
        1753101109.9220405,
        1753101109.9320917,
        1753101109.942178,
        1753101109.952279,
        1753101109.9624588,
        1753101109.9724832,
        1753101109.9824798,
        1753101109.9924524,
        1753101110.002499,
        1753101110.012563,
        1753101110.0226564,
        1753101110.0326576,
        1753101110.042802,
        1753101110.0528162,
        1753101110.062887,
        1753101110.072918,
        1753101110.082976,
        1753101110.0930119,
        1753101110.1034112,
        1753101110.1131732,
        1753101110.1232069,
        1753101110.1332185,
        1753101110.143364,
        1753101110.1534216,
        1753101110.1634343,
        1753101110.1734972,
        1753101110.1836,
        1753101110.193634,
        1753101110.2036765,
        1753101110.2137446,
        1753101110.2238624,
        1753101110.2341032,
        1753101110.2442539,
        1753101110.254313,
        1753101110.2641103,
        1753101110.274186,
        1753101110.2842808,
        1753101110.2943015,
        1753101110.3043203,
        1753101110.314418,
        1753101110.3245976,
        1753101110.3344886,
        1753101110.3447652,
        1753101110.3546758,
        1753101110.3646724,
        1753101110.374755,
        1753101110.3848977,
        1753101110.394885,
        1753101110.4049094,
        1753101110.4150126,
        1753101110.4250953,
        1753101110.4350913,
        1753101110.4452372,
        1753101110.4552581,
        1753101110.465248,
        1753101110.4753318,
        1753101110.4856381,
        1753101110.4955258,
        1753101110.505552,
        1753101110.515711,
        1753101110.5257363,
        1753101110.5358286,
        1753101110.5459118,
        1753101110.5558922,
        1753101110.56601,
        1753101110.5760803,
        1753101110.5860987,
        1753101110.59607,
        1753101110.606119,
        1753101110.6161904,
        1753101110.6262784,
        1753101110.6362865,
        1753101110.6464036,
        1753101110.656477,
        1753101110.666485,
        1753101110.6765916,
        1753101110.686645,
        1753101110.6967247,
        1753101110.70677,
        1753101110.7169647,
        1753101110.7269597,
        1753101110.737005,
        1753101110.747053,
        1753101110.7571182,
        1753101110.76706,
        1753101110.7771106,
        1753101110.7872517,
        1753101110.7972405,
        1753101110.807303,
        1753101110.8173578,
        1753101110.8275275,
        1753101110.8375397,
        1753101110.8476298,
        1753101110.8579764,
        1753101110.8679576,
        1753101110.877914,
        1753101110.8880165,
        1753101110.898001,
        1753101110.9080448,
        1753101110.9180799,
        1753101110.9280946,
        1753101110.9382293,
        1753101110.9483078,
        1753101110.9582925,
        1753101110.968339,
        1753101110.9784803,
        1753101110.9885547,
        1753101110.9985504,
        1753101111.008623,
        1753101111.0188293,
        1753101111.0287802,
        1753101111.038779,
        1753101111.0490193,
        1753101111.058945,
        1753101111.0689578,
        1753101111.0790405,
        1753101111.089152,
        1753101111.0992079,
        1753101111.1092992,
        1753101111.119349,
        1753101111.1293502,
        1753101111.1393723,
        1753101111.149554,
        1753101111.1595056,
        1753101111.1695588,
        1753101111.179629,
        1753101111.1897225,
        1753101111.1997209,
        1753101111.2099352,
        1753101111.2199574,
        1753101111.2300706,
        1753101111.2400055,
        1753101111.2502265,
        1753101111.2601857,
        1753101111.270199,
        1753101111.2802231,
        1753101111.2903042,
        1753101111.3003109,
        1753101111.3104002,
        1753101111.320696,
        1753101111.330775,
        1753101111.340823,
        1753101111.350777,
        1753101111.3608065,
        1753101111.370803,
        1753101111.3809185,
        1753101111.3911176,
        1753101111.4009902,
        1753101111.4113648,
        1753101111.4211988,
        1753101111.4311056,
        1753101111.4411817,
        1753101111.451362,
        1753101111.4613938,
        1753101111.471395,
        1753101111.4816673,
        1753101111.4916475,
        1753101111.5016162,
        1753101111.5116997,
        1753101111.5218086,
        1753101111.5317414,
        1753101111.5418952,
        1753101111.5520682,
        1753101111.5620613,
        1753101111.5720177,
        1753101111.582125,
        1753101111.5922825,
        1753101111.602193,
        1753101111.6122844,
        1753101111.6229498,
        1753101111.6323874,
        1753101111.6426492,
        1753101111.6530037,
        1753101111.662627,
        1753101111.6725879,
        1753101111.6827776,
        1753101111.6927273,
        1753101111.7027907,
        1753101111.7128685,
        1753101111.7229388,
        1753101111.7329504,
        1753101111.743083,
        1753101111.753145,
        1753101111.7631223,
        1753101111.7731571,
        1753101111.7832892,
        1753101111.7933264,
        1753101111.8034217,
        1753101111.8134718,
        1753101111.8235335,
        1753101111.8335352,
        1753101111.8435857,
        1753101111.8537476,
        1753101111.8637629,
        1753101111.8738575,
        1753101111.8839996,
        1753101111.8939576,
        1753101111.9039636,
        1753101111.9140148,
        1753101111.924123,
        1753101111.9341142,
        1753101111.9442613,
        1753101111.9543514,
        1753101111.964322,
        1753101111.9743822,
        1753101111.9845426,
        1753101111.994508,
        1753101112.0045285,
        1753101112.0149438,
        1753101112.0247207,
        1753101112.0347242,
        1753101112.0448177,
        1753101112.0549786,
        1753101112.0649517,
        1753101112.075038,
        1753101112.0851083,
        1753101112.0952992,
        1753101112.105269,
        1753101112.1153207,
        1753101112.1253657,
        1753101112.1353848,
        1753101112.1455042,
        1753101112.155574,
        1753101112.165638,
        1753101112.1756518,
        1753101112.1857762,
        1753101112.1957643,
        1753101112.205792,
        1753101112.2158961,
        1753101112.2259412,
        1753101112.235955,
        1753101112.2460582,
        1753101112.2561243,
        1753101112.2661114,
        1753101112.276227,
        1753101112.2862778,
        1753101112.296333,
        1753101112.30638,
        1753101112.3165095,
        1753101112.3266127,
        1753101112.3365667,
        1753101112.346633,
        1753101112.3567514,
        1753101112.3667185,
        1753101112.3768249,
        1753101112.3869052,
        1753101112.3969493,
        1753101112.40699,
        1753101112.4170563,
        1753101112.427118,
        1753101112.4370964,
        1753101112.447145,
        1753101112.4573276,
        1753101112.4673507,
        1753101112.4773889,
        1753101112.4876125,
        1753101112.4975452,
        1753101112.5075724,
        1753101112.5179336,
        1753101112.5277355,
        1753101112.537789,
        1753101112.5478876,
        1753101112.5579143,
        1753101112.5679984,
        1753101112.57814,
        1753101112.588139,
        1753101112.5980718,
        1753101112.6081338,
        1753101112.6182048,
        1753101112.6282637,
        1753101112.6382875,
        1753101112.6483362,
        1753101112.6584542,
        1753101112.6684978,
        1753101112.6785839,
        1753101112.6886587,
        1753101112.6986132,
        1753101112.7087574,
        1753101112.7188425,
        1753101112.728887,
        1753101112.73897,
        1753101112.7490096,
        1753101112.7593088,
        1753101112.769089,
        1753101112.7798915,
        1753101112.789317,
        1753101112.7993062,
        1753101112.8093503,
        1753101112.8194792,
        1753101112.8295207,
        1753101112.8395443,
        1753101112.8497393,
        1753101112.8597353,
        1753101112.8697147,
        1753101112.879824,
        1753101112.8900406,
        1753101112.9003172,
        1753101112.9106686,
        1753101112.9206657,
        1753101112.9305205,
        1753101112.9410627,
        1753101112.9511628,
        1753101112.9610877,
        1753101112.9710124,
        1753101112.9813547,
        1753101112.9912052,
        1753101113.001205,
        1753101113.0112946,
        1753101113.0213375,
        1753101113.0312338,
        1753101113.041225,
        1753101113.0513484,
        1753101113.0613043,
        1753101113.0713594,
        1753101113.081518,
        1753101113.0916536,
        1753101113.1016552,
        1753101113.1119628,
        1753101113.1219244,
        1753101113.131745,
        1753101113.1420176,
        1753101113.152186,
        1753101113.1619542,
        1753101113.171915,
        1753101113.182026,
        1753101113.1921315,
        1753101113.202177,
        1753101113.2122135,
        1753101113.2223094,
        1753101113.232314,
        1753101113.2423768,
        1753101113.2524123,
        1753101113.2624836,
        1753101113.2724936,
        1753101113.2825928,
        1753101113.2927344,
        1753101113.3028564,
        1753101113.3131492,
        1753101113.3229663,
        1753101113.332918,
        1753101113.3430183,
        1753101113.3530302,
        1753101113.3632677,
        1753101113.3731081,
        1753101113.3831854,
        1753101113.3931744,
        1753101113.4032454,
        1753101113.4132855,
        1753101113.4233742,
        1753101113.433384,
        1753101113.4434655,
        1753101113.4535897,
        1753101113.4636598,
        1753101113.4736478,
        1753101113.4838376,
        1753101113.4939597,
        1753101113.503888,
        1753101113.5139353,
        1753101113.5241485,
        1753101113.5340416,
        1753101113.5441437,
        1753101113.554165,
        1753101113.5642445,
        1753101113.5744956,
        1753101113.5844915,
        1753101113.5945415,
        1753101113.6044796,
        1753101113.6151235,
        1753101113.6248243,
        1753101113.634851,
        1753101113.6450126,
        1753101113.6550086,
        1753101113.665058,
        1753101113.6751125,
        1753101113.6851318,
        1753101113.69519,
        1753101113.7052119,
        1753101113.7152822,
        1753101113.7253556,
        1753101113.7353845,
        1753101113.7455046,
        1753101113.755568,
        1753101113.765615,
        1753101113.77565,
        1753101113.785758,
        1753101113.795773,
        1753101113.8060055,
        1753101113.815969,
        1753101113.825959,
        1753101113.8359938,
        1753101113.8460686,
        1753101113.8561385,
        1753101113.866133,
        1753101113.8761728,
        1753101113.8863835,
        1753101113.8963277,
        1753101113.9072824,
        1753101113.916637,
        1753101113.9266217,
        1753101113.9366338,
        1753101113.9467578,
        1753101113.95683,
        1753101113.9668932,
        1753101113.9769044,
        1753101113.9870002,
        1753101113.9969893,
        1753101114.0070515,
        1753101114.0172448,
        1753101114.027137,
        1753101114.037198,
        1753101114.0472403,
        1753101114.0573711,
        1753101114.0673459,
        1753101114.077414,
        1753101114.0874825,
        1753101114.0974884,
        1753101114.1076322,
        1753101114.1177354,
        1753101114.1279216,
        1753101114.137758,
        1753101114.148014,
        1753101114.1579018,
        1753101114.168004,
        1753101114.1780074,
        1753101114.1881099,
        1753101114.198042,
        1753101114.2081141,
        1753101114.2182562,
        1753101114.2282588,
        1753101114.2382832,
        1753101114.248416,
        1753101114.2586815,
        1753101114.2687314,
        1753101114.2788513,
        1753101114.2887385,
        1753101114.2987103,
        1753101114.3087745,
        1753101114.318966,
        1753101114.3291266,
        1753101114.3392663,
        1753101114.3491933,
        1753101114.3590863,
        1753101114.3691394,
        1753101114.3792624,
        1753101114.389273,
        1753101114.3993094,
        1753101114.4093564,
        1753101114.4195073,
        1753101114.4295402,
        1753101114.4396155,
        1753101114.4496627,
        1753101114.4598298,
        1753101114.4697974,
        1753101114.4798882,
        1753101114.490103,
        1753101114.5001342,
        1753101114.5100708,
        1753101114.5202248,
        1753101114.5303464,
        1753101114.5403583,
        1753101114.5505018,
        1753101114.5605319,
        1753101114.5706582,
        1753101114.580599,
        1753101114.5907807,
        1753101114.6008909,
        1753101114.6108265,
        1753101114.6209676,
        1753101114.630931,
        1753101114.640983,
        1753101114.6511147,
        1753101114.6611078,
        1753101114.6711404,
        1753101114.6812725,
        1753101114.691296,
        1753101114.7012954,
        1753101114.711422,
        1753101114.721456,
        1753101114.731472,
        1753101114.7417939,
        1753101114.7516654,
        1753101114.7617307,
        1753101114.771752,
        1753101114.781823,
        1753101114.791908,
        1753101114.8019435,
        1753101114.8120463,
        1753101114.8221166,
        1753101114.8323622,
        1753101114.8421369,
        1753101114.8522918,
        1753101114.8623257,
        1753101114.872307,
        1753101114.882418,
        1753101114.8927042,
        1753101114.902738,
        1753101114.9127686,
        1753101114.9228299,
        1753101114.9328904,
        1753101114.9429383,
        1753101114.9528553,
        1753101114.9628944,
        1753101114.9729774,
        1753101114.9829798,
        1753101114.9930449,
        1753101115.003108,
        1753101115.0131145,
        1753101115.0231993,
        1753101115.0332243,
        1753101115.043312,
        1753101115.053452,
        1753101115.0634742,
        1753101115.0735528,
        1753101115.083658,
        1753101115.0936584,
        1753101115.103716,
        1753101115.1137462,
        1753101115.1238284,
        1753101115.13387,
        1753101115.1439173,
        1753101115.154021,
        1753101115.1640007,
        1753101115.1741533,
        1753101115.184086,
        1753101115.1942255,
        1753101115.204275,
        1753101115.2143414,
        1753101115.224383,
        1753101115.234497,
        1753101115.2447617,
        1753101115.25462,
        1753101115.2646196,
        1753101115.2747025,
        1753101115.2847807,
        1753101115.2948487,
        1753101115.30489,
        1753101115.3149686,
        1753101115.3250782,
        1753101115.335113,
        1753101115.3451798,
        1753101115.355229,
        1753101115.3654199,
        1753101115.3755739,
        1753101115.3856115,
        1753101115.3957021,
        1753101115.405501,
        1753101115.4155295,
        1753101115.4256773,
        1753101115.4356787,
        1753101115.4457917,
        1753101115.4559047,
        1753101115.4658773,
        1753101115.476128,
        1753101115.4861975,
        1753101115.4961944,
        1753101115.5062413,
        1753101115.5162494,
        1753101115.5263815,
        1753101115.5363674,
        1753101115.5469637,
        1753101115.5565257,
        1753101115.5665243,
        1753101115.576635,
        1753101115.5866823,
        1753101115.5966742,
        1753101115.6067252,
        1753101115.6174004,
        1753101115.6272588,
        1753101115.6377008,
        1753101115.647414,
        1753101115.657468,
        1753101115.6674337,
        1753101115.6775317,
        1753101115.687579,
        1753101115.6976159,
        1753101115.707663,
        1753101115.7178278,
        1753101115.7277594,
        1753101115.737818,
        1753101115.7479417,
        1753101115.7579575,
        1753101115.7680118,
        1753101115.7781367,
        1753101115.7881725,
        1753101115.798169,
        1753101115.808211,
        1753101115.8183014,
        1753101115.828397,
        1753101115.838403,
        1753101115.8485353,
        1753101115.8587098,
        1753101115.8687267,
        1753101115.878884,
        1753101115.8888614,
        1753101115.8987718,
        1753101115.9088147,
        1753101115.9189248,
        1753101115.9289975,
        1753101115.939255,
        1753101115.9491153,
        1753101115.9591174,
        1753101115.969177,
        1753101115.9793205,
        1753101115.9893045,
        1753101115.9994311,
        1753101116.00948,
        1753101116.0195525,
        1753101116.0295882,
        1753101116.039603,
        1753101116.0498245,
        1753101116.0598671,
        1753101116.0699606,
        1753101116.0799341,
        1753101116.0899749,
        1753101116.1000276,
        1753101116.1103666,
        1753101116.1201503,
        1753101116.1301196,
        1753101116.1401763,
        1753101116.1502979,
        1753101116.1603386,
        1753101116.1704063,
        1753101116.1804395,
        1753101116.1905432,
        1753101116.200576,
        1753101116.210691,
        1753101116.220823,
        1753101116.2307458,
        1753101116.2408147,
        1753101116.2510228,
        1753101116.2609608,
        1753101116.2710218,
        1753101116.281062,
        1753101116.291157,
        1753101116.301218,
        1753101116.3112206,
        1753101116.3212543,
        1753101116.3314056,
        1753101116.3414562,
        1753101116.351579,
        1753101116.3616767,
        1753101116.3715694,
        1753101116.3817222,
        1753101116.3917766,
        1753101116.4017286,
        1753101116.4118474,
        1753101116.4219427,
        1753101116.4319558,
        1753101116.4419763,
        1753101116.452099,
        1753101116.4621444,
        1753101116.4722185,
        1753101116.4823282,
        1753101116.4924574,
        1753101116.5024188,
        1753101116.5125508,
        1753101116.5226452,
        1753101116.5326183,
        1753101116.5429723,
        1753101116.5535235,
        1753101116.5635574,
        1753101116.5731041,
        1753101116.5831797,
        1753101116.5932734,
        1753101116.603355,
        1753101116.6133335,
        1753101116.6233916,
        1753101116.6334162,
        1753101116.6435666,
        1753101116.6535873,
        1753101116.663629,
        1753101116.6737027,
        1753101116.6837487,
        1753101116.6938488,
        1753101116.7039425,
        1753101116.7139924,
        1753101116.724066,
        1753101116.7341068,
        1753101116.7441633,
        1753101116.7542498,
        1753101116.764243,
        1753101116.774364,
        1753101116.7844253,
        1753101116.7945492,
        1753101116.804744,
        1753101116.8148913,
        1753101116.8249474,
        1753101116.8349204,
        1753101116.8450146,
        1753101116.8550193,
        1753101116.8650076,
        1753101116.8750608,
        1753101116.8851469,
        1753101116.8952534,
        1753101116.9051006,
        1753101116.9153464,
        1753101116.9253721
    ],
    "set_target_data": [
        {
            "head": [
                [
                    0.9949692140247112,
                    -0.09483169814176984,
                    0.03229879518801093,
                    -0.02459022224995843
                ],
                [
                    0.09599727089930984,
                    0.9947055423800951,
                    -0.03667980286486686,
                    0.001722916399193481
                ],
                [
                    -0.02864938259253334,
                    0.03959587081842273,
                    0.9988049759043042,
                    -0.004766640350053531
                ],
                [
                    0.0,
                    0.0,
                    0.0,
                    1.0
                ]
            ],
            "antennas": [
                0.0,
                0.0
            ],
            "body_yaw": 0.13710549839812095,
            "check_collision": false
        },
        {
            "head": [
                [
                    0.9949456662123637,
                    -0.09477874413118678,
                    0.03316792043753291,
                    -0.0246654656839009
                ],
                [
                    0.09598397033271458,
                    0.9947003730067794,
                    -0.03685438073475398,
                    0.001639328677189284
                ],
                [
                    -0.029499130909300585,
                    0.039851695084257906,
                    0.9987700654677767,
                    -0.004713138103263626
                ],
                [
                    0.0,
                    0.0,
                    0.0,
                    1.0
                ]
            ],
            "antennas": [
                0.0,
                0.0
            ],
            "body_yaw": 0.13710549839812095,
            "check_collision": false
        },
        {
            "head": [
                [
                    0.9949359220155857,
                    -0.09459268095671002,
                    0.033981403626368936,
                    -0.02472654227999802
                ],
                [
                    0.09585687829767216,
                    0.9946799203031585,
                    -0.03772684758533613,
                    0.0015705381153231952
                ],
                [
                    -0.030231936193723996,
                    0.0407931471588548,
                    0.9987101427235303,
                    -0.004673986608690396
                ],
                [
                    0.0,
                    0.0,
                    0.0,
                    1.0
                ]
            ],
            "antennas": [
                0.0,
                0.0
            ],
            "body_yaw": 0.13710549839812095,
            "check_collision": false
        },
        {
            "head": [
                [
                    0.9949567001992983,
                    -0.0945560488318556,
                    0.03347115710326159,
                    -0.024768244241644234
                ],
                [
                    0.09582112516220088,
                    0.9946554222203898,
                    -0.03845650816477998,
                    0.0014858445355407806
                ],
                [
                    -0.029655972436818064,
                    0.04146980439893218,
                    0.9986995437176993,
                    -0.004629589844344196
                ],
                [
                    0.0,
                    0.0,
                    0.0,
                    1.0
                ]
            ],
            "antennas": [
                0.0,
                0.0
            ],
            "body_yaw": 0.13710549839812095,
            "check_collision": false
        },
        {
            "head": [
                [
                    0.9949748768229327,
                    -0.09517404094909061,
                    0.03109495812202833,
                    -0.024710134924977388
                ],
                [
                    0.09638995539530536,
                    0.9945285707001706,
                    -0.04027280173971929,
                    0.0013861652448227545
                ],
                [
                    -0.02709189897517185,
                    0.04306766757669279,
                    0.9987047636911635,
                    -0.004685193775947173
                ],
                [
                    0.0,
                    0.0,
                    0.0,
                    1.0
                ]
            ],
            "antennas": [
                0.0,
                0.0
            ],
            "body_yaw": 0.13710549839812095,
            "check_collision": false
        },
        {
            "head": [
                [
                    0.9948850295114459,
                    -0.09631947671222524,
                    0.030435775986375577,
                    -0.024584475857015467
                ],
                [
                    0.0975478115919822,
                    0.994350867824191,
                    -0.04184227659787976,
                    0.0013199239303197897
                ],
                [
                    -0.02623361407859926,
                    0.04459719792948241,
                    0.9986605466469645,
                    -0.004830817976529512
                ],
                [
                    0.0,
                    0.0,
                    0.0,
                    1.0
                ]
            ],
            "antennas": [
                0.0,
                0.0
            ],
            "body_yaw": 0.13710549839812095,
            "check_collision": false
        },
        {
            "head": [
                [
                    0.9947887389482698,
                    -0.09743089342275921,
                    0.030043066896610727,
                    -0.02457293627612899
                ],
                [
                    0.0986605632480779,
                    0.9942090283086535,
                    -0.04259696337927401,
                    0.0011653563683029628
                ],
                [
                    -0.025718828147552,
                    0.04533904538481292,
                    0.9986405323450029,
                    -0.0048668964140831114
                ],
                [
                    0.0,
                    0.0,
                    0.0,
                    1.0
                ]
            ],
            "antennas": [
                0.0,
                0.0
            ],
            "body_yaw": 0.13710549839812095,
            "check_collision": false
        },
        {
            "head": [
                [
                    0.9947980375663817,
                    -0.09762626155644344,
                    0.029085692506614483,
                    -0.024539629285456388
                ],
                [
                    0.09884239871826297,
                    0.9941382892285098,
                    -0.043809155497823375,
                    0.0010317327176133015
                ],
                [
                    -0.024638276516354793,
                    0.04645616153241073,
                    0.9986164330642566,
                    -0.004921530036224587
                ],
                [
                    0.0,
                    0.0,
                    0.0,
                    1.0
                ]
            ],
            "antennas": [
                0.0,
                0.0
            ],
            "body_yaw": 0.13710549839812095,
            "check_collision": false
        },
        {
            "head": [
                [
                    0.9947776732263136,
                    -0.09753554397852887,
                    0.030069893768583166,
                    -0.024418367935238914
                ],
                [
                    0.09882782914288588,
                    0.9940868972227193,
                    -0.04499223218524807,
                    0.000692031199134886
                ],
                [
                    -0.02550374555523118,
                    0.0477290103702054,
                    0.9985346766796508,
                    -0.004998958263831844
                ],
                [
                    0.0,
                    0.0,
                    0.0,
                    1.0
                ]
            ],
            "antennas": [
                0.0,
                0.0
            ],
            "body_yaw": 0.13710549839812095,
            "check_collision": false
        },
        {
            "head": [
                [
                    0.9948314141578426,
                    -0.0968625156787908,
                    0.030464905400859207,
                    -0.024429659230387226
                ],
                [
                    0.0981818640292129,
                    0.9941373850622122,
                    -0.04528996795556674,
                    0.0005175418435736515
                ],
                [
                    -0.025899401160189815,
                    0.04804698406812982,
                    0.9985092429925227,
                    -0.005018147940551777
                ],
                [
                    0.0,
                    0.0,
                    0.0,
                    1.0
                ]
            ],
            "antennas": [
                0.0,
                0.0
            ],
            "body_yaw": 0.13710549839812095,
            "check_collision": false
        },
        {
            "head": [
                [
                    0.9949277002771609,
                    -0.09597222282197952,
                    0.030136417633954082,
                    -0.02449378397065765
                ],
                [
                    0.09729557188852163,
                    0.99419016067365,
                    -0.046037985518347466,
                    0.00041997082603479436
                ],
                [
                    -0.025542962085187117,
                    0.04873660704552957,
                    0.9984850025020928,
                    -0.004952272549438864
                ],
                [
                    0.0,
                    0.0,
                    0.0,
                    1.0
                ]
            ],
            "antennas": [
                0.0,
                0.0
            ],
            "body_yaw": 0.13710549839812095,
            "check_collision": false
        },
        {
            "head": [
                [
                    0.9949997413627867,
                    -0.09539959659581297,
                    0.029570790610730386,
                    -0.024554855896342462
                ],
                [
                    0.09671547156743555,
                    0.9942100376721493,
                    -0.04682433717023544,
                    0.0003019962302891323
                ],
                [
                    -0.024932553970182705,
                    0.04945015633240687,
                    0.9984653473161822,
                    -0.004916138950836203
                ],
                [
                    0.0,
                    0.0,
                    0.0,
                    1.0
                ]
            ],
            "antennas": [
                0.0,
                0.0
            ],
            "body_yaw": 0.13710549839812095,
            "check_collision": false
        },
        {
            "head": [
                [
                    0.9950825125329981,
                    -0.09489495341110858,
                    0.028385578523598694,
                    -0.024724432555901718
                ],
                [
                    0.09616887006618276,
                    0.9942307268728303,
                    -0.04750589618265589,
                    0.0003094152707738599
                ],
                [
                    -0.02371374456321724,
                    0.05000209554635838,
                    0.9984675501786542,
                    -0.0047694773883618655
                ],
                [
                    0.0,
                    0.0,
                    0.0,
                    1.0
                ]
            ],
            "antennas": [
                0.0,
                0.0
            ],
            "body_yaw": 0.13710549839812095,
            "check_collision": false
        },
        {
            "head": [
                [
                    0.9951910861025652,
                    -0.09402684310806655,
                    0.027452776127889524,
                    -0.0248029787129051
                ],
                [
                    0.09527821317868135,
                    0.9942671101058654,
                    -0.04852809346357036,
                    0.0002531805659579307
                ],
                [
                    -0.022732448954627282,
                    0.050910377496757045,
                    0.9984444747844836,
                    -0.004697360400169493
                ],
                [
                    0.0,
                    0.0,
                    0.0,
                    1.0
                ]
            ],
            "antennas": [
                0.0,
                0.0
            ],
            "body_yaw": 0.13710549839812095,
            "check_collision": false
        },
        {
            "head": [
                [
                    0.9953422627134366,
                    -0.09267279738565116,
                    0.026561865168207018,
                    -0.024892018617342356
                ],
                [
                    0.09389889610708006,
                    0.994356093185047,
                    -0.049385800141759945,
                    0.00039593494879832194
                ],
                [
                    -0.021835232226100728,
                    0.05164990387685264,
                    0.9984265171073653,
                    -0.004557035563092283
                ],
                [
                    0.0,
                    0.0,
                    0.0,
                    1.0
                ]
            ],
            "antennas": [
                0.0,
                0.0
            ],
            "body_yaw": 0.13710549839812095,
            "check_collision": false
        },
        {
            "head": [
                [
                    0.9955237798663303,
                    -0.09106880931360782,
                    0.025275990403070648,
                    -0.024950184749330452
                ],
                [
                    0.09223995355834698,
                    0.9944877019527102,
                    -0.04985981981888389,
                    0.0003867079609687742
                ],
                [
                    -0.020595987187031702,
                    0.05196809247046992,
                    0.9984363388202437,
                    -0.004512824721385978
                ],
                [
                    0.0,
                    0.0,
                    0.0,
                    1.0
                ]
            ],
            "antennas": [
                0.0,
                0.0
            ],
            "body_yaw": 0.13710549839812095,
            "check_collision": false
        },
        {
            "head": [
                [
                    0.9956851573981651,
                    -0.08945731516204303,
                    0.024666902946865334,
                    -0.025052195658040205
                ],
                [
                    0.09058638731680413,
                    0.9946696700173292,
                    -0.04925803467970935,
                    0.00028879858183418223
                ],
                [
                    -0.02012892868190242,
                    0.051279979637441436,
                    0.9984814419499756,
                    -0.00446058123910631
                ],
                [
                    0.0,
                    0.0,
                    0.0,
                    1.0
                ]
            ],
            "antennas": [
                0.0,
                0.0
            ],
            "body_yaw": 0.13710549839812095,
            "check_collision": false
        },
        {
            "head": [
                [
                    0.9958943202808875,
                    -0.08740782178898364,
                    0.023545180448951736,
                    -0.0251958338106006
                ],
                [
                    0.08847010190753214,
                    0.9948894787342476,
                    -0.04866175266436015,
                    0.00013961272929509795
                ],
                [
                    -0.0191714344987354,
                    0.050545007607099623,
                    0.9985377600798371,
                    -0.0043875277148977
                ],
                [
                    0.0,
                    0.0,
                    0.0,
                    1.0
                ]
            ],
            "antennas": [
                0.0,
                0.0
            ],
            "body_yaw": 0.13710549839812095,
            "check_collision": false
        },
        {
            "head": [
                [
                    0.9960871675773696,
                    -0.0855893327322852,
                    0.022018644602592466,
                    -0.025340157465490155
                ],
                [
                    0.08657389020842499,
                    0.9950631963701292,
                    -0.04852006557952218,
                    -4.0612247425390706e-05
                ],
                [
                    -0.017757142840915535,
                    0.05023645441413764,
                    0.9985794823277832,
                    -0.0043004996822585415
                ],
                [
                    0.0,
                    0.0,
                    0.0,
                    1.0
                ]
            ],
            "antennas": [
                0.0,
                0.0
            ],
            "body_yaw": 0.13710549839812095,
            "check_collision": false
        },
        {
            "head": [
                [
                    0.996316614396024,
                    -0.08337395737190588,
                    0.020049616220555944,
                    -0.0254700516032048
                ],
                [
                    0.0842755046721858,
                    0.9952189549467939,
                    -0.04936467387575274,
                    -0.00026208529493732457
                ],
                [
                    -0.015838029886710934,
                    0.050872536272124826,
                    0.9985795621093738,
                    -0.0041888641827147475
                ],
                [
                    0.0,
                    0.0,
                    0.0,
                    1.0
                ]
            ],
            "antennas": [
                0.0,
                0.0
            ],
            "body_yaw": 0.13710549839812095,
            "check_collision": false
        },
        {
            "head": [
                [
                    0.9965911189185724,
                    -0.08047885759691681,
                    0.018146492016981694,
                    -0.025570590360073663
                ],
                [
                    0.08130809772895295,
