{
    "description": "You express gratitude when someone gives you something like a compliment or help. Can also be used to say the pleasure is mine.",
    "time": [
        1753101430.0604093,
        1753101430.070491,
        1753101430.080589,
        1753101430.090656,
        1753101430.1006346,
        1753101430.1107268,
        1753101430.1208205,
        1753101430.1308894,
        1753101430.1408,
        1753101430.151044,
        1753101430.1610866,
        1753101430.171166,
        1753101430.1810787,
        1753101430.1912112,
        1753101430.2011855,
        1753101430.2112737,
        1753101430.2213426,
        1753101430.2313657,
        1753101430.2413917,
        1753101430.2518868,
        1753101430.261646,
        1753101430.2716427,
        1753101430.28177,
        1753101430.2919006,
        1753101430.3018813,
        1753101430.3118856,
        1753101430.3220327,
        1753101430.332052,
        1753101430.3420649,
        1753101430.3522193,
        1753101430.3622208,
        1753101430.372304,
        1753101430.3823726,
        1753101430.39251,
        1753101430.4024746,
        1753101430.4124727,
        1753101430.4226124,
        1753101430.4325979,
        1753101430.442627,
        1753101430.452762,
        1753101430.4628453,
        1753101430.472836,
        1753101430.4831033,
        1753101430.4932013,
        1753101430.5030491,
        1753101430.5130842,
        1753101430.5231628,
        1753101430.5332978,
        1753101430.5432,
        1753101430.5533712,
        1753101430.5633798,
        1753101430.5735645,
        1753101430.5836592,
        1753101430.5936542,
        1753101430.6036026,
        1753101430.613683,
        1753101430.6237268,
        1753101430.6338081,
        1753101430.6438723,
        1753101430.653954,
        1753101430.664023,
        1753101430.6740196,
        1753101430.684039,
        1753101430.6942086,
        1753101430.7041793,
        1753101430.714335,
        1753101430.724384,
        1753101430.734491,
        1753101430.7444053,
        1753101430.7549129,
        1753101430.7646554,
        1753101430.7745793,
        1753101430.7847483,
        1753101430.7947989,
        1753101430.8048105,
        1753101430.8148727,
        1753101430.8249753,
        1753101430.8350425,
        1753101430.8450418,
        1753101430.8551135,
        1753101430.8651206,
        1753101430.875156,
        1753101430.8853524,
        1753101430.8954318,
        1753101430.9053442,
        1753101430.9154322,
        1753101430.9256134,
        1753101430.9355862,
        1753101430.9455922,
        1753101430.955703,
        1753101430.965775,
        1753101430.9757936,
        1753101430.9859397,
        1753101430.9960709,
        1753101431.0059564,
        1753101431.016099,
        1753101431.0261362,
        1753101431.0362053,
        1753101431.046251,
        1753101431.056489,
        1753101431.066394,
        1753101431.076398,
        1753101431.086625,
        1753101431.0967479,
        1753101431.1065822,
        1753101431.1167145,
        1753101431.1268065,
        1753101431.1367693,
        1753101431.1468265,
        1753101431.1569142,
        1753101431.1669962,
        1753101431.1770413,
        1753101431.1870837,
        1753101431.1971357,
        1753101431.2071548,
        1753101431.2172992,
        1753101431.227287,
        1753101431.2373226,
        1753101431.2474227,
        1753101431.257607,
        1753101431.2676144,
        1753101431.2776005,
        1753101431.2876933,
        1753101431.2977545,
        1753101431.3080106,
        1753101431.3179226,
        1753101431.327971,
        1753101431.33793,
        1753101431.3480043,
        1753101431.3580697,
        1753101431.3681002,
        1753101431.3781922,
        1753101431.388278,
        1753101431.398355,
        1753101431.4083567,
        1753101431.418525,
        1753101431.428544,
        1753101431.438542,
        1753101431.448646,
        1753101431.4587462,
        1753101431.4687617,
        1753101431.478989,
        1753101431.4890058,
        1753101431.4995828,
        1753101431.5091627,
        1753101431.5191698,
        1753101431.5291843,
        1753101431.53918,
        1753101431.5492914,
        1753101431.5594077,
        1753101431.5694737,
        1753101431.579557,
        1753101431.5895827,
        1753101431.5996368,
        1753101431.6096776,
        1753101431.6203432,
        1753101431.6301796,
        1753101431.6401694,
        1753101431.6504254,
        1753101431.660302,
        1753101431.67034,
        1753101431.680441,
        1753101431.6905015,
        1753101431.7006304,
        1753101431.7105813,
        1753101431.7207239,
        1753101431.73076,
        1753101431.7407644,
        1753101431.7508726,
        1753101431.7609127,
        1753101431.770987,
        1753101431.7810612,
        1753101431.7911513,
        1753101431.801154,
        1753101431.8112485,
        1753101431.8212514,
        1753101431.8313117,
        1753101431.8413563,
        1753101431.8514643,
        1753101431.8614995,
        1753101431.8715348,
        1753101431.8816516,
        1753101431.8916733,
        1753101431.901811,
        1753101431.911802,
        1753101431.9218855,
        1753101431.9319925,
        1753101431.9420118,
        1753101431.9520805,
        1753101431.9620726,
        1753101431.9722235,
        1753101431.9822114,
        1753101431.9922783,
        1753101432.0023344,
        1753101432.012373,
        1753101432.0224202,
        1753101432.0325258,
        1753101432.0425477,
        1753101432.052702,
        1753101432.0627265,
        1753101432.0727603,
        1753101432.0829082,
        1753101432.092867,
        1753101432.103145,
        1753101432.113149,
        1753101432.1231406,
        1753101432.1331627,
        1753101432.1431334,
        1753101432.1533208,
        1753101432.1633098,
        1753101432.173309,
        1753101432.183434,
        1753101432.1934977,
        1753101432.2036152,
        1753101432.2138364,
        1753101432.2236683,
        1753101432.2338033,
        1753101432.243754,
        1753101432.253954,
        1753101432.2639644,
        1753101432.2741866,
        1753101432.2842515,
        1753101432.2941735,
        1753101432.304175,
        1753101432.3143504,
        1753101432.3243146,
        1753101432.3343534,
        1753101432.344396,
        1753101432.3544974,
        1753101432.3646042,
        1753101432.3745832,
        1753101432.3849814,
        1753101432.3948076,
        1753101432.4049046,
        1753101432.4150429,
        1753101432.424965,
        1753101432.435246,
        1753101432.4453304,
        1753101432.4552712,
        1753101432.4652557,
        1753101432.47524,
        1753101432.4855525,
        1753101432.4964175,
        1753101432.5056248,
        1753101432.5156357,
        1753101432.5255988,
        1753101432.536195,
        1753101432.5461557,
        1753101432.5561366,
        1753101432.5663695,
        1753101432.576274,
        1753101432.5863104,
        1753101432.596378,
        1753101432.6064425,
        1753101432.6164882,
        1753101432.6265528,
        1753101432.6365745,
        1753101432.6466315,
        1753101432.656749,
        1753101432.6668153,
        1753101432.676904,
        1753101432.6869993,
        1753101432.69704,
        1753101432.7070553,
        1753101432.717164,
        1753101432.7272,
        1753101432.7372572,
        1753101432.747496,
        1753101432.757581,
        1753101432.7674663,
        1753101432.7774985,
        1753101432.7876287,
        1753101432.7976985,
        1753101432.8076606,
        1753101432.81787,
        1753101432.8278058,
        1753101432.8377943,
        1753101432.8479023,
        1753101432.857913,
        1753101432.8679473,
        1753101432.8780327,
        1753101432.888094,
        1753101432.8981829,
        1753101432.9081419,
        1753101432.918229,
        1753101432.9283073,
        1753101432.9383533,
        1753101432.948405,
        1753101432.9584363,
        1753101432.9685276,
        1753101432.978566,
        1753101432.9886749,
        1753101432.9988716,
        1753101433.0087976,
        1753101433.018999,
        1753101433.028995,
        1753101433.0390546,
        1753101433.049138,
        1753101433.05916,
        1753101433.069212,
        1753101433.0792572,
        1753101433.0893567,
        1753101433.0994968,
        1753101433.1094444,
        1753101433.1195712,
        1753101433.1295447,
        1753101433.1395962,
        1753101433.1497195,
        1753101433.159821,
        1753101433.1698153,
        1753101433.1799166,
        1753101433.1900992,
        1753101433.2001324,
        1753101433.2100515,
        1753101433.2201734,
        1753101433.2302217,
        1753101433.2401795,
        1753101433.2503452,
        1753101433.26043,
        1753101433.2704306,
        1753101433.2807677,
        1753101433.2908783,
        1753101433.3006794,
        1753101433.3106565,
        1753101433.3208332,
        1753101433.331115,
        1753101433.340926,
        1753101433.3511043,
        1753101433.3610635,
        1753101433.3710277,
        1753101433.381192,
        1753101433.3912342,
        1753101433.4013627,
        1753101433.4113107,
        1753101433.4213986,
        1753101433.431451,
        1753101433.441461,
        1753101433.4516404,
        1753101433.461648,
        1753101433.4718146,
        1753101433.4836442,
        1753101433.4921165,
        1753101433.5021174,
        1753101433.5119581,
        1753101433.5220368,
        1753101433.5324965,
        1753101433.5429184,
        1753101433.5525463,
        1753101433.5625558,
        1753101433.5725667,
        1753101433.5826726,
        1753101433.5926769,
        1753101433.6027932,
        1753101433.612798,
        1753101433.6229224,
        1753101433.6330495,
        1753101433.6430454,
        1753101433.6533067,
        1753101433.6631188,
        1753101433.6731174,
        1753101433.6832595,
        1753101433.6933763,
        1753101433.7033832,
        1753101433.7134147,
        1753101433.7234955,
        1753101433.7335584,
        1753101433.7435422,
        1753101433.7537165,
        1753101433.763745,
        1753101433.773767,
        1753101433.7839067,
        1753101433.7939677,
        1753101433.804006,
        1753101433.8140526,
        1753101433.82415,
        1753101433.8341317,
        1753101433.8441904,
        1753101433.8542705,
        1753101433.8643115,
        1753101433.8743684,
        1753101433.8844988,
        1753101433.8945496,
        1753101433.9046192,
        1753101433.914712,
        1753101433.9247234,
        1753101433.9348664,
        1753101433.9448931,
        1753101433.9550216,
        1753101433.9649825,
        1753101433.9750302,
        1753101433.9851596,
        1753101433.9951494,
        1753101434.0051923,
        1753101434.0152504,
        1753101434.0252962,
        1753101434.0354166,
        1753101434.0454314,
        1753101434.0555415,
        1753101434.0656414,
        1753101434.0755658,
        1753101434.0857644,
        1753101434.0957956,
        1753101434.1059449,
        1753101434.1159587,
        1753101434.1259599,
        1753101434.1361258,
        1753101434.1461473,
        1753101434.1561763,
        1753101434.1661818,
        1753101434.1762016,
        1753101434.1863666
    ],
    "set_target_data": [
        {
            "head": [
                [
                    0.9987184784514707,
                    -0.010828007714097629,
                    0.04943839650031993,
                    -0.010788053814542179
                ],
                [
                    0.014666240411692927,
                    0.9968496607031199,
                    -0.07794649028828245,
                    0.0016332818783056386
                ],
                [
                    -0.048438643578921865,
                    0.07857167558998808,
                    0.9957309825465992,
                    -0.009001106359329826
                ],
                [
                    0.0,
                    0.0,
                    0.0,
                    1.0
                ]
            ],
            "antennas": [
                0.0,
                0.0
            ],
            "body_yaw": -0.05223588077947574,
            "check_collision": false
        },
        {
            "head": [
                [
                    0.9987767537398355,
                    -0.01025746129866511,
                    0.04837127946025597,
                    -0.011066333004462008
                ],
                [
                    0.01402471789179414,
                    0.9968392187151458,
                    -0.0781976938242632,
                    0.001887026424837979
                ],
                [
                    -0.047416278607366295,
                    0.07878043233623441,
                    0.995763696869867,
                    -0.008789869839167354
                ],
                [
                    0.0,
                    0.0,
                    0.0,
                    1.0
                ]
            ],
            "antennas": [
                0.0,
                0.0
            ],
            "body_yaw": -0.05223588077947574,
            "check_collision": false
        },
        {
            "head": [
                [
                    0.9988251829500362,
                    -0.009375500868481575,
                    0.04754317919841217,
                    -0.011313498026902949
                ],
                [
                    0.01307021708926554,
                    0.9968670768556456,
                    -0.07800769517502967,
                    0.001968242350327769
                ],
                [
                    -0.04666286885808352,
                    0.07853745007794674,
                    0.9958184802488794,
                    -0.008725248242506757
                ],
                [
                    0.0,
                    0.0,
                    0.0,
                    1.0
                ]
            ],
            "antennas": [
                0.0,
                0.0
            ],
            "body_yaw": -0.05223588077947574,
            "check_collision": false
        },
        {
            "head": [
                [
                    0.9988642278117376,
                    -0.008554230888485085,
                    0.046873014965626035,
                    -0.011412913896390639
                ],
                [
                    0.012200988690794836,
                    0.996872757391109,
                    -0.07807586980888642,
                    0.0020820730769326203
                ],
                [
                    -0.04605855265885383,
                    0.07855909053288215,
                    0.9958449071123565,
                    -0.0086689489276946
                ],
                [
                    0.0,
                    0.0,
                    0.0,
                    1.0
                ]
            ],
            "antennas": [
                0.0,
                0.0
            ],
            "body_yaw": -0.05223588077947574,
            "check_collision": false
        },
        {
            "head": [
                [
                    0.9989224093945683,
                    -0.007987960534944667,
                    0.04571884180339205,
                    -0.011576249270696741
                ],
                [
                    0.011545373582574629,
                    0.996879955593113,
                    -0.07808366337149435,
                    0.002159457414688747
                ],
                [
                    -0.044952467765298605,
                    0.07852736225779029,
                    0.995897951106761,
                    -0.008622230920917297
                ],
                [
                    0.0,
                    0.0,
                    0.0,
                    1.0
                ]
            ],
            "antennas": [
                0.0,
                0.0
            ],
            "body_yaw": -0.05223588077947574,
            "check_collision": false
        },
        {
            "head": [
                [
                    0.9989580442838888,
                    -0.007713360841281155,
                    0.04498143867241258,
                    -0.011606022488898832
                ],
                [
                    0.011204335970967871,
                    0.9968996739918818,
                    -0.07788133826745089,
                    0.0023619637111274867
                ],
                [
                    -0.04424125468335521,
                    0.07830417651320792,
                    0.9959473717645078,
                    -0.00871125265124706
                ],
                [
                    0.0,
                    0.0,
                    0.0,
                    1.0
                ]
            ],
            "antennas": [
                0.0,
                0.0
            ],
            "body_yaw": -0.05223588077947574,
            "check_collision": false
        },
        {
            "head": [
                [
                    0.9990098351112338,
                    -0.007064088864641931,
                    0.04392548234838029,
                    -0.011695505720745843
                ],
                [
                    0.01045163995961915,
                    0.9969472181238339,
                    -0.07737575522929027,
                    0.0024285042235367496
                ],
                [
                    -0.04324479822105682,
                    0.07775823379977834,
                    0.9960339073059505,
                    -0.008675858746162725
                ],
                [
                    0.0,
                    0.0,
                    0.0,
                    1.0
                ]
            ],
            "antennas": [
                0.0,
                0.0
            ],
            "body_yaw": -0.05223588077947574,
            "check_collision": false
        },
        {
            "head": [
                [
                    0.9990553105921534,
                    -0.006313832180289943,
                    0.04299560327307218,
                    -0.011837382465902891
                ],
                [
                    0.009634414650490706,
                    0.9969483500185576,
                    -0.07746718950380392,
                    0.002432964133960795
                ],
                [
                    -0.04237528090713606,
                    0.07780824454050479,
                    0.9960673735493832,
                    -0.00883830042823758
                ],
                [
                    0.0,
                    0.0,
                    0.0,
                    1.0
                ]
            ],
            "antennas": [
                0.0,
                0.0
            ],
            "body_yaw": -0.05223588077947574,
            "check_collision": false
        },
        {
            "head": [
                [
                    0.9991046557880532,
                    -0.005933401520199416,
                    0.04188891892894146,
                    -0.011947725870992156
                ],
                [
                    0.009168227100294732,
                    0.9969533452153566,
                    -0.07745948021867399,
                    0.0024848045192084004
                ],
                [
                    -0.041301699655979726,
                    0.07777417444312618,
                    0.9961151275807516,
                    -0.008809576445627689
                ],
                [
                    0.0,
                    0.0,
                    0.0,
                    1.0
                ]
            ],
            "antennas": [
                0.0,
                0.0
            ],
            "body_yaw": -0.05223588077947574,
            "check_collision": false
        },
        {
            "head": [
                [
                    0.9991372933991473,
                    -0.005762944582871106,
                    0.04112733165136379,
                    -0.012022892022235169
                ],
                [
                    0.008923450842357976,
                    0.996984809208494,
                    -0.07708217843682769,
                    0.0024784949825794114
                ],
                [
                    -0.04055910457703097,
                    0.07738267685495043,
                    0.9961761291853323,
                    -0.008966249462734778
                ],
                [
                    0.0,
                    0.0,
                    0.0,
                    1.0
                ]
            ],
            "antennas": [
                0.0,
                0.0
            ],
            "body_yaw": -0.05223588077947574,
            "check_collision": false
        },
        {
            "head": [
                [
                    0.9991446686352642,
                    -0.00561983191195948,
                    0.04096765342328146,
                    -0.012086621868861258
                ],
                [
                    0.008776108666932604,
                    0.996971159213116,
                    -0.0772754010919566,
                    0.0025117936726826925
                ],
                [
                    -0.04040929415858403,
                    0.07756884159595204,
                    0.9961677387664528,
                    -0.008984419482322594
                ],
                [
                    0.0,
                    0.0,
                    0.0,
                    1.0
                ]
            ],
            "antennas": [
                0.0,
                0.0
            ],
            "body_yaw": -0.05223588077947574,
            "check_collision": false
        },
        {
            "head": [
                [
                    0.9991394766023944,
                    -0.005405015913768133,
                    0.04112289019105089,
                    -0.012165192591154034
                ],
                [
                    0.008595876553495838,
                    0.9969306138337359,
                    -0.07781684976512282,
                    0.0024678255318785584
                ],
                [
                    -0.040576066849441886,
                    0.07810337383277721,
                    0.9961191925643071,
                    -0.00903089257451939
                ],
                [
                    0.0,
                    0.0,
                    0.0,
                    1.0
                ]
            ],
            "antennas": [
                0.0,
                0.0
            ],
            "body_yaw": -0.05223588077947574,
            "check_collision": false
        },
        {
            "head": [
                [
                    0.9991226681337819,
                    -0.0053485664270507055,
                    0.041536572540450664,
                    -0.012184024417481747
                ],
                [
                    0.008608960773139248,
                    0.9968598247922155,
                    -0.07871705983863984,
                    0.0025063962913034407
                ],
                [
                    -0.040985117001653706,
                    0.07900558557727981,
                    0.9960312935003357,
                    -0.009079394291510669
                ],
                [
                    0.0,
                    0.0,
                    0.0,
                    1.0
                ]
            ],
            "antennas": [
                0.0,
                0.0
            ],
            "body_yaw": -0.05223588077947574,
            "check_collision": false
        },
        {
            "head": [
                [
                    0.999107239999255,
                    -0.005226498763969498,
                    0.041921434752889744,
                    -0.012329849178947094
                ],
                [
                    0.008541985334323939,
                    0.9968139264644709,
                    -0.07930340782735727,
                    0.002542783307950212
                ],
                [
                    -0.04137339081606391,
                    0.07959070119777926,
                    0.9959686555385298,
                    -0.0090231390783192
                ],
                [
                    0.0,
                    0.0,
                    0.0,
                    1.0
                ]
            ],
            "antennas": [
                0.0,
                0.0
            ],
            "body_yaw": -0.05223588077947574,
            "check_collision": false
        },
        {
            "head": [
                [
                    0.9990530989761572,
                    -0.005250549230450694,
                    0.04318954918629533,
                    -0.012337235957983328
                ],
                [
                    0.008698146029906567,
                    0.9967546138219794,
                    -0.08002863287748577,
                    0.002572688074837218
                ],
                [
                    -0.04262918814356228,
                    0.08032852268886556,
                    0.9958564559015749,
                    -0.009066765355815356
                ],
                [
                    0.0,
                    0.0,
                    0.0,
                    1.0
                ]
            ],
            "antennas": [
                0.0,
                0.0
            ],
            "body_yaw": -0.05223588077947574,
            "check_collision": false
        },
        {
            "head": [
                [
                    0.9989974246188245,
                    -0.005293906471039475,
                    0.04445357307609809,
                    -0.012399658731566432
                ],
                [
                    0.008870822607382691,
                    0.9967024642922611,
                    -0.08065671813309898,
                    0.002460566546347678
                ],
                [
                    -0.043879996709485454,
                    0.08097019345419472,
                    0.9957501562444094,
                    -0.008819546768391586
                ],
                [
                    0.0,
                    0.0,
                    0.0,
                    1.0
                ]
            ],
            "antennas": [
                0.0,
                0.0
            ],
            "body_yaw": -0.05223588077947574,
            "check_collision": false
        },
        {
            "head": [
                [
                    0.9989013412633122,
                    -0.00556724695225053,
                    0.04653080897349852,
                    -0.012388162212889128
                ],
                [
                    0.009350567039217621,
                    0.9966302757926738,
                    -0.08149024646829683,
                    0.0024627073083954894
                ],
                [
                    -0.045920336653825285,
                    0.08183580594575535,
                    0.9955873761487777,
                    -0.008845150141984616
                ],
                [
                    0.0,
                    0.0,
                    0.0,
                    1.0
                ]
            ],
            "antennas": [
                0.0,
                0.0
            ],
            "body_yaw": -0.05223588077947574,
            "check_collision": false
        },
        {
            "head": [
                [
                    0.9988194530749999,
                    -0.006109675800599045,
                    0.04819099522286077,
                    -0.012414678762095106
                ],
                [
                    0.010066597072584813,
                    0.9965568361614555,
                    -0.08229906392692518,
                    0.002389265593900127
                ],
                [
                    -0.047522245131479665,
                    0.08268702535151126,
                    0.995441857697466,
                    -0.00860683689808245
                ],
                [
                    0.0,
                    0.0,
                    0.0,
                    1.0
                ]
            ],
            "antennas": [
                0.0,
                0.0
            ],
            "body_yaw": -0.05223588077947574,
            "check_collision": false
        },
        {
            "head": [
                [
                    0.9987173776184286,
                    -0.00675661838213501,
                    0.05017915653941679,
                    -0.012399399614141104
                ],
                [
                    0.010901514154919387,
                    0.9965070873334805,
                    -0.08279361015968052,
                    0.002372530667201559
                ],
                [
                    -0.049444480299616775,
                    0.08323444600753498,
                    0.9953026024108043,
                    -0.008593007090245798
                ],
                [
                    0.0,
                    0.0,
                    0.0,
                    1.0
                ]
            ],
            "antennas": [
                0.0,
                0.0
            ],
            "body_yaw": -0.05223588077947574,
            "check_collision": false
        },
        {
            "head": [
                [
                    0.9986052456707025,
                    -0.0074230786800217885,
                    0.05227294923634739,
                    -0.012337970093809355
                ],
                [
                    0.011758543457431013,
                    0.996469623568968,
                    -0.08312656591053698,
                    0.0022850031575458903
                ],
                [
                    -0.05147135100922893,
                    0.08362527851809733,
                    0.9951670778407288,
                    -0.008595944706330573
                ],
                [
                    0.0,
                    0.0,
                    0.0,
                    1.0
                ]
            ],
            "antennas": [
                0.0,
                0.0
            ],
            "body_yaw": -0.05223588077947574,
            "check_collision": false
        },
        {
            "head": [
                [
                    0.9984958665994587,
                    -0.008103997121005492,
                    0.05422480626483358,
                    -0.012267210313578848
                ],
                [
                    0.012617523419423439,
                    0.996434581418804,
                    -0.08342015976664645,
                    0.0022413368463864523
                ],
                [
                    -0.05335543539843248,
                    0.08397886748102319,
                    0.9950380632569029,
                    -0.008599552071006324
                ],
                [
                    0.0,
                    0.0,
                    0.0,
                    1.0
                ]
            ],
            "antennas": [
                0.0,
                0.0
            ],
            "body_yaw": -0.05223588077947574,
            "check_collision": false
        },
        {
            "head": [
                [
                    0.9984295922007945,
                    -0.00818892607647578,
                    0.055419228679848366,
                    -0.01214621520792766
                ],
                [
                    0.012804327947037172,
                    0.9964300117379395,
                    -0.08344627549360427,
                    0.0021426175328482563
                ],
                [
                    -0.054538047302594504,
                    0.08402483679034307,
                    0.9949700639711611,
                    -0.00864136868268195
                ],
                [
                    0.0,
                    0.0,
                    0.0,
                    1.0
                ]
            ],
            "antennas": [
                0.0,
                0.0
            ],
            "body_yaw": -0.05223588077947574,
            "check_collision": false
        },
        {
            "head": [
                [
                    0.9983599500589634,
                    -0.008341616289326507,
                    0.05663768671075618,
                    -0.012079146912858083
                ],
                [
                    0.013043891558875677,
                    0.9964500938484743,
                    -0.08316890862796684,
                    0.0020742267703730763
                ],
                [
                    -0.055742865115316925,
                    0.08377128330787616,
                    0.9949246730691159,
                    -0.008627423349510945
                ],
                [
                    0.0,
                    0.0,
                    0.0,
                    1.0
                ]
            ],
            "antennas": [
                0.0,
                0.0
            ],
            "body_yaw": -0.05223588077947574,
            "check_collision": false
        },
        {
            "head": [
                [
                    0.9982884385521597,
                    -0.008450204136130186,
                    0.057868709188546925,
                    -0.011953356395832764
                ],
                [
                    0.013255371533347039,
                    0.9964478525596852,
                    -0.0831623247312441,
                    0.001819383204576034
                ],
                [
                    -0.05696041238091434,
                    0.08378705854277074,
                    0.9948543814258177,
                    -0.008718742189397834
                ],
                [
                    0.0,
                    0.0,
                    0.0,
                    1.0
                ]
            ],
            "antennas": [
                0.0,
                0.0
            ],
            "body_yaw": -0.05223588077947574,
            "check_collision": false
        },
        {
            "head": [
                [
                    0.9982209402972232,
                    -0.008351501065698336,
                    0.05903563993112169,
                    -0.011869911012021093
                ],
                [
                    0.013253828125524492,
                    0.9964494862613145,
                    -0.08314299350866125,
                    0.001724295340793115
                ],
                [
                    -0.05813166428158122,
                    0.08377752538426919,
                    0.9947874324941693,
                    -0.008732405542234313
                ],
                [
                    0.0,
                    0.0,
                    0.0,
                    1.0
                ]
            ],
            "antennas": [
                0.0,
                0.0
            ],
            "body_yaw": -0.05223588077947574,
            "check_collision": false
        },
        {
            "head": [
                [
                    0.9981374156018181,
                    -0.008332043777122902,
                    0.060434068390433304,
                    -0.011730263398257437
                ],
                [
                    0.013347635357943054,
                    0.9964543007833854,
                    -0.08307025388576815,
                    0.0016364829976340239
                ],
                [
                    -0.05952764236953158,
                    0.083722180435,
                    0.9947095336313685,
                    -0.008966573101634403
                ],
                [
                    0.0,
                    0.0,
                    0.0,
                    1.0
                ]
            ],
            "antennas": [
                0.0,
                0.0
            ],
            "body_yaw": -0.05223588077947574,
            "check_collision": false
        },
        {
            "head": [
                [
                    0.9980934802975817,
                    -0.008152750168925289,
                    0.06117954929667842,
                    -0.011655035091896278
                ],
                [
                    0.013201692069069343,
                    0.9964968233206639,
                    -0.08258205881630529,
                    0.0015306998626117788
                ],
                [
                    -0.060291955632365155,
                    0.0832322880648449,
                    0.9947046125908516,
                    -0.0090086974651592
                ],
                [
                    0.0,
                    0.0,
                    0.0,
                    1.0
                ]
            ],
            "antennas": [
                0.0,
                0.0
            ],
            "body_yaw": -0.05223588077947574,
            "check_collision": false
        },
        {
            "head": [
                [
                    0.998085685109477,
                    -0.007962500580835603,
                    0.06133158863135835,
                    -0.011522282790756304
                ],
                [
                    0.013001892282026056,
                    0.9965301317073542,
                    -0.08221099316034366,
                    0.0013773081587499514
                ],
                [
                    -0.06046417101583848,
                    0.0828510421408426,
                    0.9947259868122196,
                    -0.009165784118326028
                ],
                [
                    0.0,
                    0.0,
                    0.0,
                    1.0
                ]
            ],
            "antennas": [
                0.0,
                0.0
            ],
            "body_yaw": -0.05223588077947574,
            "check_collision": false
        },
        {
            "head": [
                [
                    0.9980818975768738,
                    -0.0076370891932037764,
                    0.06143452285158641,
                    -0.011495379875480119
                ],
                [
                    0.012654997789726896,
                    0.9965758399081734,
                    -0.08170952418329804,
                    0.0012821302753505594
                ],
                [
                    -0.060600138286055504,
                    0.0823302506978693,
                    0.9947609527216764,
                    -0.009179269675539616
                ],
                [
                    0.0,
                    0.0,
                    0.0,
                    1.0
                ]
            ],
            "antennas": [
                0.0,
                0.0
            ],
            "body_yaw": -0.05223588077947574,
            "check_collision": false
        },
        {
            "head": [
                [
                    0.9980516281978906,
                    -0.007334994060162709,
                    0.06196083693493007,
                    -0.011515209247905299
                ],
                [
                    0.012350457070402648,
                    0.9966412408348208,
                    -0.08095494597231866,
                    0.0013938093133676853
