{
    "description": "Another impatient movement. Can also be used when you disagree or feel someone is stalling.",
    "time": [
        1753102141.6885867,
        1753102141.698807,
        1753102141.7087808,
        1753102141.7189965,
        1753102141.7288795,
        1753102141.7388618,
        1753102141.7489245,
        1753102141.759043,
        1753102141.76907,
        1753102141.7790556,
        1753102141.7891273,
        1753102141.799238,
        1753102141.809295,
        1753102141.8193321,
        1753102141.829487,
        1753102141.8394766,
        1753102141.8496594,
        1753102141.859809,
        1753102141.8697643,
        1753102141.8797686,
        1753102141.889889,
        1753102141.899974,
        1753102141.9099486,
        1753102141.9201224,
        1753102141.9301147,
        1753102141.9401088,
        1753102141.9501698,
        1753102141.960275,
        1753102141.9702942,
        1753102141.9804294,
        1753102141.990436,
        1753102142.000628,
        1753102142.0106392,
        1753102142.0208004,
        1753102142.0307007,
        1753102142.0407324,
        1753102142.0508976,
        1753102142.060883,
        1753102142.07091,
        1753102142.0810244,
        1753102142.091733,
        1753102142.1012971,
        1753102142.1113167,
        1753102142.1212733,
        1753102142.1313138,
        1753102142.141339,
        1753102142.1514752,
        1753102142.1616673,
        1753102142.1715584,
        1753102142.1817892,
        1753102142.191719,
        1753102142.2017915,
        1753102142.2118227,
        1753102142.221951,
        1753102142.2319431,
        1753102142.2419198,
        1753102142.2520137,
        1753102142.262114,
        1753102142.272097,
        1753102142.2821946,
        1753102142.2928889,
        1753102142.3025692,
        1753102142.3125634,
        1753102142.3224885,
        1753102142.3325484,
        1753102142.342579,
        1753102142.3527017,
        1753102142.36271,
        1753102142.3727932,
        1753102142.3828506,
        1753102142.3929884,
        1753102142.4029593,
        1753102142.4129891,
        1753102142.4231093,
        1753102142.433109,
        1753102142.4431925,
        1753102142.453262,
        1753102142.4633207,
        1753102142.4733448,
        1753102142.4834785,
        1753102142.4937348,
        1753102142.503629,
        1753102142.5136824,
        1753102142.5238266,
        1753102142.5339983,
        1753102142.5453315,
        1753102142.5546355,
        1753102142.5640352,
        1753102142.5741,
        1753102142.5841725,
        1753102142.594154,
        1753102142.6041455,
        1753102142.6142201,
        1753102142.6243,
        1753102142.6344204,
        1753102142.6444442,
        1753102142.654548,
        1753102142.664652,
        1753102142.6746376,
        1753102142.6847305,
        1753102142.6948166,
        1753102142.7048185,
        1753102142.714899,
        1753102142.7251205,
        1753102142.734991,
        1753102142.7450423,
        1753102142.7551544,
        1753102142.7651453,
        1753102142.7754524,
        1753102142.785453,
        1753102142.7953424,
        1753102142.8053927,
        1753102142.8155444,
        1753102142.82555,
        1753102142.835636,
        1753102142.8456752,
        1753102142.8557613,
        1753102142.865753,
        1753102142.8758183,
        1753102142.8859515,
        1753102142.8959885,
        1753102142.9059634,
        1753102142.9160728,
        1753102142.9261708,
        1753102142.9361887,
        1753102142.9462998,
        1753102142.9563732,
        1753102142.9664586,
        1753102142.9765217,
        1753102142.9866436,
        1753102142.9967403,
        1753102143.0066733,
        1753102143.0167735,
        1753102143.026863,
        1753102143.0368538,
        1753102143.0469413,
        1753102143.0570219,
        1753102143.0670886,
        1753102143.077973,
        1753102143.0873954,
        1753102143.097368,
        1753102143.1074047,
        1753102143.1175272,
        1753102143.127556,
        1753102143.1375659,
        1753102143.147588,
        1753102143.157733,
        1753102143.1677315,
        1753102143.1777577,
        1753102143.1879778,
        1753102143.1980124,
        1753102143.208103,
        1753102143.218116,
        1753102143.2282221,
        1753102143.238138,
        1753102143.2482696,
        1753102143.2583025,
        1753102143.2683887,
        1753102143.2784421,
        1753102143.2887032,
        1753102143.2985585,
        1753102143.3085868,
        1753102143.3187034,
        1753102143.329014,
        1753102143.3389287,
        1753102143.3488235,
        1753102143.3588603,
        1753102143.3689303,
        1753102143.3790238,
        1753102143.3890994,
        1753102143.3991728,
        1753102143.4091861,
        1753102143.4193392,
        1753102143.429326,
        1753102143.4394083,
        1753102143.4494097,
        1753102143.4595256,
        1753102143.4695044,
        1753102143.479695,
        1753102143.4898806,
        1753102143.4999259,
        1753102143.509833,
        1753102143.5199172,
        1753102143.5299494,
        1753102143.5400357,
        1753102143.5502532,
        1753102143.5603127,
        1753102143.5701807,
        1753102143.5804338,
        1753102143.5902927,
        1753102143.600411,
        1753102143.6108482,
        1753102143.6211112,
        1753102143.631078,
        1753102143.6411977,
        1753102143.6513426,
        1753102143.6612532,
        1753102143.6712584,
        1753102143.6814194,
        1753102143.6914606,
        1753102143.7015312,
        1753102143.7116416,
        1753102143.7216966,
        1753102143.7317138,
        1753102143.7417996,
        1753102143.751973,
        1753102143.7619653,
        1753102143.7719414,
        1753102143.7821343,
        1753102143.792127,
        1753102143.8021514,
        1753102143.8121693,
        1753102143.822272,
        1753102143.8323133,
        1753102143.842365,
        1753102143.8524415,
        1753102143.8625133,
        1753102143.8725386,
        1753102143.8826673,
        1753102143.8927186,
        1753102143.9027696,
        1753102143.912863,
        1753102143.9229217,
        1753102143.932982,
        1753102143.9430132,
        1753102143.9531207,
        1753102143.963168,
        1753102143.973151,
        1753102143.983244,
        1753102143.9933207,
        1753102144.0033438,
        1753102144.0135393,
        1753102144.023506,
        1753102144.0336285,
        1753102144.0436127,
        1753102144.053783,
        1753102144.0637817,
        1753102144.0737972,
        1753102144.0838954,
        1753102144.0939612,
        1753102144.1039474,
        1753102144.1140544,
        1753102144.1240656,
        1753102144.134133,
        1753102144.1441674,
        1753102144.154286,
        1753102144.1643434,
        1753102144.1744184,
        1753102144.1844962,
        1753102144.194565,
        1753102144.2045887,
        1753102144.2146492,
        1753102144.2247145,
        1753102144.2348008,
        1753102144.2448373,
        1753102144.2550323,
        1753102144.2649536,
        1753102144.2749946,
        1753102144.2851143,
        1753102144.295137,
        1753102144.305178,
        1753102144.3152242,
        1753102144.3252864,
        1753102144.3353343,
        1753102144.3454137,
        1753102144.3555052,
        1753102144.3655918,
        1753102144.3756127,
        1753102144.3858612,
        1753102144.395837,
        1753102144.4058633,
        1753102144.4159071,
        1753102144.426,
        1753102144.4360616,
        1753102144.446066,
        1753102144.4562445,
        1753102144.466204,
        1753102144.4762704,
        1753102144.486485,
        1753102144.496454,
        1753102144.5064628,
        1753102144.516531,
        1753102144.5266216,
        1753102144.5366828,
        1753102144.5468345,
        1753102144.556857,
        1753102144.5670033,
        1753102144.5769198,
        1753102144.5874043,
        1753102144.5971587,
        1753102144.6071377,
        1753102144.6171694,
        1753102144.6272016,
        1753102144.6371865,
        1753102144.6473842,
        1753102144.6574025,
        1753102144.6674142,
        1753102144.6774516,
        1753102144.687532,
        1753102144.6975496,
        1753102144.7075903,
        1753102144.7177265,
        1753102144.7277524,
        1753102144.737799,
        1753102144.7478726,
        1753102144.7580047,
        1753102144.7680836,
        1753102144.7780762,
        1753102144.7882235,
        1753102144.7984157,
        1753102144.8082829,
        1753102144.8184545,
        1753102144.8284655,
        1753102144.8384323,
        1753102144.8485448,
        1753102144.8586268,
        1753102144.8686948,
        1753102144.8787272,
        1753102144.8888195,
        1753102144.8989189,
        1753102144.9089346,
        1753102144.9190624,
        1753102144.929127,
        1753102144.939119,
        1753102144.9493363,
        1753102144.9594412,
        1753102144.9693058,
        1753102144.9793093,
        1753102144.9894145,
        1753102144.9994347,
        1753102145.0094614,
        1753102145.0196238,
        1753102145.0296369,
        1753102145.0396562,
        1753102145.049743,
        1753102145.0598402,
        1753102145.0698786,
        1753102145.0799499,
        1753102145.0900028,
        1753102145.1001832,
        1753102145.1102135,
        1753102145.1202714,
        1753102145.1303656,
        1753102145.1403654,
        1753102145.1504674,
        1753102145.1606953,
        1753102145.1705277,
        1753102145.180545,
        1753102145.1905901,
        1753102145.2006364,
        1753102145.210744,
        1753102145.2209105,
        1753102145.2308688,
        1753102145.2409172,
        1753102145.2510252,
        1753102145.261187,
        1753102145.2711518,
        1753102145.2812827,
        1753102145.2912405,
        1753102145.3013225,
        1753102145.311384,
        1753102145.3215368,
        1753102145.3315325,
        1753102145.3415427,
        1753102145.3517547,
        1753102145.361694,
        1753102145.371726,
        1753102145.3818417,
        1753102145.391892,
        1753102145.4019344,
        1753102145.4129913,
        1753102145.4225342,
        1753102145.432282,
        1753102145.4422245,
        1753102145.4523304,
        1753102145.4624097,
        1753102145.472519,
        1753102145.482597,
        1753102145.4926703,
        1753102145.5026672,
        1753102145.5126336,
        1753102145.5228214,
        1753102145.5328133,
        1753102145.5428467,
        1753102145.5530245,
        1753102145.5629714,
        1753102145.5730867,
        1753102145.5831168,
        1753102145.5931585,
        1753102145.6031783,
        1753102145.6133587,
        1753102145.6234725,
        1753102145.6335013,
        1753102145.6436245,
        1753102145.6537323,
        1753102145.6635826,
        1753102145.6736922,
        1753102145.683747,
        1753102145.6937857,
        1753102145.703789,
        1753102145.713882,
        1753102145.7239895,
        1753102145.7339973,
        1753102145.7440732,
        1753102145.754132,
        1753102145.764178,
        1753102145.7742026,
        1753102145.7843778,
        1753102145.7944734,
        1753102145.8044868,
        1753102145.81456,
        1753102145.8247154,
        1753102145.8347657,
        1753102145.8446631,
        1753102145.8548143,
        1753102145.864844,
        1753102145.875021,
        1753102145.885105,
        1753102145.895192,
        1753102145.9052503,
        1753102145.9151363,
        1753102145.92528,
        1753102145.935322,
        1753102145.9453695,
        1753102145.9554865,
        1753102145.9655466,
        1753102145.975511,
        1753102145.9857054,
        1753102145.9956791,
        1753102146.0056925,
        1753102146.0158007,
        1753102146.0258844,
        1753102146.035894,
        1753102146.0460029,
        1753102146.0560663,
        1753102146.0661023,
        1753102146.0761988,
        1753102146.0861983,
        1753102146.0962765,
        1753102146.106479,
        1753102146.1164467,
        1753102146.1268878,
        1753102146.1365159,
        1753102146.1466072,
        1753102146.1568623,
        1753102146.1667159,
        1753102146.1767461,
        1753102146.1868365,
        1753102146.196884,
        1753102146.2069514,
        1753102146.2170289,
        1753102146.2272158,
        1753102146.2370307,
        1753102146.2471237,
        1753102146.2571802,
        1753102146.267259,
        1753102146.2773058,
        1753102146.2874205,
        1753102146.2975214,
        1753102146.307456,
        1753102146.3176136,
        1753102146.3276322,
        1753102146.337658,
        1753102146.3477368,
        1753102146.357851,
        1753102146.3678875,
        1753102146.3779826,
        1753102146.38811,
        1753102146.3981402,
        1753102146.4081361,
        1753102146.4182794,
        1753102146.4283683,
        1753102146.4383686,
        1753102146.448386,
        1753102146.4584382,
        1753102146.4684718,
        1753102146.4785428,
        1753102146.4887846,
        1753102146.4987586,
        1753102146.5089817,
        1753102146.518843,
        1753102146.5289497,
        1753102146.5389733,
        1753102146.549559,
        1753102146.5592222,
        1753102146.569128,
        1753102146.579275,
        1753102146.5893154,
        1753102146.5993679,
        1753102146.609335,
        1753102146.619471,
        1753102146.6295,
        1753102146.639523,
        1753102146.6496701,
        1753102146.6597812,
        1753102146.6697285,
        1753102146.679807,
        1753102146.6899111,
        1753102146.699957,
        1753102146.7099767,
        1753102146.720076,
        1753102146.7300792,
        1753102146.7401211,
        1753102146.7502303,
        1753102146.760324,
        1753102146.770329,
        1753102146.7803864,
        1753102146.7905734,
        1753102146.800456,
        1753102146.8106098,
        1753102146.8205986,
        1753102146.8306725,
        1753102146.8407288,
        1753102146.8508296,
        1753102146.8608649,
        1753102146.870893,
        1753102146.8809671,
        1753102146.8910434,
        1753102146.9010365,
        1753102146.9110785,
        1753102146.9212112,
        1753102146.9313016,
        1753102146.941335,
        1753102146.9514644,
        1753102146.9615188,
        1753102146.9714434,
        1753102146.9815161,
        1753102146.9915922,
        1753102147.001622,
        1753102147.0116694,
        1753102147.0218537,
        1753102147.0318224,
        1753102147.0418673,
        1753102147.051967,
        1753102147.0620298,
        1753102147.0721052,
        1753102147.0821397,
        1753102147.0921693,
        1753102147.1022303,
        1753102147.1126106,
        1753102147.122456,
        1753102147.1324368,
        1753102147.1424687,
        1753102147.152578,
        1753102147.1626253,
        1753102147.1726995,
        1753102147.1827996,
        1753102147.192863
    ],
    "set_target_data": [
        {
            "head": [
                [
                    0.9908228306356969,
                    0.1328725075204174,
                    0.024799496694520452,
                    -0.007509536127518913
                ],
                [
                    -0.13433044239115488,
                    0.9883562581007918,
                    0.07146495168960433,
                    0.0005559364690925915
                ],
                [
                    -0.015015010424955968,
                    -0.07414043308639003,
                    0.9971347680447717,
                    0.01298120292842464
                ],
                [
                    0.0,
                    0.0,
                    0.0,
                    1.0
                ]
            ],
            "antennas": [
                0.22540409570990855,
                -0.7294909552656329
            ],
            "body_yaw": -0.048074531786561424,
            "check_collision": false
        },
        {
            "head": [
                [
                    0.990686177373025,
                    0.13382615628815542,
                    0.025128825184660628,
                    -0.007452542967493471
                ],
                [
                    -0.13534442605217006,
                    0.9880318868355011,
                    0.07399241131959312,
                    0.000513524698607879
                ],
                [
                    -0.014925960559766353,
                    -0.07670430554680348,
                    0.9969421574053083,
                    0.012955241704657117
                ],
                [
                    0.0,
                    0.0,
                    0.0,
                    1.0
                ]
            ],
            "antennas": [
                0.22540409570990855,
                -0.7294909552656329
            ],
            "body_yaw": -0.048074531786561424,
            "check_collision": false
        },
        {
            "head": [
                [
                    0.9905259620194221,
                    0.13490979843855605,
                    0.025644977105997984,
                    -0.007425745747758018
                ],
                [
                    -0.1365198522442505,
                    0.9875912756322842,
                    0.0776260409798565,
                    0.0004343941777512849
                ],
                [
                    -0.014854242111497735,
                    -0.08039165740464944,
                    0.9966526641267895,
                    0.01294108850367559
                ],
                [
                    0.0,
                    0.0,
                    0.0,
                    1.0
                ]
            ],
            "antennas": [
                0.22540409570990855,
                -0.7294909552656329
            ],
            "body_yaw": -0.048074531786561424,
            "check_collision": false
        },
        {
            "head": [
                [
                    0.9903575505832487,
                    0.1360213076067061,
                    0.026270247043192117,
                    -0.007392366962582237
                ],
                [
                    -0.1377281915630536,
                    0.9871605890690637,
                    0.08090065906771494,
                    0.00029563196215131064
                ],
                [
                    -0.014928739113512442,
                    -0.08373873217204615,
                    0.996375911733468,
                    0.012925521956144714
                ],
                [
                    0.0,
                    0.0,
                    0.0,
                    1.0
                ]
            ],
            "antennas": [
                0.22540409570990855,
                -0.7294909552656329
            ],
            "body_yaw": -0.048074531786561424,
            "check_collision": false
        },
        {
            "head": [
                [
                    0.9901842272992807,
                    0.13721097240322958,
                    0.026614752673781494,
                    -0.007356151830333497
                ],
                [
                    -0.13898178045654216,
                    0.9867695673208501,
                    0.08348584137775553,
                    0.00021964689223445428
                ],
                [
                    -0.014807454502915188,
                    -0.08636532904807584,
                    0.9961534867828158,
                    0.012886940276180647
                ],
                [
                    0.0,
                    0.0,
                    0.0,
                    1.0
                ]
            ],
            "antennas": [
                0.22540409570990855,
                -0.7294909552656329
            ],
            "body_yaw": -0.048074531786561424,
            "check_collision": false
        },
        {
            "head": [
                [
                    0.9900672606776795,
                    0.1379638908344792,
                    0.02706998633187472,
                    -0.007349924214759973
                ],
                [
                    -0.13981378104930367,
                    0.9864100676160363,
                    0.08629765428112197,
                    0.00018309600601679795
                ],
                [
                    -0.014796146893477378,
                    -0.08922523931903222,
                    0.9959015667753355,
                    0.012859877040977685
                ],
                [
                    0.0,
                    0.0,
                    0.0,
                    1.0
                ]
            ],
            "antennas": [
                0.22540409570990855,
                -0.7294909552656329
            ],
            "body_yaw": -0.048074531786561424,
            "check_collision": false
        },
        {
            "head": [
                [
                    0.9899224345816547,
                    0.13898088331165365,
                    0.027164086324448236,
                    -0.007333946044732297
                ],
                [
                    -0.14086538810451565,
                    0.9860801035122048,
                    0.088334432083553,
                    0.00012025702784278095
                ],
                [
                    -0.014509167656820908,
                    -0.09127071562813659,
                    0.9957204128281364,
                    0.01284022061913459
                ],
                [
                    0.0,
                    0.0,
                    0.0,
                    1.0
                ]
            ],
            "antennas": [
                0.22540409570990855,
                -0.7294909552656329
            ],
            "body_yaw": -0.048074531786561424,
            "check_collision": false
        },
        {
            "head": [
                [
                    0.9897882825944044,
                    0.1399058782615117,
                    0.02730386175422841,
                    -0.007322840091221228
                ],
                [
                    -0.14183120991811007,
                    0.9857432095403029,
                    0.09052200140489047,
                    6.997352507468607e-05
                ],
                [
                    -0.014250036209916845,
                    -0.09347015605559386,
                    0.9955200984384789,
                    0.012826488072682274
                ],
                [
                    0.0,
                    0.0,
                    0.0,
                    1.0
                ]
            ],
            "antennas": [
                0.22540409570990855,
                -0.7294909552656329
            ],
            "body_yaw": -0.048074531786561424,
            "check_collision": false
        },
        {
            "head": [
                [
                    0.9896986119401968,
                    0.14046784715262048,
                    0.027666612368624124,
                    -0.007309769463763967
                ],
                [
                    -0.1424544305266862,
                    0.9854632790152595,
                    0.09256814212141394,
                    1.0934542599054433e-05
                ],
                [
                    -0.014261582905315644,
                    -0.09555579327702117,
                    0.9953219065328734,
                    0.01281051618755591
                ],
                [
                    0.0,
                    0.0,
                    0.0,
                    1.0
                ]
            ],
            "antennas": [
                0.22540409570990855,
                -0.7294909552656329
            ],
            "body_yaw": -0.048074531786561424,
            "check_collision": false
        },
        {
            "head": [
                [
                    0.9895776236720577,
                    0.1412406532320399,
                    0.02805716668073909,
                    -0.0073382317995497725
                ],
                [
                    -0.14330132391050607,
                    0.9850760468345662,
                    0.09534103271037342,
                    5.7714328506344465e-05
                ],
                [
                    -0.014172413099410542,
                    -0.09836798171849886,
                    0.9950491861609503,
                    0.012908465744813524
                ],
                [
                    0.0,
                    0.0,
                    0.0,
                    1.0
                ]
            ],
            "antennas": [
                0.22540409570990855,
                -0.7294909552656329
            ],
            "body_yaw": -0.048074531786561424,
            "check_collision": false
        },
        {
            "head": [
                [
                    0.9894365801061578,
                    0.14213927915207267,
                    0.028489985432789324,
                    -0.007323426019951276
                ],
                [
                    -0.1442627462335924,
                    0.9847717762643536,
                    0.09701963060274203,
                    1.509803210547351e-05
                ],
                [
                    -0.014265833202919378,
                    -0.100104815045429,
                    0.9948746212502093,
                    0.012890434815778229
                ],
                [
                    0.0,
                    0.0,
                    0.0,
                    1.0
                ]
            ],
            "antennas": [
                0.22540409570990855,
                -0.7294909552656329
            ],
            "body_yaw": -0.048074531786561424,
            "check_collision": false
        },
        {
            "head": [
                [
                    0.9893370750458551,
                    0.14274890921723565,
                    0.028894651010206406,
                    -0.00732622277934972
                ],
                [
                    -0.14493534542002767,
                    0.9845001377384892,
                    0.098758414531994,
                    -0.00010625706099024477
                ],
                [
                    -0.014349131948988047,
                    -0.10189321719420441,
                    0.9946918491181705,
                    0.01296577875107452
                ],
                [
                    0.0,
                    0.0,
                    0.0,
                    1.0
                ]
            ],
            "antennas": [
                0.22540409570990855,
                -0.7294909552656329
            ],
            "body_yaw": -0.048074531786561424,
            "check_collision": false
        },
        {
            "head": [
                [
                    0.9892594219917015,
                    0.1432074425292036,
                    0.029281810136831548,
                    -0.007321253377388242
                ],
                [
                    -0.14545008945745252,
                    0.9842935871853175,
                    0.10005201498560036,
                    -0.00013891498609723552
                ],
                [
                    -0.014493704752879939,
                    -0.10323644041763837,
                    0.9945512404559312,
                    0.012955342374163292
                ],
                [
                    0.0,
                    0.0,
                    0.0,
                    1.0
                ]
            ],
            "antennas": [
                0.22540409570990855,
                -0.7294909552656329
            ],
            "body_yaw": -0.048074531786561424,
            "check_collision": false
        },
        {
            "head": [
                [
                    0.9891984163011912,
                    0.14354754466323147,
                    0.029674831227371978,
                    -0.007288062698014724
                ],
                [
                    -0.1458437031463102,
                    0.9841348382754215,
                    0.10103580724268495,
                    -0.00020179378701230734
                ],
                [
                    -0.014700593178045184,
                    -0.10427234779061804,
                    0.9944401289401218,
                    0.01297658047141359
                ],
                [
                    0.0,
                    0.0,
                    0.0,
                    1.0
                ]
            ],
            "antennas": [
                0.22540409570990855,
                -0.7294909552656329
            ],
            "body_yaw": -0.048074531786561424,
            "check_collision": false
        },
        {
            "head": [
                [
                    0.9891365344658359,
                    0.14392076964246595,
                    0.02992871949209406,
                    -0.007277290201994239
                ],
                [
                    -0.14625244905275955,
                    0.9839987236662572,
                    0.10176803510556112,
                    -0.00021767480288721608
                ],
                [
                    -0.014803287843792139,
                    -0.10503963008644407,
                    0.9943578524758161,
                    0.012973212690555402
                ],
                [
                    0.0,
                    0.0,
                    0.0,
                    1.0
                ]
            ],
            "antennas": [
                0.22540409570990855,
                -0.7294909552656329
            ],
            "body_yaw": -0.048074531786561424,
            "check_collision": false
        },
        {
            "head": [
                [
                    0.9890546220732115,
                    0.14444702125772424,
                    0.030100043278830944,
                    -0.007267311513980005
                ],
                [
                    -0.14680732522036927,
                    0.983823219246578,
                    0.10266198192583552,
                    -0.00022870510009176653
                ],
                [
                    -0.01478390399243952,
                    -0.10595721457772662,
                    0.9942607831256708,
                    0.012975531888927971
                ],
                [
                    0.0,
                    0.0,
                    0.0,
                    1.0
                ]
            ],
            "antennas": [
                0.22540409570990855,
                -0.7294909552656329
            ],
            "body_yaw": -0.048074531786561424,
            "check_collision": false
        },
        {
            "head": [
                [
                    0.9889778967036348,
                    0.1449702555413181,
                    0.03010556161142018,
                    -0.007260349594859905
                ],
                [
                    -0.14734060833804485,
                    0.9836566416246645,
                    0.10349085236029647,
                    -0.0002415375036507613
                ],
                [
                    -0.014610440316053004,
                    -0.10678593725753756,
                    0.9941746821549017,
                    0.012975559555039595
                ],
                [
                    0.0,
                    0.0,
                    0.0,
                    1.0
                ]
            ],
            "antennas": [
                0.22540409570990855,
                -0.7294909552656329
            ],
            "body_yaw": -0.048074531786561424,
            "check_collision": false
        },
        {
            "head": [
                [
                    0.9889681540672032,
                    0.14499717978648807,
                    0.030295347743076153,
                    -0.007209842533536368
                ],
                [
                    -0.1473952529730564,
                    0.9835945434029695,
                    0.10400198838922797,
                    -0.0004177981193056791
                ],
                [
                    -0.014718343721960039,
                    -0.10732004492111089,
                    0.9941155759348173,
                    0.013010065542117033
                ],
                [
                    0.0,
                    0.0,
                    0.0,
                    1.0
                ]
            ],
            "antennas": [
                0.22540409570990855,
                -0.7294909552656329
            ],
            "body_yaw": -0.048074531786561424,
            "check_collision": false
        },
        {
            "head": [
                [
                    0.988969136531151,
                    0.1449675572495413,
                    0.030404840633205494,
                    -0.007192649756397998
                ],
                [
                    -0.1473788616130423,
                    0.9835876828487061,
                    0.10409006339683412,
                    -0.00043086498386552983
                ],
                [
                    -0.014816144521209846,
                    -0.10742289091908759,
                    0.9941030149678214,
                    0.013003296308366163
                ],
                [
                    0.0,
                    0.0,
                    0.0,
                    1.0
                ]
            ],
            "antennas": [
                0.22540409570990855,
                -0.7294909552656329
            ],
            "body_yaw": -0.048074531786561424,
            "check_collision": false
        },
        {
            "head": [
                [
                    0.9890039428483356,
                    0.14474639863931363,
                    0.03032624459762987,
                    -0.007166843301907624
                ],
                [
                    -0.14714743925215426,
                    0.9836438150210992,
                    0.1038868436919302,
                    -0.0004415093396489553
                ],
                [
                    -0.01479297644086345,
                    -0.10720692725606341,
                    0.9941266733149924,
                    0.013019145274275834
                ],
                [
                    0.0,
                    0.0,
                    0.0,
                    1.0
                ]
            ],
            "antennas": [
                0.22540409570990855,
                -0.7294909552656329
            ],
            "body_yaw": -0.048074531786561424,
            "check_collision": false
        },
        {
            "head": [
                [
                    0.9890387331874273,
                    0.14458186471071402,
                    0.029974466663838902,
                    -0.007190644855339464
                ],
                [
                    -0.14694329114865975,
                    0.9836945152398701,
                    0.10369556342195695,
                    -0.00047020886220294376
                ],
                [
                    -0.014493220532684013,
                    -0.1069634754660191,
                    0.9941573122372641,
                    0.013061619330581253
                ],
                [
                    0.0,
                    0.0,
                    0.0,
                    1.0
                ]
            ],
            "antennas": [
                0.22540409570990855,
                -0.7294909552656329
            ],
            "body_yaw": -0.048074531786561424,
            "check_collision": false
        },
        {
            "head": [
                [
                    0.9890733817943844,
                    0.14439484403767844,
                    0.029731707673035228,
                    -0.00717386992258091
                ],
                [
                    -0.14672306519521694,
                    0.9837875572863015,
                    0.1031231509815939,
                    -0.0004623055535274102
                ],
                [
                    -0.014359232762944494,
                    -0.10635869096593382,
                    0.9942241403679921,
                    0.013065995339870518
                ],
                [
                    0.0,
                    0.0,
                    0.0,
                    1.0
                ]
            ],
            "antennas": [
                0.22540409570990855,
                -0.7294909552656329
            ],
            "body_yaw": -0.048074531786561424,
            "check_collision": false
        },
        {
            "head": [
                [
                    0.9891240022007908,
                    0.14410559456021185,
                    0.029449717939869544,
                    -0.007156451333809431
                ],
                [
                    -0.14639336182747006,
                    0.9839245475049392,
                    0.10228132004453254,
                    -0.0004494609934209003
                ],
                [
                    -0.014236989960713556,
                    -0.10548015184691624,
                    0.9943194887375034,
                    0.013065851111364934
                ],
                [
                    0.0,
                    0.0,
                    0.0,
                    1.0
                ]
            ],
            "antennas": [
                0.22540409570990855,
                -0.7294909552656329
            ],
            "body_yaw": -0.048074531786561424,
            "check_collision": false
        },
        {
            "head": [
                [
                    0.9891983019485925,
                    0.14366153156212283,
                    0.02912187787980946,
                    -0.00715851725278717
                ],
                [
                    -0.14590661438895772,
                    0.9840735010403016,
                    0.10154114647686305,
                    -0.0003998299600301812
                ],
                [
                    -0.014070511702612207,
                    -0.1046934042789179,
                    0.9944050039098344,
                    0.013026667959496585
                ],
                [
                    0.0,
                    0.0,
                    0.0,
                    1.0
                ]
            ],
            "antennas": [
                0.22540409570990855,
                -0.7294909552656329
            ],
            "body_yaw": -0.048074531786561424,
            "check_collision": false
        },
        {
            "head": [
                [
                    0.9892799079649459,
                    0.1431211156449641,
                    0.029010514531957226,
                    -0.007137422796669175
                ],
                [
                    -0.145340021053732,
                    0.9842825095457629,
                    0.10032058453974457,
                    -0.00037762113460676613
                ],
                [
                    -0.014196548065245503,
                    -0.10346152743332235,
                    0.994532136416011,
                    0.01300987266428455
                ],
                [
                    0.0,
                    0.0,
