{
    "description": "A short movement to say you don’t understand the instruction or what’s being said.",
    "time": [
        1753102247.1277716,
        1753102247.1379206,
        1753102247.14801,
        1753102247.158019,
        1753102247.1680868,
        1753102247.178238,
        1753102247.1886654,
        1753102247.1984904,
        1753102247.2084205,
        1753102247.2185152,
        1753102247.2286263,
        1753102247.2386143,
        1753102247.2487352,
        1753102247.2587533,
        1753102247.268798,
        1753102247.2788296,
        1753102247.2888277,
        1753102247.298962,
        1753102247.3089359,
        1753102247.3189816,
        1753102247.32908,
        1753102247.3391323,
        1753102247.3491406,
        1753102247.3591666,
        1753102247.3692951,
        1753102247.379314,
        1753102247.3894641,
        1753102247.3994493,
        1753102247.409511,
        1753102247.4198442,
        1753102247.4296756,
        1753102247.4397004,
        1753102247.449845,
        1753102247.459817,
        1753102247.4698746,
        1753102247.4800732,
        1753102247.4901545,
        1753102247.5001397,
        1753102247.5101798,
        1753102247.5203114,
        1753102247.5303411,
        1753102247.5403078,
        1753102247.5504713,
        1753102247.5604985,
        1753102247.5705552,
        1753102247.5806487,
        1753102247.590795,
        1753102247.601513,
        1753102247.6109908,
        1753102247.6210322,
        1753102247.6318305,
        1753102247.6414855,
        1753102247.6516604,
        1753102247.6616497,
        1753102247.6716423,
        1753102247.681778,
        1753102247.6917953,
        1753102247.701948,
        1753102247.712055,
        1753102247.7220974,
        1753102247.7321763,
        1753102247.7421732,
        1753102247.7522266,
        1753102247.762211,
        1753102247.7722821,
        1753102247.7823734,
        1753102247.792522,
        1753102247.8024757,
        1753102247.8125434,
        1753102247.8226614,
        1753102247.832732,
        1753102247.8427234,
        1753102247.8528943,
        1753102247.8629518,
        1753102247.8729532,
        1753102247.8830304,
        1753102247.8930862,
        1753102247.9031544,
        1753102247.9131935,
        1753102247.9232762,
        1753102247.933407,
        1753102247.9434872,
        1753102247.9536316,
        1753102247.9635093,
        1753102247.9735196,
        1753102247.9836504,
        1753102247.9936776,
        1753102248.003772,
        1753102248.0138538,
        1753102248.0239465,
        1753102248.0339937,
        1753102248.0440164,
        1753102248.0541587,
        1753102248.0641544,
        1753102248.074174,
        1753102248.08437,
        1753102248.0943317,
        1753102248.1044471,
        1753102248.1145287,
        1753102248.1245508,
        1753102248.134596,
        1753102248.144805,
        1753102248.1548948,
        1753102248.1649592,
        1753102248.1749783,
        1753102248.1849077,
        1753102248.1949532,
        1753102248.2050278,
        1753102248.2150602,
        1753102248.2251184,
        1753102248.2352028,
        1753102248.2454295,
        1753102248.255377,
        1753102248.2653768,
        1753102248.275372,
        1753102248.285485,
        1753102248.2955387,
        1753102248.3057215,
        1753102248.3157463,
        1753102248.325796,
        1753102248.3358116,
        1753102248.3458567,
        1753102248.3559656,
        1753102248.3660896,
        1753102248.3760455,
        1753102248.3863153,
        1753102248.3962395,
        1753102248.4062505,
        1753102248.4163778,
        1753102248.426475,
        1753102248.4365008,
        1753102248.4465141,
        1753102248.456604,
        1753102248.466621,
        1753102248.4766681,
        1753102248.4869118,
        1753102248.497006,
        1753102248.506904,
        1753102248.5169919,
        1753102248.5277138,
        1753102248.5371587,
        1753102248.547279,
        1753102248.5572624,
        1753102248.567341,
        1753102248.5774827,
        1753102248.5874856,
        1753102248.5974462,
        1753102248.607504,
        1753102248.6176922,
        1753102248.627708,
        1753102248.637812,
        1753102248.6481483,
        1753102248.6580865,
        1753102248.6679602,
        1753102248.6780193,
        1753102248.688013,
        1753102248.6980848,
        1753102248.708117,
        1753102248.7182953,
        1753102248.728279,
        1753102248.7383554,
        1753102248.748453,
        1753102248.7585068,
        1753102248.7685175,
        1753102248.7785923,
        1753102248.7886763,
        1753102248.7987168,
        1753102248.8087254,
        1753102248.8188388,
        1753102248.8288527,
        1753102248.8389184,
        1753102248.8490415,
        1753102248.859079,
        1753102248.8691518,
        1753102248.8791888,
        1753102248.8892612,
        1753102248.8993647,
        1753102248.9093246,
        1753102248.919511,
        1753102248.9295,
        1753102248.9396288,
        1753102248.949648,
        1753102248.9596252,
        1753102248.9697037,
        1753102248.9797804,
        1753102248.9898443,
        1753102248.9998982,
        1753102249.0098925,
        1753102249.0200179,
        1753102249.0300596,
        1753102249.0401454,
        1753102249.050243,
        1753102249.0602286,
        1753102249.0703557,
        1753102249.0804,
        1753102249.0904706,
        1753102249.1004791,
        1753102249.110629,
        1753102249.1206603,
        1753102249.130694,
        1753102249.1407335,
        1753102249.1508315,
        1753102249.160887,
        1753102249.170929,
        1753102249.1810176,
        1753102249.1910589,
        1753102249.2011244,
        1753102249.2111676,
        1753102249.2212677,
        1753102249.2312937,
        1753102249.2413156,
        1753102249.2514396,
        1753102249.2614672,
        1753102249.2714877,
        1753102249.2815793,
        1753102249.291636,
        1753102249.3018284,
        1753102249.3122833,
        1753102249.3220103,
        1753102249.3320143,
        1753102249.3420362,
        1753102249.3521585,
        1753102249.3621552,
        1753102249.3721828,
        1753102249.3823035,
        1753102249.392314,
        1753102249.4025033,
        1753102249.4124603,
        1753102249.4225636,
        1753102249.4326515,
        1753102249.4426692,
        1753102249.452704,
        1753102249.4627562,
        1753102249.472768,
        1753102249.4836168,
        1753102249.4930773,
        1753102249.5030847,
        1753102249.51306,
        1753102249.523129,
        1753102249.5331721,
        1753102249.5431874,
        1753102249.5533779,
        1753102249.5633807,
        1753102249.573402,
        1753102249.583464,
        1753102249.593549,
        1753102249.6035857,
        1753102249.613674,
        1753102249.6240518,
        1753102249.634063,
        1753102249.644284,
        1753102249.6545696,
        1753102249.6644247,
        1753102249.6744356,
        1753102249.684559,
        1753102249.6946144,
        1753102249.704661,
        1753102249.714783,
        1753102249.7248213,
        1753102249.734854,
        1753102249.7448907,
        1753102249.7549732,
        1753102249.765021,
        1753102249.7750504,
        1753102249.78512,
        1753102249.7951844,
        1753102249.8052533,
        1753102249.8153048,
        1753102249.8254626,
        1753102249.8354166,
        1753102249.8455687,
        1753102249.8555486,
        1753102249.8656113,
        1753102249.8756607,
        1753102249.885809,
        1753102249.8958347,
        1753102249.9058669,
        1753102249.915998,
        1753102249.9260256,
        1753102249.936247,
        1753102249.9462116,
        1753102249.956226,
        1753102249.966251,
        1753102249.9762933,
        1753102249.98647,
        1753102249.9964924,
        1753102250.006432,
        1753102250.0165238,
        1753102250.0265822,
        1753102250.036694,
        1753102250.046719,
        1753102250.0567598,
        1753102250.0668273,
        1753102250.0768466,
        1753102250.0870724,
        1753102250.0970283,
        1753102250.10707,
        1753102250.1172223,
        1753102250.1271782,
        1753102250.137247,
        1753102250.147309,
        1753102250.157414,
        1753102250.1674855,
        1753102250.177552,
        1753102250.1876001,
        1753102250.1976073,
        1753102250.2076993,
        1753102250.2179084,
        1753102250.227802,
        1753102250.2378695,
        1753102250.2479494,
        1753102250.2580101,
        1753102250.2681997,
        1753102250.278153,
        1753102250.288195,
        1753102250.2982435,
        1753102250.3083935,
        1753102250.3184772,
        1753102250.3285074,
        1753102250.3384514,
        1753102250.3485696,
        1753102250.358639,
        1753102250.3689666,
        1753102250.3790221,
        1753102250.3888676,
        1753102250.3989499,
        1753102250.408983,
        1753102250.419073,
        1753102250.429105,
        1753102250.439158,
        1753102250.4493644,
        1753102250.4592855,
        1753102250.4693115,
        1753102250.4793687,
        1753102250.4895768,
        1753102250.4996662,
        1753102250.5096476,
        1753102250.5197477,
        1753102250.5299785,
        1753102250.5397751,
        1753102250.549944,
        1753102250.5599196,
        1753102250.5703404,
        1753102250.5801573,
        1753102250.5900507,
        1753102250.6000626,
        1753102250.6100821,
        1753102250.6202226,
        1753102250.6302335,
        1753102250.6402242,
        1753102250.6504025,
        1753102250.6603966,
        1753102250.6704926,
        1753102250.6806056,
        1753102250.690738,
        1753102250.7008371,
        1753102250.7108197,
        1753102250.7210217,
        1753102250.7309108,
        1753102250.740892,
        1753102250.7510211,
        1753102250.761053,
        1753102250.771093,
        1753102250.781145,
        1753102250.791261,
        1753102250.8013425,
        1753102250.8113394,
        1753102250.8214412,
        1753102250.8314838,
        1753102250.8415437,
        1753102250.8517077,
        1753102250.861714,
        1753102250.871798,
        1753102250.8818235,
        1753102250.8919094,
        1753102250.9019172,
        1753102250.9119618,
        1753102250.9220383,
        1753102250.9321058,
        1753102250.942102,
        1753102250.9522655,
        1753102250.962279,
        1753102250.972285,
        1753102250.9824524,
        1753102250.992447,
        1753102251.0025387,
        1753102251.0126145,
        1753102251.0226967,
        1753102251.0326972,
        1753102251.0427732,
        1753102251.0529444,
        1753102251.0628972,
        1753102251.0729218,
        1753102251.083015,
        1753102251.0930889,
        1753102251.1030912,
        1753102251.1132298,
        1753102251.123262,
        1753102251.1333082,
        1753102251.143323,
        1753102251.1534157,
        1753102251.1634667,
        1753102251.1735036,
        1753102251.183645,
        1753102251.1936746,
        1753102251.2037525,
        1753102251.213793,
        1753102251.2239203,
        1753102251.2338595,
        1753102251.2439234,
        1753102251.254085,
        1753102251.2640412,
        1753102251.2740364,
        1753102251.2841282,
        1753102251.294153,
        1753102251.3042114,
        1753102251.3144517,
        1753102251.3244407,
        1753102251.3345087,
        1753102251.344518,
        1753102251.3546128,
        1753102251.3646047,
        1753102251.3746922,
        1753102251.384856,
        1753102251.3947985,
        1753102251.4048955,
        1753102251.4149525,
        1753102251.425022,
        1753102251.4350936,
        1753102251.445329,
        1753102251.4551885,
        1753102251.4651852,
        1753102251.4752405,
        1753102251.4854162,
        1753102251.4955812,
        1753102251.5054808,
        1753102251.5155506,
        1753102251.5255926,
        1753102251.5357702,
        1753102251.5457664,
        1753102251.5558546,
        1753102251.565872,
        1753102251.5758727,
        1753102251.586228,
        1753102251.5960538,
        1753102251.6060498,
        1753102251.6161594,
        1753102251.6265872,
        1753102251.6366189,
        1753102251.6468825,
        1753102251.6570363,
        1753102251.667124,
        1753102251.6770558,
        1753102251.6874995,
        1753102251.6973941,
        1753102251.7072654,
        1753102251.7173688,
        1753102251.7274182,
        1753102251.7374868,
        1753102251.7475102,
        1753102251.7575798,
        1753102251.7675953,
        1753102251.7776582,
        1753102251.787811,
        1753102251.7978284,
        1753102251.807857,
        1753102251.8179626,
        1753102251.8280504,
        1753102251.8381112,
        1753102251.8481429,
        1753102251.8582554,
        1753102251.8683271,
        1753102251.8784258,
        1753102251.8883884,
        1753102251.89845,
        1753102251.9084308,
        1753102251.9185915,
        1753102251.9285944,
        1753102251.938651,
        1753102251.9487965,
        1753102251.958802,
        1753102251.9689002,
        1753102251.9789195,
        1753102251.9890304,
        1753102251.9990702,
        1753102252.0090866,
        1753102252.0193505,
        1753102252.0292559,
        1753102252.0392919,
        1753102252.049451,
        1753102252.0595176,
        1753102252.0694754,
        1753102252.0795734,
        1753102252.08963,
        1753102252.0996783,
        1753102252.1097572,
        1753102252.1198637,
        1753102252.1298115,
        1753102252.1398602,
        1753102252.1501753,
        1753102252.1601877,
        1753102252.1702826
    ],
    "set_target_data": [
        {
            "head": [
                [
                    0.995332756439194,
                    -0.0931364552252012,
                    -0.025264692106563184,
                    -0.008122335012880748
                ],
                [
                    0.0937651964463283,
                    0.9952814301096193,
                    0.024959223031413708,
                    -0.005381339494749075
                ],
                [
                    0.022820865332778353,
                    -0.027211681076965526,
                    0.9993691672842564,
                    0.005367266247568012
                ],
                [
                    0.0,
                    0.0,
                    0.0,
                    1.0
                ]
            ],
            "antennas": [
                0.3179414867391099,
                -0.3869306747776125
            ],
            "body_yaw": -0.07468526350440764,
            "check_collision": false
        },
        {
            "head": [
                [
                    0.9953416796564801,
                    -0.09302615266628284,
                    -0.025319471928266897,
                    -0.00812125053875909
                ],
                [
                    0.09365940104904275,
                    0.9952880846478848,
                    0.025090738392474096,
                    -0.005370173717065044
                ],
                [
                    0.022866073859572587,
                    -0.027345264271066025,
                    0.9993644876561274,
                    0.005380197393374151
                ],
                [
                    0.0,
                    0.0,
                    0.0,
                    1.0
                ]
            ],
            "antennas": [
                0.3179414867391099,
                -0.3869306747776125
            ],
            "body_yaw": -0.07468526350440764,
            "check_collision": false
        },
        {
            "head": [
                [
                    0.995358392644092,
                    -0.09294418539335071,
                    -0.024960941379217196,
                    -0.008046957512128462
                ],
                [
                    0.09356929944611768,
                    0.9952946937371325,
                    0.025164634308309262,
                    -0.005136421723628061
                ],
                [
                    0.022504586068911123,
                    -0.02738340775496403,
                    0.9993716488802317,
                    0.0052228579746814805
                ],
                [
                    0.0,
                    0.0,
                    0.0,
                    1.0
                ]
            ],
            "antennas": [
                0.3179414867391099,
                -0.3869306747776125
            ],
            "body_yaw": -0.07468526350440764,
            "check_collision": false
        },
        {
            "head": [
                [
                    0.9953617250487308,
                    -0.09293265930328616,
                    -0.024870809050649624,
                    -0.008035134402328913
                ],
                [
                    0.09355630617003617,
                    0.995294785462528,
                    0.02520927620774957,
                    -0.005112296146602869
                ],
                [
                    0.022411021481248593,
                    -0.02741916967961463,
                    0.9993727709169623,
                    0.005229038731015554
                ],
                [
                    0.0,
                    0.0,
                    0.0,
                    1.0
                ]
            ],
            "antennas": [
                0.3179414867391099,
                -0.3869306747776125
            ],
            "body_yaw": -0.07468526350440764,
            "check_collision": false
        },
        {
            "head": [
                [
                    0.9953591244324922,
                    -0.09291807940127277,
                    -0.025028861927003043,
                    -0.00808330083118813
                ],
                [
                    0.09354458795735711,
                    0.995297540553439,
                    0.025143902484767715,
                    -0.0050295986471414564
                ],
                [
                    0.022574841591260233,
                    -0.027368527338057447,
                    0.9993704719664651,
                    0.0051948037705877945
                ],
                [
                    0.0,
                    0.0,
                    0.0,
                    1.0
                ]
            ],
            "antennas": [
                0.3179414867391099,
                -0.3869306747776125
            ],
            "body_yaw": -0.07468526350440764,
            "check_collision": false
        },
        {
            "head": [
                [
                    0.9953490882676237,
                    -0.09301092809922294,
                    -0.025083056809941696,
                    -0.00808505555227432
                ],
                [
                    0.09363731300383614,
                    0.9952906063296351,
                    0.02507314430637734,
                    -0.004993603048344463
                ],
                [
                    0.022632854398665657,
                    -0.027305241366960768,
                    0.9993708909587372,
                    0.005209393651587466
                ],
                [
                    0.0,
                    0.0,
                    0.0,
                    1.0
                ]
            ],
            "antennas": [
                0.3179414867391099,
                -0.3869306747776125
            ],
            "body_yaw": -0.07468526350440764,
            "check_collision": false
        },
        {
            "head": [
                [
                    0.9953484983878867,
                    -0.09301805309794065,
                    -0.02508004295944912,
                    -0.008082129136248716
                ],
                [
                    0.0936443683270489,
                    0.9952899279804694,
                    0.0250737221261639,
                    -0.00495467095520229
                ],
                [
                    0.022629605334762673,
                    -0.027305696447825233,
                    0.9993709521013168,
                    0.005227000506511379
                ],
                [
                    0.0,
                    0.0,
                    0.0,
                    1.0
                ]
            ],
            "antennas": [
                0.3179414867391099,
                -0.3869306747776125
            ],
            "body_yaw": -0.07468526350440764,
            "check_collision": false
        },
        {
            "head": [
                [
                    0.9953529870961751,
                    -0.09296218657252381,
                    -0.025109021215023425,
                    -0.008077775762229558
                ],
                [
                    0.09359048089940364,
                    0.9952936795523496,
                    0.025125949298741197,
                    -0.004912747879131447
                ],
                [
                    0.02265508692853732,
                    -0.027359154058556472,
                    0.9993689127271572,
                    0.0052484240672561275
                ],
                [
                    0.0,
                    0.0,
                    0.0,
                    1.0
                ]
            ],
            "antennas": [
                0.3179414867391099,
                -0.3869306747776125
            ],
            "body_yaw": -0.07468526350440764,
            "check_collision": false
        },
        {
            "head": [
                [
                    0.9953559613203246,
                    -0.0929745674775534,
                    -0.0249447402563026,
                    -0.008037339674596968
                ],
                [
                    0.09359629062411379,
                    0.9952954555521042,
                    0.025033787942214253,
                    -0.004998924153715842
                ],
                [
                    0.022499881010773447,
                    -0.027252265221283746,
                    0.9993753395970955,
                    0.005169305427113921
                ],
                [
                    0.0,
                    0.0,
                    0.0,
                    1.0
                ]
            ],
            "antennas": [
                0.3179414867391099,
                -0.3869306747776125
            ],
            "body_yaw": -0.07468526350440764,
            "check_collision": false
        },
        {
            "head": [
                [
                    0.9953483772127,
                    -0.09307735668893741,
                    -0.024863902586782897,
                    -0.008024863768067419
                ],
                [
                    0.09369463890262264,
                    0.9952886978309894,
                    0.024934366059729714,
                    -0.004971064508556161
                ],
                [
                    0.02242593634504172,
                    -0.027147995168958,
                    0.9993798395691972,
                    0.005170096827087365
                ],
                [
                    0.0,
                    0.0,
                    0.0,
                    1.0
                ]
            ],
            "antennas": [
                0.3179414867391099,
                -0.3869306747776125
            ],
            "body_yaw": -0.07468526350440764,
            "check_collision": false
        },
        {
            "head": [
                [
                    0.9953564856330057,
                    -0.0929886364604356,
                    -0.02487126851491902,
                    -0.008042746018534403
                ],
                [
                    0.09360579943984891,
                    0.9952974191525107,
                    0.024919906492167805,
                    -0.004930140188390454
                ],
                [
                    0.022437041238519757,
                    -0.027132285520769406,
                    0.9993800169419441,
                    0.005082400035746124
                ],
                [
                    0.0,
                    0.0,
                    0.0,
                    1.0
                ]
            ],
            "antennas": [
                0.3179414867391099,
                -0.3869306747776125
            ],
            "body_yaw": -0.07468526350440764,
            "check_collision": false
        },
        {
            "head": [
                [
                    0.995365819814009,
                    -0.09284727532369093,
                    -0.025025351365214117,
                    -0.008080465289411906
                ],
                [
                    0.09347196705693385,
                    0.9953062894079734,
                    0.02506754155155126,
                    -0.004743707989266791
                ],
                [
                    0.02258043667631708,
                    -0.027290542865579043,
                    0.9993724781829889,
                    0.004933346637563849
                ],
                [
                    0.0,
                    0.0,
                    0.0,
                    1.0
                ]
            ],
            "antennas": [
                0.3179414867391099,
                -0.3869306747776125
            ],
            "body_yaw": -0.07468526350440764,
            "check_collision": false
        },
        {
            "head": [
                [
                    0.9953667969292164,
                    -0.09282466659489055,
                    -0.0250703179561083,
                    -0.008083055394743353
                ],
                [
                    0.0934505029248425,
                    0.9953083991330713,
                    0.025063800953914188,
                    -0.004713145797192942
                ],
                [
                    0.022626159063503452,
                    -0.027290509095853024,
                    0.9993714449789542,
                    0.004927292595524499
                ],
                [
                    0.0,
                    0.0,
                    0.0,
                    1.0
                ]
            ],
            "antennas": [
                0.3179414867391099,
                -0.3869306747776125
            ],
            "body_yaw": -0.07468526350440764,
            "check_collision": false
        },
        {
            "head": [
                [
                    0.9953571588183139,
                    -0.09296887807800681,
                    -0.024918147965906214,
                    -0.008082408902306305
                ],
                [
                    0.09358679101187521,
                    0.9952997894762103,
                    0.02489661857986333,
                    -0.004834514248666462
                ],
                [
                    0.02248641672729756,
                    -0.027113037039924254,
                    0.9993794295888015,
                    0.005002985655623524
                ],
                [
                    0.0,
                    0.0,
                    0.0,
                    1.0
                ]
            ],
            "antennas": [
                0.3179414867391099,
                -0.3869306747776125
            ],
            "body_yaw": -0.07468526350440764,
            "check_collision": false
        },
        {
            "head": [
                [
                    0.995355115842914,
                    -0.09300035976633995,
                    -0.024882251680080694,
                    -0.008080661116809796
                ],
                [
                    0.09361707023410519,
                    0.9952971944789689,
                    0.024886518902337826,
                    -0.004806809750256933
                ],
                [
                    0.022450780078254684,
                    -0.027100327408080126,
                    0.9993805755207839,
                    0.005000713727632009
                ],
                [
                    0.0,
                    0.0,
                    0.0,
                    1.0
                ]
            ],
            "antennas": [
                0.3179414867391099,
                -0.3869306747776125
            ],
            "body_yaw": -0.07468526350440764,
            "check_collision": false
        },
        {
            "head": [
                [
                    0.9953508140767682,
                    -0.09307961732034994,
                    -0.024757660556131326,
                    -0.00810062327208552
                ],
                [
                    0.09369155184207029,
                    0.9952917436041745,
                    0.024824146043466493,
                    -0.005166938818650808
                ],
                [
                    0.022330473128441896,
                    -0.02702831761060811,
                    0.9993852210319104,
                    0.005173282392354714
                ],
                [
                    0.0,
                    0.0,
                    0.0,
                    1.0
                ]
            ],
            "antennas": [
                0.3179414867391099,
                -0.3869306747776125
            ],
            "body_yaw": -0.07468526350440764,
            "check_collision": false
        },
        {
            "head": [
                [
                    0.9953505968115743,
                    -0.09313713889624511,
                    -0.02454919112851248,
                    -0.008100249358709653
                ],
                [
                    0.09374211009732522,
                    0.9952884729136005,
                    0.02476433887294887,
                    -0.005150538128633756
                ],
                [
                    0.022127047280277774,
                    -0.02695049245440303,
                    0.9993918474427943,
                    0.00515677542147309
                ],
                [
                    0.0,
                    0.0,
                    0.0,
                    1.0
                ]
            ],
            "antennas": [
                0.3179414867391099,
                -0.3869306747776125
            ],
            "body_yaw": -0.07468526350440764,
            "check_collision": false
        },
        {
            "head": [
                [
                    0.9953477049404207,
                    -0.09322499726015883,
                    -0.024331998596105044,
                    -0.008099773681364214
                ],
                [
                    0.09382351284232358,
                    0.9952814778523011,
                    0.02473718419840858,
                    -0.0051308039697448085
                ],
                [
                    0.021911063592710858,
                    -0.026905013101335477,
                    0.999397831477662,
                    0.005153697190427806
                ],
                [
                    0.0,
                    0.0,
                    0.0,
                    1.0
                ]
            ],
            "antennas": [
                0.3179414867391099,
                -0.3869306747776125
            ],
            "body_yaw": -0.07468526350440764,
            "check_collision": false
        },
        {
            "head": [
                [
                    0.9953472471064579,
                    -0.09323057952201669,
                    -0.024329338659012475,
                    -0.008106707752154739
                ],
                [
                    0.09382866872053744,
                    0.9952813934843187,
                    0.02472101757704823,
                    -0.005113351156601284
                ],
                [
                    0.021909783288011672,
                    -0.026888786248211557,
                    0.9993982962614908,
                    0.005231486981399644
                ],
                [
                    0.0,
                    0.0,
                    0.0,
                    1.0
                ]
            ],
            "antennas": [
                0.3179414867391099,
                -0.3869306747776125
            ],
            "body_yaw": -0.07468526350440764,
            "check_collision": false
        },
        {
            "head": [
                [
                    0.9953467122666148,
                    -0.09320670945799564,
                    -0.02444241583914538,
                    -0.00811894016461275
                ],
                [
                    0.09380997180252207,
                    0.9952807511809358,
                    0.024817645317838345,
                    -0.005093310175928862
                ],
                [
                    0.022013894940490074,
                    -0.026995104013965085,
                    0.9993931422562515,
                    0.005248510188799469
                ],
                [
                    0.0,
                    0.0,
                    0.0,
                    1.0
                ]
            ],
            "antennas": [
                0.3179414867391099,
                -0.3869306747776125
            ],
            "body_yaw": -0.07468526350440764,
            "check_collision": false
        },
        {
            "head": [
                [
                    0.995335054818975,
                    -0.0933125880025854,
                    -0.024513048948819074,
                    -0.008140899340891414
                ],
                [
                    0.0939165091379685,
                    0.9952721041272268,
                    0.024761422768084414,
                    -0.005132122168304469
                ],
                [
                    0.022086601364748777,
                    -0.026948092073868363,
                    0.9993928068451025,
                    0.005269145970711384
                ],
                [
                    0.0,
                    0.0,
                    0.0,
                    1.0
                ]
            ],
            "antennas": [
                0.3179414867391099,
                -0.3869306747776125
            ],
            "body_yaw": -0.07468526350440764,
            "check_collision": false
        },
        {
            "head": [
                [
                    0.9953310062543244,
                    -0.09333512950866049,
                    -0.02459149422780471,
                    -0.00814482733054188
                ],
                [
                    0.09394311501240116,
                    0.9952674009306858,
                    0.02484938201333629,
                    -0.005111607571854929
                ],
                [
                    0.02215579225668423,
                    -0.027043561974701567,
                    0.9993886964665948,
                    0.005286408527690809
                ],
                [
                    0.0,
                    0.0,
                    0.0,
                    1.0
                ]
            ],
            "antennas": [
                0.3179414867391099,
                -0.3869306747776125
            ],
            "body_yaw": -0.07468526350440764,
            "check_collision": false
        },
        {
            "head": [
                [
                    0.9953331510862705,
                    -0.09327465303265275,
                    -0.024733731022911244,
                    -0.008130351961708185
                ],
                [
                    0.09388850959743975,
                    0.9952702912821727,
                    0.02493982872175466,
                    -0.005042059344989478
                ],
                [
                    0.02229049380895233,
                    -0.027145651451701037,
                    0.9993829333608893,
                    0.005238357574216321
                ],
                [
                    0.0,
                    0.0,
                    0.0,
                    1.0
                ]
            ],
            "antennas": [
                0.3179414867391099,
                -0.3869306747776125
            ],
            "body_yaw": -0.07468526350440764,
            "check_collision": false
        },
        {
            "head": [
                [
                    0.9953258196657424,
                    -0.09336792308047832,
                    -0.024676783549636802,
                    -0.00813180476113131
                ],
                [
                    0.09397817770741863,
                    0.9952641322351128,
                    0.024847720239101916,
                    -0.005018963621224611
                ],
                [
                    0.022239937533873266,
                    -0.027050656663484447,
                    0.9993866354682573,
                    0.005246716492103185
                ],
                [
                    0.0,
                    0.0,
                    0.0,
                    1.0
                ]
            ],
            "antennas": [
                0.3179414867391099,
                -0.3869306747776125
            ],
            "body_yaw": -0.07468526350440764,
            "check_collision": false
        },
        {
            "head": [
                [
                    0.9953209299721708,
                    -0.09350063661272519,
                    -0.024369598116264324,
                    -0.008094761563222544
                ],
                [
                    0.09409799701761033,
                    0.9952579924316036,
                    0.02463930717954509,
                    -0.00517954882578393
                ],
                [
                    0.02195024639057426,
                    -0.026817148506679402,
                    0.9993993332143883,
                    0.005263135509734016
                ],
                [
                    0.0,
                    0.0,
                    0.0,
                    1.0
                ]
            ],
            "antennas": [
                0.3179414867391099,
                -0.3869306747776125
            ],
            "body_yaw": -0.07468526350440764,
            "check_collision": false
        },
        {
            "head": [
                [
                    0.9953210163947279,
                    -0.09354334440205438,
                    -0.02420159170476817,
                    -0.00809073518868168
                ],
                [
                    0.09413537158878739,
                    0.9952553930885861,
                    0.0246015110089779,
                    -0.005172379463465041
                ],
                [
                    0.021785457048374757,
                    -0.026764626770470437,
                    0.9994043469062113,
                    0.005266123720418023
                ],
                [
                    0.0,
                    0.0,
                    0.0,
                    1.0
                ]
            ],
            "antennas": [
                0.3179414867391099,
                -0.3869306747776125
            ],
            "body_yaw": -0.07468526350440764,
            "check_collision": false
        },
        {
            "head": [
