{
    "description": "Like a light-hearted “oh well”, can also mean “we’ll see.” Funny in some situations.",
    "time": [
        1753102390.5336256,
        1753102390.5437734,
        1753102390.5541973,
        1753102390.5640645,
        1753102390.5742476,
        1753102390.5842252,
        1753102390.5942924,
        1753102390.6043043,
        1753102390.6143072,
        1753102390.6243818,
        1753102390.6344142,
        1753102390.6444829,
        1753102390.6545262,
        1753102390.664588,
        1753102390.6746616,
        1753102390.6847298,
        1753102390.6947956,
        1753102390.7048907,
        1753102390.7150064,
        1753102390.7250383,
        1753102390.7350695,
        1753102390.7450926,
        1753102390.755281,
        1753102390.7652495,
        1753102390.7752454,
        1753102390.7854226,
        1753102390.7954574,
        1753102390.8054192,
        1753102390.815508,
        1753102390.8255951,
        1753102390.8356245,
        1753102390.8457189,
        1753102390.855938,
        1753102390.8658447,
        1753102390.8758996,
        1753102390.8860493,
        1753102390.8961136,
        1753102390.9060915,
        1753102390.9161243,
        1753102390.9262676,
        1753102390.9363213,
        1753102390.9463985,
        1753102390.9564316,
        1753102390.9664254,
        1753102390.9764748,
        1753102390.9866376,
        1753102390.9966264,
        1753102391.00667,
        1753102391.016737,
        1753102391.0268488,
        1753102391.0370762,
        1753102391.0469522,
        1753102391.0570405,
        1753102391.0670514,
        1753102391.0771036,
        1753102391.087264,
        1753102391.0972378,
        1753102391.1073568,
        1753102391.1174715,
        1753102391.1274035,
        1753102391.137473,
        1753102391.1476254,
        1753102391.1576016,
        1753102391.1676702,
        1753102391.177749,
        1753102391.1880665,
        1753102391.198105,
        1753102391.2081342,
        1753102391.2180328,
        1753102391.2280846,
        1753102391.238124,
        1753102391.2481441,
        1753102391.2581887,
        1753102391.2682214,
        1753102391.2783122,
        1753102391.2883701,
        1753102391.2983932,
        1753102391.3084667,
        1753102391.318575,
        1753102391.3285987,
        1753102391.3387315,
        1753102391.3487961,
        1753102391.3590448,
        1753102391.3690495,
        1753102391.3789866,
        1753102391.3890789,
        1753102391.3991232,
        1753102391.409048,
        1753102391.4191806,
        1753102391.4292436,
        1753102391.4392345,
        1753102391.4493713,
        1753102391.4593713,
        1753102391.4694288,
        1753102391.4794931,
        1753102391.4897575,
        1753102391.499675,
        1753102391.5096946,
        1753102391.5198226,
        1753102391.53012,
        1753102391.5399444,
        1753102391.5500388,
        1753102391.5606265,
        1753102391.5701396,
        1753102391.5800443,
        1753102391.590136,
        1753102391.6001618,
        1753102391.6102695,
        1753102391.6211288,
        1753102391.630734,
        1753102391.6407413,
        1753102391.6510944,
        1753102391.660989,
        1753102391.6707988,
        1753102391.6808836,
        1753102391.6908765,
        1753102391.7009661,
        1753102391.7109797,
        1753102391.7210643,
        1753102391.7310722,
        1753102391.7410948,
        1753102391.7512221,
        1753102391.7612364,
        1753102391.7712693,
        1753102391.781327,
        1753102391.7914171,
        1753102391.8014884,
        1753102391.8114896,
        1753102391.8216386,
        1753102391.831625,
        1753102391.841806,
        1753102391.8518329,
        1753102391.8618448,
        1753102391.871856,
        1753102391.8819208,
        1753102391.8920252,
        1753102391.902084,
        1753102391.9120197,
        1753102391.9221582,
        1753102391.93224,
        1753102391.9422176,
        1753102391.952416,
        1753102391.9624045,
        1753102391.9724934,
        1753102391.982569,
        1753102391.9926155,
        1753102392.002647,
        1753102392.0127492,
        1753102392.0228019,
        1753102392.0328379,
        1753102392.0429199,
        1753102392.0531464,
        1753102392.0630515,
        1753102392.0730906,
        1753102392.083131,
        1753102392.0932279,
        1753102392.10327,
        1753102392.113416,
        1753102392.1234078,
        1753102392.1334348,
        1753102392.1434445,
        1753102392.1536896,
        1753102392.1636188,
        1753102392.1736553,
        1753102392.183741,
        1753102392.1937969,
        1753102392.2038438,
        1753102392.2139168,
        1753102392.2240088,
        1753102392.2340705,
        1753102392.2440612,
        1753102392.2541842,
        1753102392.2641478,
        1753102392.2742507,
        1753102392.2844167,
        1753102392.294427,
        1753102392.3044536,
        1753102392.3144891,
        1753102392.3245668,
        1753102392.3346276,
        1753102392.3448553,
        1753102392.3549507,
        1753102392.3648167,
        1753102392.3748407,
        1753102392.385007,
        1753102392.395003,
        1753102392.4050622,
        1753102392.4151309,
        1753102392.4252148,
        1753102392.4352531,
        1753102392.4452584,
        1753102392.4553733,
        1753102392.4654355,
        1753102392.4754443,
        1753102392.4857383,
        1753102392.4957001,
        1753102392.5056996,
        1753102392.5157754,
        1753102392.525805,
        1753102392.5358646,
        1753102392.5460696,
        1753102392.5563526,
        1753102392.5665288,
        1753102392.57664,
        1753102392.5869014,
        1753102392.5969129,
        1753102392.606833,
        1753102392.6168785,
        1753102392.6269517,
        1753102392.6371646,
        1753102392.6470585,
        1753102392.6572,
        1753102392.66709,
        1753102392.677139,
        1753102392.687295,
        1753102392.6973076,
        1753102392.7073097,
        1753102392.7174556,
        1753102392.7275097,
        1753102392.737549,
        1753102392.7476304,
        1753102392.7577202,
        1753102392.7677753,
        1753102392.777757,
        1753102392.7878733,
        1753102392.79791,
        1753102392.8079295,
        1753102392.8183148,
        1753102392.828046,
        1753102392.8381233,
        1753102392.8481722,
        1753102392.8583412,
        1753102392.8683245,
        1753102392.8783367,
        1753102392.888497,
        1753102392.8984976,
        1753102392.9091775,
        1753102392.9187164,
        1753102392.9287543,
        1753102392.9388316,
        1753102392.9489005,
        1753102392.9589186,
        1753102392.9689384,
        1753102392.9789715,
        1753102392.9890642,
        1753102392.9991014,
        1753102393.00913,
        1753102393.019476,
        1753102393.029442,
        1753102393.0392952,
        1753102393.0493948,
        1753102393.0594375,
        1753102393.0694833,
        1753102393.079601,
        1753102393.0898294,
        1753102393.0996957,
        1753102393.109815,
        1753102393.1199155,
        1753102393.1298935,
        1753102393.1399138,
        1753102393.1502006,
        1753102393.1600559,
        1753102393.1701593,
        1753102393.1801293,
        1753102393.190219,
        1753102393.200264,
        1753102393.210394,
        1753102393.220598,
        1753102393.2303972,
        1753102393.24047,
        1753102393.2506528,
        1753102393.2606115,
        1753102393.2707024,
        1753102393.2807562,
        1753102393.2908516,
        1753102393.300875,
        1753102393.3109167,
        1753102393.3210404,
        1753102393.3310301,
        1753102393.3410778,
        1753102393.3511636,
        1753102393.3612275,
        1753102393.371266,
        1753102393.381345,
        1753102393.3913841,
        1753102393.4014761,
        1753102393.4117758,
        1753102393.421823,
        1753102393.4317088,
        1753102393.4416406,
        1753102393.4517634,
        1753102393.461792,
        1753102393.4718227,
        1753102393.4819548,
        1753102393.4921095,
        1753102393.5023038,
        1753102393.512059,
        1753102393.5223765,
        1753102393.5329754,
        1753102393.5424657,
        1753102393.552533,
        1753102393.5625992,
        1753102393.5724688,
        1753102393.582591,
        1753102393.5926335,
        1753102393.6026926,
        1753102393.6132438,
        1753102393.6232684,
        1753102393.633733,
        1753102393.643303,
        1753102393.6534958,
        1753102393.6634357,
        1753102393.6734967,
        1753102393.6836107,
        1753102393.6936364,
        1753102393.703718,
        1753102393.7138186,
        1753102393.7238796,
        1753102393.7338798,
        1753102393.7438586,
        1753102393.7540417,
        1753102393.7640038,
        1753102393.7740002,
        1753102393.7841432,
        1753102393.7941573,
        1753102393.8042276,
        1753102393.8142765,
        1753102393.8243387,
        1753102393.8344905,
        1753102393.8444524,
        1753102393.854532,
        1753102393.864575,
        1753102393.8746247,
        1753102393.884838,
        1753102393.8948019,
        1753102393.9048066,
        1753102393.9149508,
        1753102393.924991,
        1753102393.9351208,
        1753102393.9450533,
        1753102393.9551349,
        1753102393.9652205,
        1753102393.9752548,
        1753102393.9853,
        1753102393.995361,
        1753102394.0054193,
        1753102394.015494,
        1753102394.0255406,
        1753102394.0356133,
        1753102394.0457423,
        1753102394.055785,
        1753102394.0658152,
        1753102394.0758657,
        1753102394.085988,
        1753102394.096311,
        1753102394.106134,
        1753102394.1162248,
        1753102394.1261997,
        1753102394.1362064,
        1753102394.1463006,
        1753102394.1564763,
        1753102394.1664827,
        1753102394.1764975,
        1753102394.1865668,
        1753102394.196602,
        1753102394.206683,
        1753102394.2167668,
        1753102394.2267957,
        1753102394.2369063,
        1753102394.2470055,
        1753102394.2570698,
        1753102394.2671034,
        1753102394.2770388,
        1753102394.2871866,
        1753102394.2972128,
        1753102394.307245,
        1753102394.3175159,
        1753102394.3273613,
        1753102394.3374012,
        1753102394.3475003,
        1753102394.3576076,
        1753102394.3676338,
        1753102394.3776653,
        1753102394.3878324,
        1753102394.3978696,
        1753102394.4078977,
        1753102394.4180713,
        1753102394.4280477,
        1753102394.4380548,
        1753102394.4481394,
        1753102394.458225,
        1753102394.468265,
        1753102394.4783273,
        1753102394.4885135,
        1753102394.4984894,
        1753102394.5085793,
        1753102394.5186737,
        1753102394.528695,
        1753102394.5392838,
        1753102394.5493047,
        1753102394.5589864,
        1753102394.569035,
        1753102394.579275,
        1753102394.5890696,
        1753102394.599261,
        1753102394.6093183,
        1753102394.6194723,
        1753102394.6295054,
        1753102394.639517,
        1753102394.649416,
        1753102394.659466,
        1753102394.6695375,
        1753102394.6795418,
        1753102394.6896324,
        1753102394.6996915,
        1753102394.7097964,
        1753102394.720502
    ],
    "set_target_data": [
        {
            "head": [
                [
                    0.9991656665157058,
                    0.01197688411678814,
                    -0.03904516747407218,
                    -0.004702533186982848
                ],
                [
                    -0.012717144387921797,
                    0.9997430197701986,
                    -0.018766157288617406,
                    -0.0010233977810014396
                ],
                [
                    0.03881037354679887,
                    0.019247043087638346,
                    0.9990612124577456,
                    0.0017566238850417206
                ],
                [
                    0.0,
                    0.0,
                    0.0,
                    1.0
                ]
            ],
            "antennas": [
                0.0,
                -0.22749734032671082
            ],
            "body_yaw": -0.12100764834658437,
            "check_collision": false
        },
        {
            "head": [
                [
                    0.9991544443203729,
                    0.013351443578404893,
                    -0.03888618455465568,
                    -0.00488266572289359
                ],
                [
                    -0.01401615761429737,
                    0.9997594181701007,
                    -0.016871665771706557,
                    -0.0012481337136390782
                ],
                [
                    0.03865156815159309,
                    0.01740243473062524,
                    0.99910120185338,
                    0.0018024781474873532
                ],
                [
                    0.0,
                    0.0,
                    0.0,
                    1.0
                ]
            ],
            "antennas": [
                0.0,
                -0.22749734032671082
            ],
            "body_yaw": -0.12100764834658437,
            "check_collision": false
        },
        {
            "head": [
                [
                    0.9991568957762158,
                    0.014829143603022676,
                    -0.0382830788056115,
                    -0.0049502594759675625
                ],
                [
                    -0.015414457647872967,
                    0.9997680775061822,
                    -0.015039471234513865,
                    -0.0013595854734786126
                ],
                [
                    0.03805117761985375,
                    0.01561690428967185,
                    0.9991537520232555,
                    0.001820608786891277
                ],
                [
                    0.0,
                    0.0,
                    0.0,
                    1.0
                ]
            ],
            "antennas": [
                0.0,
                -0.22749734032671082
            ],
            "body_yaw": -0.12100764834658437,
            "check_collision": false
        },
        {
            "head": [
                [
                    0.9991629673330806,
                    0.01645157805848715,
                    -0.037452774123408514,
                    -0.005048621087878317
                ],
                [
                    -0.016956201904406703,
                    0.9997691490475652,
                    -0.013196053564791643,
                    -0.0014491901135162458
                ],
                [
                    0.03722703220954564,
                    0.013820064836800146,
                    0.9992112658896398,
                    0.0017138573832249384
                ],
                [
                    0.0,
                    0.0,
                    0.0,
                    1.0
                ]
            ],
            "antennas": [
                0.0,
                -0.22749734032671082
            ],
            "body_yaw": -0.12100764834658437,
            "check_collision": false
        },
        {
            "head": [
                [
                    0.9991647948650791,
                    0.018231112200543183,
                    -0.036569649303153616,
                    -0.005138686113037144
                ],
                [
                    -0.018640540394220122,
                    0.9997669823584767,
                    -0.010886286769913623,
                    -0.0013204977859521704
                ],
                [
                    0.036362658814172076,
                    0.011558872512341068,
                    0.9992718096244922,
                    0.0017617467379699172
                ],
                [
                    0.0,
                    0.0,
                    0.0,
                    1.0
                ]
            ],
            "antennas": [
                0.0,
                -0.22749734032671082
            ],
            "body_yaw": -0.12100764834658437,
            "check_collision": false
        },
        {
            "head": [
                [
                    0.999161900428561,
                    0.02032567464170427,
                    -0.035529757701755885,
                    -0.005227224621895842
                ],
                [
                    -0.020638457651569384,
                    0.9997512196188617,
                    -0.008458896876225426,
                    -0.0014390174568065185
                ],
                [
                    0.035348985809359204,
                    0.009185086878076829,
                    0.9993328191254861,
                    0.0017921594459626724
                ],
                [
                    0.0,
                    0.0,
                    0.0,
                    1.0
                ]
            ],
            "antennas": [
                0.0,
                -0.22749734032671082
            ],
            "body_yaw": -0.12100764834658437,
            "check_collision": false
        },
        {
            "head": [
                [
                    0.9991440215464352,
                    0.022696220505236148,
                    -0.03458476229200104,
                    -0.005414133610183043
                ],
                [
                    -0.022912458768292517,
                    0.9997202484103166,
                    -0.005868914005680728,
                    -0.0012241427690118292
                ],
                [
                    0.034441884983371834,
                    0.006656312281772712,
                    0.9993845356346073,
                    0.0016582619108046494
                ],
                [
                    0.0,
                    0.0,
                    0.0,
                    1.0
                ]
            ],
            "antennas": [
                0.0,
                -0.22749734032671082
            ],
            "body_yaw": -0.12100764834658437,
            "check_collision": false
        },
        {
            "head": [
                [
                    0.9991160504541168,
                    0.025061205186584713,
                    -0.03374986991920113,
                    -0.0055484246589929745
                ],
                [
                    -0.025179829764311382,
                    0.9996781488881794,
                    -0.0030943187527528804,
                    -0.001361600349826801
                ],
                [
                    0.033661460128868385,
                    0.003941399510229704,
                    0.9994255207227268,
                    0.0016914792197918484
                ],
                [
                    0.0,
                    0.0,
                    0.0,
                    1.0
                ]
            ],
            "antennas": [
                0.0,
                -0.22749734032671082
            ],
            "body_yaw": -0.12100764834658437,
            "check_collision": false
        },
        {
            "head": [
                [
                    0.9990852745337159,
                    0.02751238633837411,
                    -0.03273656683065228,
                    -0.0056284369152803364
                ],
                [
                    -0.027550134727870036,
                    0.9996201761519945,
                    -0.000702500058317313,
                    -0.0014667871728000345
                ],
                [
                    0.032704805248861005,
                    0.0016037542903362954,
                    0.9994637680705641,
                    0.0016486203111315558
                ],
                [
                    0.0,
                    0.0,
                    0.0,
                    1.0
                ]
            ],
            "antennas": [
                0.0,
                -0.22749734032671082
            ],
            "body_yaw": -0.12100764834658437,
            "check_collision": false
        },
        {
            "head": [
                [
                    0.9990353600943281,
                    0.030455420805069355,
                    -0.03163568593822724,
                    -0.005761704339443556
                ],
                [
                    -0.030410486855228083,
                    0.9995356871216791,
                    0.0019006471057926183,
                    -0.001633285463777506
                ],
                [
                    0.03167888208924047,
                    -0.0009367570543671874,
                    0.9994976592848014,
                    0.001660666070224638
                ],
                [
                    0.0,
                    0.0,
                    0.0,
                    1.0
                ]
            ],
            "antennas": [
                0.0,
                -0.22749734032671082
            ],
            "body_yaw": -0.12100764834658437,
            "check_collision": false
        },
        {
            "head": [
                [
                    0.9989591880157124,
                    0.03339749409433557,
                    -0.031066832268641924,
                    -0.0058366932446745415
                ],
                [
                    -0.033252648534542864,
                    0.9994336184719159,
                    0.005167555860514154,
                    -0.0019062926552229729
                ],
                [
                    0.03122182000504254,
                    -0.00412912295193431,
                    0.9995039511173636,
                    0.0016596550180905125
                ],
                [
                    0.0,
                    0.0,
                    0.0,
                    1.0
                ]
            ],
            "antennas": [
                0.0,
                -0.22749734032671082
            ],
            "body_yaw": -0.12100764834658437,
            "check_collision": false
        },
        {
            "head": [
                [
                    0.9988894400422887,
                    0.0367339418572621,
                    -0.029504306255691573,
                    -0.005990376560543964
                ],
                [
                    -0.036483844787353725,
                    0.9992939769665299,
                    0.00897087888382812,
                    -0.0021110555400839274
                ],
                [
                    0.02981301127921559,
                    -0.007884485654963063,
                    0.9995243965228771,
                    0.0016719030795387959
                ],
                [
                    0.0,
                    0.0,
                    0.0,
                    1.0
                ]
            ],
            "antennas": [
                0.0,
                -0.22749734032671082
            ],
            "body_yaw": -0.12100764834658437,
            "check_collision": false
        },
        {
            "head": [
                [
                    0.9987780398791578,
                    0.04028900763327583,
                    -0.0286220704889325,
                    -0.0060666978200501105
                ],
                [
                    -0.03993036720744061,
                    0.9991179796819366,
                    0.012993400284928415,
                    -0.0020204160653551555
                ],
                [
                    0.02912031644447791,
                    -0.011834633083085766,
                    0.9995058522239688,
                    0.001505379001407904
                ],
                [
                    0.0,
                    0.0,
                    0.0,
                    1.0
                ]
            ],
            "antennas": [
                0.0,
                -0.22749734032671082
            ],
            "body_yaw": -0.12100764834658437,
            "check_collision": false
        },
        {
            "head": [
                [
                    0.9986516154453546,
                    0.04365914489965385,
                    -0.028086118190572232,
                    -0.0062198538369331036
                ],
                [
                    -0.04319900721518863,
                    0.9989254492961863,
                    0.01678667698011131,
                    -0.0021975767138964096
                ],
                [
                    0.02878883019516152,
                    -0.015550749661786333,
                    0.9994645453646421,
                    0.0015133666347707533
                ],
                [
                    0.0,
                    0.0,
                    0.0,
                    1.0
                ]
            ],
            "antennas": [
                0.0,
                -0.22749734032671082
            ],
            "body_yaw": -0.12100764834658437,
            "check_collision": false
        },
        {
            "head": [
                [
                    0.9985729567358744,
                    0.04612939390079325,
                    -0.02690964685979478,
                    -0.006401353628733548
                ],
                [
                    -0.04560774498433827,
                    0.9987654070002348,
                    0.019687442116717035,
                    -0.002471965520070101
                ],
                [
                    0.02778459417045663,
                    -0.01843205897345639,
                    0.9994439831870429,
                    0.00158586861997856
                ],
                [
                    0.0,
                    0.0,
                    0.0,
                    1.0
                ]
            ],
            "antennas": [
                0.0,
                -0.22749734032671082
            ],
            "body_yaw": -0.12100764834658437,
            "check_collision": false
        },
        {
            "head": [
                [
                    0.9984852994381641,
                    0.04850152760529943,
                    -0.02597515400979385,
                    -0.0065465900796211375
                ],
                [
                    -0.047926738327450834,
                    0.9986016210803542,
                    0.02231210722861395,
                    -0.002608560440031721
                ],
                [
                    0.027021002186673016,
                    -0.021033406658016392,
                    0.9994135586658742,
                    0.0016156218649903144
                ],
                [
                    0.0,
                    0.0,
                    0.0,
                    1.0
                ]
            ],
            "antennas": [
                0.0,
                -0.22749734032671082
            ],
            "body_yaw": -0.12100764834658437,
            "check_collision": false
        },
        {
            "head": [
                [
                    0.9983835670299556,
                    0.0505933478174281,
                    -0.025895293803448106,
                    -0.0067304012834106895
                ],
                [
                    -0.049956243458193085,
                    0.998446284022688,
                    0.024685859531960015,
                    -0.0025452929911797
                ],
                [
                    0.027104000149201127,
                    -0.023352324893052175,
                    0.9993598161313079,
                    0.0014381533106454527
                ],
                [
                    0.0,
                    0.0,
                    0.0,
                    1.0
                ]
            ],
            "antennas": [
                0.0,
                -0.22749734032671082
            ],
            "body_yaw": -0.12100764834658437,
            "check_collision": false
        },
        {
            "head": [
                [
                    0.9982951264408051,
                    0.05251903771535478,
                    -0.025467453779084284,
                    -0.006856677354711516
                ],
                [
                    -0.05184800374043971,
                    0.9983078271959642,
                    0.02632995760352965,
                    -0.0026228198088633194
                ],
                [
                    0.02680718248283475,
                    -0.02496463171619924,
                    0.9993288458413507,
                    0.00144122088275367
                ],
                [
                    0.0,
                    0.0,
                    0.0,
                    1.0
                ]
            ],
            "antennas": [
                0.0,
                -0.22749734032671082
            ],
            "body_yaw": -0.12100764834658437,
            "check_collision": false
        },
        {
            "head": [
                [
                    0.9981804700745831,
                    0.054753520120276365,
                    -0.025254726213581494,
                    -0.007039473395949692
                ],
                [
                    -0.054055552601929645,
                    0.9981581215657523,
                    0.02753836569640504,
                    -0.0024146183357096275
                ],
                [
                    0.02671603253824351,
                    -0.02612310063463777,
                    0.9993016747802679,
                    0.0013370186604126934
                ],
                [
                    0.0,
                    0.0,
                    0.0,
                    1.0
                ]
            ],
            "antennas": [
                0.0,
                -0.22749734032671082
            ],
            "body_yaw": -0.12100764834658437,
            "check_collision": false
        },
        {
            "head": [
                [
                    0.9980720966755405,
                    0.05717453565052159,
                    -0.024148753815429802,
                    -0.007248659795959659
                ],
                [
                    -0.056463744468372136,
                    0.9979788349053815,
                    0.02915631392182733,
                    -0.0024593094042927002
                ],
                [
                    0.025766943906900833,
                    -0.027736574302624394,
                    0.9992831165628958,
                    0.0013386558955504903
                ],
                [
                    0.0,
                    0.0,
                    0.0,
                    1.0
                ]
            ],
            "antennas": [
                0.0,
                -0.22749734032671082
            ],
            "body_yaw": -0.12100764834658437,
            "check_collision": false
        },
        {
            "head": [
                [
                    0.9979232226005996,
                    0.05923446860430339,
                    -0.0253084871851393,
                    -0.007527227541603017
                ],
                [
                    -0.0584481961877806,
                    0.9978166305126216,
                    0.030753540200008714,
                    -0.0023608624879734004
                ],
                [
                    0.027074899017896153,
                    -0.029210436518556822,
                    0.9992065353276901,
                    0.0012006676674077856
                ],
                [
                    0.0,
                    0.0,
                    0.0,
                    1.0
                ]
            ],
            "antennas": [
                0.0,
                -0.22749734032671082
            ],
            "body_yaw": -0.12100764834658437,
            "check_collision": false
        },
        {
            "head": [
                [
                    0.9978210502562584,
                    0.060965401765067005,
                    -0.025226403888014233,
                    -0.007885892160015657
                ],
                [
                    -0.0601437362315937,
                    0.9976721404933553,
                    0.032140800791380646,
                    -0.0024121305293032936
                ],
                [
                    0.027127157197202566,
                    -0.03055355742022024,
                    0.9991649500815005,
                    0.00121500730562374
                ],
                [
                    0.0,
                    0.0,
                    0.0,
                    1.0
                ]
            ],
            "antennas": [
                0.0,
                -0.22749734032671082
            ],
            "body_yaw": -0.12100764834658437,
            "check_collision": false
        },
        {
            "head": [
                [
                    0.9977298099268332,
                    0.062438575140521015,
                    -0.025231938446878644,
                    -0.00819711594692032
                ],
                [
                    -0.06156319568302992,
                    0.9975206142812879,
                    0.03409687700032535,
                    -0.002403207523985411
                ],
                [
                    0.027298339155679942,
                    -0.032466111844565854,
                    0.9990999711045127,
                    0.0011726525414168533
                ],
                [
                    0.0,
                    0.0,
                    0.0,
                    1.0
                ]
            ],
            "antennas": [
                0.0,
                -0.22749734032671082
            ],
            "body_yaw": -0.12100764834658437,
            "check_collision": false
        },
        {
            "head": [
                [
                    0.9976533561129475,
                    0.06361786878623368,
                    -0.025309045965215812,
                    -0.008544586352689381
                ],
                [
                    -0.06268087685490933,
                    0.9973755554013376,
                    0.036236848160023115,
                    -0.002485713897545064
                ],
                [
                    0.027547934827706136,
                    -0.03456541998834143,
                    0.9990226939503214,
                    0.001186562398693748
                ],
                [
                    0.0,
                    0.0,
                    0.0,
                    1.0
                ]
            ],
            "antennas": [
                0.0,
                -0.22749734032671082
            ],
            "body_yaw": -0.12100764834658437,
            "check_collision": false
        },
        {
            "head": [
                [
                    0.9975899956957665,
                    0.06459460491867049,
                    -0.025332538426329893,
                    -0.008814927036996217
                ],
                [
                    -0.0636042551100411,
                    0.9972467217656865,
                    0.03812446274360243,
                    -0.0022563414438247645
                ],
                [
                    0.02772542550832034,
                    -0.03642132538764055,
                    0.9989518446038279,
                    0.00096572668126116
                ],
                [
                    0.0,
                    0.0,
                    0.0,
                    1.0
                ]
            ],
            "antennas": [
                0.0,
                -0.22749734032671082
            ],
            "body_yaw": -0.12100764834658437,
            "check_collision": false
        },
        {
            "head": [
                [
                    0.9975305219776371,
                    0.06539859778026082,
                    -0.025610176325021494,
                    -0.009021351589067667
                ],
                [
                    -0.06436304367567126,
                    0.997149897720536,
                    0.039363435885711166,
                    -0.00230175785270504
                ],
                [
                    0.02811149821383878,
                    -0.03761787984855771,
                    0.9988967107683722,
                    0.0009065802972481065
                ],
                [
                    0.0,
                    0.0,
                    0.0,
                    1.0
                ]
            ],
            "antennas": [
                0.0,
                -0.22749734032671082
            ],
            "body_yaw": -0.12100764834658437,
            "check_collision": false
        },
        {
            "head": [
                [
                    0.9974944379958428,
                    0.06605112045653896,
                    -0.0253396064253866,
                    -0.009256168872907991
                ],
                [
                    -0.0650085367452487,
                    0.997083849222612,
                    0.0399710866710071,
                    -0.0022193280686124226
                ],
                [
                    0.027905847372895955,
                    -0.038223645899564465,
                    0.9988794805063048,
                    0.0007921683195485376
                ],
                [
                    0.0,
                    0.0,
                    0.0,
                    1.0
                ]
            ],
            "antennas": [
                0.0,
                -0.22749734032671082
            ],
            "body_yaw": -0.12100764834658437,
            "check_collision": false
        },
        {
            "head": [
                [
                    0.9974912889284125,
                    0.06641241519539008,
                    -0.024505501828148455,
                    -0.00938370677884727
                ],
                [
                    -0.0653891485393968,
                    0.9970404557216239,
                    0.04043004956352514,
                    -0.0022007648085743967
                ],
                [
                    0.02711803394840726,
                    -0.038726228351487035,
                    0.998881820573606,
                    0.0007087385872829323
                ],
                [
                    0.0,
                    0.0,
                    0.0,
                    1.0
                ]
            ],
            "antennas": [
                0.0,
                -0.22749734032671082
            ],
            "body_yaw": -0.12100764834658437,
            "check_collision": false
        },
        {
            "head": [
                [
                    0.9975123097377193,
                    0.06642778490159719,
                    -0.02359112788290055,
                    -0.0095602134932561
                ],
                [
                    -0.06543034550042608,
                    0.997022814587811,
                    0.040796777802841896,
                    -0.002147770895701802
                ],
                [
                    0.02623093230167593,
                    -0.03915171240784643,
                    0.9988889235576287,
                    0.0007630540464547155
                ],
                [
                    0.0,
                    0.0,
