{
    "description": "When you want your interlocutor to go deeper in their reasoning, you need more details to respond. It’s a quick movement.",
    "time": [
        1753102448.0516999,
        1753102448.0616224,
        1753102448.0717483,
        1753102448.081842,
        1753102448.091827,
        1753102448.1018553,
        1753102448.11199,
        1753102448.1220307,
        1753102448.131999,
        1753102448.142082,
        1753102448.1521823,
        1753102448.162164,
        1753102448.172256,
        1753102448.1823974,
        1753102448.1924446,
        1753102448.2024982,
        1753102448.212564,
        1753102448.2228503,
        1753102448.2328184,
        1753102448.2428396,
        1753102448.253007,
        1753102448.2629817,
        1753102448.2730777,
        1753102448.2829442,
        1753102448.2930458,
        1753102448.303077,
        1753102448.31312,
        1753102448.3232353,
        1753102448.333281,
        1753102448.3433568,
        1753102448.353476,
        1753102448.3634737,
        1753102448.3734725,
        1753102448.3836253,
        1753102448.3936462,
        1753102448.4037137,
        1753102448.4138684,
        1753102448.4239666,
        1753102448.4339242,
        1753102448.4439466,
        1753102448.4540477,
        1753102448.4640534,
        1753102448.4741147,
        1753102448.4844472,
        1753102448.4946368,
        1753102448.5045342,
        1753102448.5144458,
        1753102448.5245159,
        1753102448.534649,
        1753102448.5446687,
        1753102448.5551703,
        1753102448.5651505,
        1753102448.5749545,
        1753102448.5848885,
        1753102448.5952325,
        1753102448.605031,
        1753102448.6150818,
        1753102448.6252527,
        1753102448.6352935,
        1753102448.6453156,
        1753102448.6553686,
        1753102448.6654027,
        1753102448.6754627,
        1753102448.6856198,
        1753102448.6956098,
        1753102448.7056296,
        1753102448.7157884,
        1753102448.725819,
        1753102448.7358687,
        1753102448.745891,
        1753102448.7560966,
        1753102448.7660313,
        1753102448.7760913,
        1753102448.7862177,
        1753102448.7962048,
        1753102448.8062248,
        1753102448.816332,
        1753102448.826343,
        1753102448.8364232,
        1753102448.8467212,
        1753102448.8568008,
        1753102448.8666272,
        1753102448.8766904,
        1753102448.8867748,
        1753102448.8968499,
        1753102448.9069154,
        1753102448.9170218,
        1753102448.9270446,
        1753102448.9371617,
        1753102448.9471455,
        1753102448.9572856,
        1753102448.9672189,
        1753102448.9772513,
        1753102448.9873762,
        1753102448.9973767,
        1753102449.0074506,
        1753102449.0175552,
        1753102449.027551,
        1753102449.037677,
        1753102449.0477202,
        1753102449.0579019,
        1753102449.067916,
        1753102449.0779066,
        1753102449.0879998,
        1753102449.0981011,
        1753102449.1081383,
        1753102449.1181867,
        1753102449.1281843,
        1753102449.138263,
        1753102449.1483185,
        1753102449.1584222,
        1753102449.168472,
        1753102449.1785016,
        1753102449.1887004,
        1753102449.1986442,
        1753102449.2087448,
        1753102449.2188325,
        1753102449.2288978,
        1753102449.2389266,
        1753102449.2490146,
        1753102449.2590654,
        1753102449.2690709,
        1753102449.2791002,
        1753102449.2892191,
        1753102449.2992454,
        1753102449.3092613,
        1753102449.3193982,
        1753102449.32939,
        1753102449.339462,
        1753102449.3496122,
        1753102449.359666,
        1753102449.3697393,
        1753102449.3798203,
        1753102449.3899086,
        1753102449.3999295,
        1753102449.4099722,
        1753102449.4200888,
        1753102449.4301922,
        1753102449.4401362,
        1753102449.450278,
        1753102449.4602506,
        1753102449.470301,
        1753102449.4803748,
        1753102449.4906023,
        1753102449.5005648,
        1753102449.5117836,
        1753102449.5209262,
        1753102449.5307906,
        1753102449.5408397,
        1753102449.5509744,
        1753102449.5610154,
        1753102449.5710554,
        1753102449.5810657,
        1753102449.591138,
        1753102449.601189,
        1753102449.611216,
        1753102449.6218057,
        1753102449.6318164,
        1753102449.6415498,
        1753102449.651525,
        1753102449.6615796,
        1753102449.6715658,
        1753102449.681605,
        1753102449.6917758,
        1753102449.7017927,
        1753102449.7118566,
        1753102449.7219872,
        1753102449.7319741,
        1753102449.742038,
        1753102449.7521086,
        1753102449.7621522,
        1753102449.7721956,
        1753102449.7822487,
        1753102449.7922883,
        1753102449.8023818,
        1753102449.8126512,
        1753102449.8226244,
        1753102449.8325863,
        1753102449.8426433,
        1753102449.8529117,
        1753102449.8627856,
        1753102449.8728013,
        1753102449.8829226,
        1753102449.8929927,
        1753102449.903044,
        1753102449.913128,
        1753102449.9231474,
        1753102449.9332175,
        1753102449.943206,
        1753102449.953346,
        1753102449.963348,
        1753102449.9733927,
        1753102449.9835,
        1753102449.9935286,
        1753102450.0036316,
        1753102450.0136642,
        1753102450.0237708,
        1753102450.033799,
        1753102450.04386,
        1753102450.0540729,
        1753102450.064023,
        1753102450.0741084,
        1753102450.0841098,
        1753102450.0942156,
        1753102450.1042273,
        1753102450.1142833,
        1753102450.124365,
        1753102450.1343343,
        1753102450.1443965,
        1753102450.1545174,
        1753102450.1645086,
        1753102450.1745727,
        1753102450.1847374,
        1753102450.1947596,
        1753102450.2048724,
        1753102450.2148898,
        1753102450.2250488,
        1753102450.2350821,
        1753102450.2451453,
        1753102450.2553332,
        1753102450.2652636,
        1753102450.2753177,
        1753102450.2854471,
        1753102450.295362,
        1753102450.3054206,
        1753102450.3155124,
        1753102450.3256016,
        1753102450.335637,
        1753102450.3456576,
        1753102450.355813,
        1753102450.365792,
        1753102450.375926,
        1753102450.3859835,
        1753102450.3960624,
        1753102450.4061415,
        1753102450.4162345,
        1753102450.426327,
        1753102450.4362426,
        1753102450.4464679,
        1753102450.456498,
        1753102450.4664245,
        1753102450.4764717,
        1753102450.4867277,
        1753102450.4966774,
        1753102450.5067556,
        1753102450.5168264,
        1753102450.526872,
        1753102450.536989,
        1753102450.547518,
        1753102450.557499,
        1753102450.567527,
        1753102450.577459,
        1753102450.5875294,
        1753102450.5975447,
        1753102450.6076143,
        1753102450.6177142,
        1753102450.6277664,
        1753102450.6378398,
        1753102450.647914,
        1753102450.658036,
        1753102450.6680386,
        1753102450.6781576,
        1753102450.6883895,
        1753102450.6984012,
        1753102450.7084565,
        1753102450.7183318,
        1753102450.7285156,
        1753102450.7384229,
        1753102450.7485619,
        1753102450.7586122,
        1753102450.7686265,
        1753102450.7786589,
        1753102450.7887728,
        1753102450.7988124,
        1753102450.8089893,
        1753102450.8191042,
        1753102450.829013,
        1753102450.8390589,
        1753102450.849147,
        1753102450.8591988,
        1753102450.8692403,
        1753102450.8793123,
        1753102450.8894029,
        1753102450.8994832,
        1753102450.909564,
        1753102450.9196057,
        1753102450.9296012,
        1753102450.9396734,
        1753102450.949754,
        1753102450.959841,
        1753102450.969867,
        1753102450.9799244,
        1753102450.990076,
        1753102451.0000448,
        1753102451.0100634,
        1753102451.0202122,
        1753102451.0302439,
        1753102451.0402298,
        1753102451.0503364,
        1753102451.0603817,
        1753102451.07042,
        1753102451.0804698,
        1753102451.0905342,
        1753102451.1005812,
        1753102451.1107152,
        1753102451.1208045,
        1753102451.1308334,
        1753102451.1408575,
        1753102451.1509821,
        1753102451.1609828,
        1753102451.1710448,
        1753102451.1810744,
        1753102451.19123,
        1753102451.2012463,
        1753102451.21126,
        1753102451.2214327,
        1753102451.231381,
        1753102451.2414458,
        1753102451.2517245,
        1753102451.2615774,
        1753102451.2716405,
        1753102451.2816696,
        1753102451.2918458,
        1753102451.30184,
        1753102451.3118474,
        1753102451.3219578,
        1753102451.3319974,
        1753102451.3421142,
        1753102451.3521905,
        1753102451.3622212,
        1753102451.3721724,
        1753102451.3822536,
        1753102451.392401,
        1753102451.4023309,
        1753102451.4125504,
        1753102451.4225159,
        1753102451.4325242,
        1753102451.4426389,
        1753102451.452724,
        1753102451.4627328,
        1753102451.4728043,
        1753102451.4830923,
        1753102451.495359,
        1753102451.5030713,
        1753102451.5132222,
        1753102451.5232604,
        1753102451.533389,
        1753102451.5433135,
        1753102451.5535245,
        1753102451.5634518,
        1753102451.5735202,
        1753102451.5836127,
        1753102451.5936182,
        1753102451.6036367,
        1753102451.6137083,
        1753102451.62436,
        1753102451.6343696,
        1753102451.6444144,
        1753102451.6546502,
        1753102451.6645525,
        1753102451.6746242,
        1753102451.6847186,
        1753102451.6947324,
        1753102451.7047417,
        1753102451.7148755,
        1753102451.7249134,
        1753102451.7349212,
        1753102451.7449741,
        1753102451.7551649,
        1753102451.765112,
        1753102451.7751327,
        1753102451.7852905,
        1753102451.795282,
        1753102451.8053606,
        1753102451.8154085
    ],
    "set_target_data": [
        {
            "head": [
                [
                    0.9910403040730383,
                    -0.11397696779692425,
                    -0.0696302126568521,
                    -0.008139444132551195
                ],
                [
                    0.11406954713736404,
                    0.99346921064613,
                    -0.002658178705769818,
                    -0.0013165766610033713
                ],
                [
                    0.06947844355407104,
                    -0.005308324591998878,
                    0.9975693297066273,
                    0.006578802514322633
                ],
                [
                    0.0,
                    0.0,
                    0.0,
                    1.0
                ]
            ],
            "antennas": [
                0.21707585834901275,
                -0.2915202655644337
            ],
            "body_yaw": -0.12100764834658437,
            "check_collision": false
        },
        {
            "head": [
                [
                    0.9910475735181375,
                    -0.11395971947322076,
                    -0.06955493772117419,
                    -0.008140980345478591
                ],
                [
                    0.11405453430867041,
                    0.99347103657812,
                    -0.0026196725039683935,
                    -0.0013079617243702906
                ],
                [
                    0.06939935322064544,
                    -0.005336835952187036,
                    0.9975746828957597,
                    0.006583343770189097
                ],
                [
                    0.0,
                    0.0,
                    0.0,
                    1.0
                ]
            ],
            "antennas": [
                0.21707585834901275,
                -0.2915202655644337
            ],
            "body_yaw": -0.12100764834658437,
            "check_collision": false
        },
        {
            "head": [
                [
                    0.9910624661166453,
                    -0.11393074793369447,
                    -0.0693900059811362,
                    -0.008124666600932633
                ],
                [
                    0.11401718361009731,
                    0.9934750360143915,
                    -0.0027266568953417726,
                    -0.0014747224669123915
                ],
                [
                    0.06924788875059298,
                    -0.005209365745705585,
                    0.9975858822237376,
                    0.006588852475947314
                ],
                [
                    0.0,
                    0.0,
                    0.0,
                    1.0
                ]
            ],
            "antennas": [
                0.21707585834901275,
                -0.2915202655644337
            ],
            "body_yaw": -0.12100764834658437,
            "check_collision": false
        },
        {
            "head": [
                [
                    0.9910965169872746,
                    -0.11379796032959177,
                    -0.06912104050517034,
                    -0.00810875974968044
                ],
                [
                    0.11388176583181592,
                    0.9934905319912226,
                    -0.0027397545191009042,
                    -0.0014811164045208758
                ],
                [
                    0.068982877779346,
                    -0.005156264987580222,
                    0.9976045185867282,
                    0.0065879964657836725
                ],
                [
                    0.0,
                    0.0,
                    0.0,
                    1.0
                ]
            ],
            "antennas": [
                0.21707585834901275,
                -0.2915202655644337
            ],
            "body_yaw": -0.12100764834658437,
            "check_collision": false
        },
        {
            "head": [
                [
                    0.9911228698747567,
                    -0.11366948623578238,
                    -0.06895436686765259,
                    -0.008051016431103647
                ],
                [
                    0.11375631784194903,
                    0.9935050697326404,
                    -0.002678911454751,
                    -0.0015167378829172378
                ],
                [
                    0.06881102355194997,
                    -0.005188864464813878,
                    0.9976162181537038,
                    0.006623603725588121
                ],
                [
                    0.0,
                    0.0,
                    0.0,
                    1.0
                ]
            ],
            "antennas": [
                0.21707585834901275,
                -0.2915202655644337
            ],
            "body_yaw": -0.12100764834658437,
            "check_collision": false
        },
        {
            "head": [
                [
                    0.9911481337450265,
                    -0.11355413885659871,
                    -0.0687810622358208,
                    -0.008039952337732066
                ],
                [
                    0.11363893635453395,
                    0.9935184692452511,
                    -0.0026913589102444783,
                    -0.0015243593616480213
                ],
                [
                    0.06864087060900186,
                    -0.005148671392686814,
                    0.9976281481919648,
                    0.006632423395582563
                ],
                [
                    0.0,
                    0.0,
                    0.0,
                    1.0
                ]
            ],
            "antennas": [
                0.21707585834901275,
                -0.2915202655644337
            ],
            "body_yaw": -0.12100764834658437,
            "check_collision": false
        },
        {
            "head": [
                [
                    0.9911617203622912,
                    -0.11352431804813079,
                    -0.06863434490231277,
                    -0.008041786278645043
                ],
                [
                    0.11360091127373137,
                    0.9935225210443631,
                    -0.0027987739155785293,
                    -0.0015266666850192122
                ],
                [
                    0.06850749627771108,
                    -0.00502288655650839,
                    0.9976379571590084,
                    0.0066423296904097855
                ],
                [
                    0.0,
                    0.0,
                    0.0,
                    1.0
                ]
            ],
            "antennas": [
                0.21707585834901275,
                -0.2915202655644337
            ],
            "body_yaw": -0.12100764834658437,
            "check_collision": false
        },
        {
            "head": [
                [
                    0.9911609294255792,
                    -0.11357177968870624,
                    -0.06856721402071352,
                    -0.008071975377249869
                ],
                [
                    0.11363565828710379,
                    0.99351801796958,
                    -0.002980794433418011,
                    -0.0016445588641740955
                ],
                [
                    0.06846129670024474,
                    -0.004837233521103323,
                    0.9976420460395521,
                    0.006641980024316594
                ],
                [
                    0.0,
                    0.0,
                    0.0,
                    1.0
                ]
            ],
            "antennas": [
                0.21707585834901275,
                -0.2915202655644337
            ],
            "body_yaw": -0.12100764834658437,
            "check_collision": false
        },
        {
            "head": [
                [
                    0.9911601004809201,
                    -0.11362717481153647,
                    -0.06848737371954813,
                    -0.008074725104485732
                ],
                [
                    0.11368843068971235,
                    0.9935118764157763,
                    -0.0030153189074717387,
                    -0.0016504207713863707
                ],
                [
                    0.06838564134350861,
                    -0.004797558248923567,
                    0.9976474264452775,
                    0.006650912373521443
                ],
                [
                    0.0,
                    0.0,
                    0.0,
                    1.0
                ]
            ],
            "antennas": [
                0.21707585834901275,
                -0.2915202655644337
            ],
            "body_yaw": -0.12100764834658437,
            "check_collision": false
        },
        {
            "head": [
                [
                    0.991151780398462,
                    -0.11373985951683144,
                    -0.0684207027883377,
                    -0.008063491868228856
                ],
                [
                    0.11380550681299431,
                    0.9934986672283695,
                    -0.0029503956498356525,
                    -0.001527142441095967
                ],
                [
                    0.06831145461777327,
                    -0.0048623628561135415,
                    0.9976521952040496,
                    0.006556482912927318
                ],
                [
                    0.0,
                    0.0,
                    0.0,
                    1.0
                ]
            ],
            "antennas": [
                0.21707585834901275,
                -0.2915202655644337
            ],
            "body_yaw": -0.12100764834658437,
            "check_collision": false
        },
        {
            "head": [
                [
                    0.9911485013281802,
                    -0.11380616443360181,
                    -0.0683579201835039,
                    -0.00805457129121689
                ],
                [
                    0.1138835820678718,
                    0.9934902228398452,
                    -0.00277612266028183,
                    -0.0012755660881484782
                ],
                [
                    0.06822886522794153,
                    -0.00503329499896556,
                    0.9976569991190162,
                    0.0063978889828149015
                ],
                [
                    0.0,
                    0.0,
                    0.0,
                    1.0
                ]
            ],
            "antennas": [
                0.21707585834901275,
                -0.2915202655644337
            ],
            "body_yaw": -0.12100764834658437,
            "check_collision": false
        },
        {
            "head": [
                [
                    0.9911629720560666,
                    -0.11372942472715852,
                    -0.06827577005215048,
                    -0.008044606517410575
                ],
                [
                    0.1138092583189865,
                    0.9934988619740904,
                    -0.002732028013952986,
                    -0.0012703185154415496
                ],
                [
                    0.06814261182158156,
                    -0.005062529744742843,
                    0.9976627462458025,
                    0.00639293967888188
                ],
                [
                    0.0,
                    0.0,
                    0.0,
                    1.0
                ]
            ],
            "antennas": [
                0.21707585834901275,
                -0.2915202655644337
            ],
            "body_yaw": -0.12100764834658437,
            "check_collision": false
        },
        {
            "head": [
                [
                    0.9911820616028786,
                    -0.11360229599095993,
                    -0.06821025657662859,
                    -0.008061558428190941
                ],
                [
                    0.11368693000111167,
                    0.9935130832845424,
                    -0.0026524119898968246,
                    -0.001383057789294775
                ],
                [
                    0.06806910241504223,
                    -0.0051255914804189135,
                    0.997667442391695,
                    0.006476403866346068
                ],
                [
                    0.0,
                    0.0,
                    0.0,
                    1.0
                ]
            ],
            "antennas": [
                0.21707585834901275,
                -0.2915202655644337
            ],
            "body_yaw": -0.12100764834658437,
            "check_collision": false
        },
        {
            "head": [
                [
                    0.991206082550569,
                    -0.11348337431141502,
                    -0.06805898669279259,
                    -0.008059179634770116
                ],
                [
                    0.11357233112352895,
                    0.99352639785752,
                    -0.002573395311307812,
                    -0.001383796815359484
                ],
                [
                    0.06791043747408751,
                    -0.005178852687230273,
                    0.9976779800952419,
                    0.006475675269355661
                ],
                [
                    0.0,
                    0.0,
                    0.0,
                    1.0
                ]
            ],
            "antennas": [
                0.21707585834901275,
                -0.2915202655644337
            ],
            "body_yaw": -0.12100764834658437,
            "check_collision": false
        },
        {
            "head": [
                [
                    0.9912271558462346,
                    -0.11337523464970221,
                    -0.067932184427635,
                    -0.008068373267834874
                ],
                [
                    0.11346311557718154,
                    0.9935388701738144,
                    -0.0025758216669798484,
                    -0.0013808232472590338
                ],
                [
                    0.06778530015058128,
                    -0.005154572908195619,
                    0.9976866158577202,
                    0.006472626917887301
                ],
                [
                    0.0,
                    0.0,
                    0.0,
                    1.0
                ]
            ],
            "antennas": [
                0.21707585834901275,
                -0.2915202655644337
            ],
            "body_yaw": -0.12100764834658437,
            "check_collision": false
        },
        {
            "head": [
                [
                    0.991244491158257,
                    -0.11332149289737307,
                    -0.06776870956362432,
                    -0.008090181279535815
                ],
                [
                    0.11340882085167482,
                    0.9935450851050764,
                    -0.0025696724653582366,
                    -0.0014532262154321337
                ],
                [
                    0.06762246743088401,
                    -0.005138395766882844,
                    0.9976977492144111,
                    0.006564722987276948
                ],
                [
                    0.0,
                    0.0,
                    0.0,
                    1.0
                ]
            ],
            "antennas": [
                0.21707585834901275,
                -0.2915202655644337
            ],
            "body_yaw": -0.12100764834658437,
            "check_collision": false
        },
        {
            "head": [
                [
                    0.9912504649892796,
                    -0.1133352294349952,
                    -0.06765826946836395,
                    -0.008092273377956429
                ],
                [
                    0.11342152879494403,
                    0.9935436156750783,
                    -0.002576927843357839,
                    -0.0014471142413144985
                ],
                [
                    0.06751349838628146,
                    -0.005119523435749846,
                    0.9977052260138944,
                    0.006573132834700067
                ],
                [
                    0.0,
                    0.0,
                    0.0,
                    1.0
                ]
            ],
            "antennas": [
                0.21707585834901275,
                -0.2915202655644337
            ],
            "body_yaw": -0.12100764834658437,
            "check_collision": false
        },
        {
            "head": [
                [
                    0.9912588180211025,
                    -0.11329377431059526,
                    -0.06760529859313537,
                    -0.008108691181823289
                ],
                [
                    0.11337900040204432,
                    0.9935484426273781,
                    -0.002587357830895906,
                    -0.0014344931208176074
                ],
                [
                    0.06746227066472278,
                    -0.005100279911119901,
                    0.997708789768632,
                    0.006575630242173445
                ],
                [
                    0.0,
                    0.0,
                    0.0,
                    1.0
                ]
            ],
            "antennas": [
                0.21707585834901275,
                -0.2915202655644337
            ],
            "body_yaw": -0.12100764834658437,
            "check_collision": false
        },
        {
            "head": [
                [
                    0.9912616416863134,
                    -0.11329322292741115,
                    -0.06756480859201121,
                    -0.008114695639073207
                ],
                [
                    0.11337827987454652,
                    0.993548526372131,
                    -0.002586773367786039,
                    -0.0014220744703612813
                ],
                [
                    0.0674219799030271,
                    -0.0050962125629931895,
                    0.9977115340836091,
                    0.006572065531624037
                ],
                [
                    0.0,
                    0.0,
                    0.0,
                    1.0
                ]
            ],
            "antennas": [
                0.21707585834901275,
                -0.2915202655644337
            ],
            "body_yaw": -0.12100764834658437,
            "check_collision": false
        },
        {
            "head": [
                [
                    0.991274104322758,
                    -0.11331977157906031,
                    -0.06733705865556916,
                    -0.008077110485059182
                ],
                [
                    0.1134101689113208,
                    0.9935451313252938,
                    -0.002491105640143278,
                    -0.0011097597665992785
                ],
                [
                    0.06718469830712681,
                    -0.005167338683913216,
                    0.997727174594491,
                    0.006370653640703215
                ],
                [
                    0.0,
                    0.0,
                    0.0,
                    1.0
                ]
            ],
            "antennas": [
                0.21707585834901275,
                -0.2915202655644337
            ],
            "body_yaw": -0.12100764834658437,
            "check_collision": false
        },
        {
            "head": [
                [
                    0.9912854933256928,
                    -0.11335495621432826,
                    -0.06710979528865767,
                    -0.008076965413022972
                ],
                [
                    0.113440050887925,
                    0.9935415608256235,
                    -0.002553774995711202,
                    -0.0010910917266352348
                ],
                [
                    0.06696585381060112,
                    -0.0050814184861571595,
                    0.9977423282639589,
                    0.006361388135146083
                ],
                [
                    0.0,
                    0.0,
                    0.0,
                    1.0
                ]
            ],
            "antennas": [
                0.21707585834901275,
                -0.2915202655644337
            ],
            "body_yaw": -0.12100764834658437,
            "check_collision": false
        },
        {
            "head": [
                [
                    0.9912866449366983,
                    -0.11338804707460931,
                    -0.06703684323378312,
                    -0.008081715242835366
                ],
                [
                    0.11346801745542234,
                    0.9935381796034255,
                    -0.0026257732285609853,
                    -0.0010791580120592162
                ],
                [
                    0.06690139449130039,
                    -0.005003643764102492,
                    0.9977470455802923,
                    0.006354228529257487
                ],
                [
                    0.0,
                    0.0,
                    0.0,
                    1.0
                ]
            ],
            "antennas": [
                0.21707585834901275,
                -0.2915202655644337
            ],
            "body_yaw": -0.12100764834658437,
            "check_collision": false
        },
        {
            "head": [
                [
                    0.9912944695015367,
                    -0.11340909149603147,
                    -0.06688536986301134,
                    -0.008050539953525325
                ],
                [
                    0.11348563213202222,
                    0.993536059572926,
                    -0.002666388549817528,
                    -0.0009863127907742924
                ],
                [
                    0.06675541951978424,
                    -0.004947352256311612,
                    0.9977571035429362,
                    0.006200857052402585
                ],
                [
                    0.0,
                    0.0,
                    0.0,
                    1.0
                ]
            ],
            "antennas": [
                0.21707585834901275,
                -0.2915202655644337
            ],
            "body_yaw": -0.12100764834658437,
            "check_collision": false
        },
        {
            "head": [
                [
                    0.9912974613866402,
                    -0.11338456406162199,
                    -0.06688261120021292,
                    -0.008057538446395767
                ],
                [
                    0.11346000295322979,
                    0.9935389451646663,
                    -0.002681822316193824,
                    -0.0009822879152376648
                ],
                [
                    0.06675455623593039,
                    -0.004930017610362901,
                    0.9977572471037762,
                    0.006195777796021316
                ],
                [
                    0.0,
                    0.0,
                    0.0,
                    1.0
                ]
            ],
            "antennas": [
                0.21707585834901275,
                -0.2915202655644337
            ],
            "body_yaw": -0.12100764834658437,
            "check_collision": false
        },
        {
            "head": [
                [
                    0.9912989789061322,
                    -0.11330510484958456,
                    -0.06699468363000291,
                    -0.008045055138570132
                ],
                [
                    0.11337781203596228,
                    0.9935482015223556,
                    -0.0027281843101952937,
                    -0.0011689948020828993
                ],
                [
                    0.06687156464146427,
                    -0.0048912643270469045,
                    0.9977496025434864,
                    0.00632092353813085
                ],
                [
                    0.0,
                    0.0,
                    0.0,
                    1.0
                ]
            ],
            "antennas": [
                0.21707585834901275,
                -0.2915202655644337
            ],
            "body_yaw": -0.12100764834658437,
            "check_collision": false
        },
        {
            "head": [
                [
                    0.9913049598188071,
                    -0.11324880793024802,
                    -0.06700137417256209,
                    -0.008042929213826365
                ],
                [
                    0.11332669846723231,
                    0.9935542460854734,
                    -0.002649433910134164,
                    -0.0011715618035061967
                ],
                [
                    0.0668695450347233,
                    -0.0049666475519160175,
                    0.9977493655016498,
                    0.006314803235445641
                ],
                [
                    0.0,
                    0.0,
                    0.0,
                    1.0
                ]
            ],
            "antennas": [
                0.21707585834901275,
                -0.2915202655644337
            ],
            "body_yaw": -0.12100764834658437,
            "check_collision": false
        },
        {
            "head": [
                [
                    0.9913120640939654,
                    -0.11327775183529115,
                    -0.06684715791194086,
                    -0.008039855796131715
                ],
                [
                    0.11335375712494286,
                    0.9935511120316947,
                    -0.002667119465356701,
                    -0.0011672992041586185
                ],
                [
                    0.0667181933764789,
                    -0.0049334288000549035,
                    0.997759662420191,
                    0.006308012116670645
                ],
                [
                    0.0,
                    0.0,
                    0.0,
                    1.0
                ]
            ],
            "antennas": [
                0.21707585834901275,
                -0.2915202655644337
            ],
            "body_yaw": -0.12100764834658437,
            "check_collision": false
        },
        {
            "head": [
                [
                    0.9913207205871131,
                    -0.11333733257127539,
                    -0.06661739998135141,
                    -0.00801333624670744
                ],
                [
                    0.11341046955563062,
                    0.9935445645200841,
                    -0.002695126670140347,
                    -0.0009848327053569405
                ],
                [
                    0.06649281412166744,
                    -0.004883375699743246,
                    0.99777495374055,
                    0.006181788113268858
                ],
                [
                    0.0,
                    0.0,
                    0.0,
                    1.0
                ]
            ],
            "antennas": [
                0.21707585834901275,
                -0.2915202655644337
            ],
            "body_yaw": -0.12100764834658437,
            "check_collision": false
        },
        {
            "head": [
                [
                    0.9913351083944245,
                    -0.11331522543080305,
                    -0.06644066939894974,
                    -0.008000388621669099
                ],
                [
                    0.11338556802789584,
                    0.9935473295196143,
                    -0.002723410992496753,
                    -0.00096367339415526
                ],
                [
                    0.06632055358337757,
                    -0.004833600108504218,
                    0.9977866608059988,
                    0.006170432107073796
                ],
                [
                    0.0,
                    0.0,
                    0.0,
                    1.0
                ]
            ],
            "antennas": [
                0.21707585834901275,
                -0.2915202655644337
            ],
            "body_yaw": -0.12100764834658437,
            "check_collision": false
        },
        {
            "head": [
                [
                    0.9913598515960517,
                    -0.1132531939723553,
                    -0.06617672323796478,
                    -0.007991845299957187
                ],
                [
                    0.11331774416842604,
                    0.9935548839291053,
                    -0.0027895299247426807,
                    -0.0009427266694107899
                ],
                [
