{
    "description": "TODO: Add a description of the recording. You can add as much as you want, even if the wording is not perfect.",
    "time": [
        1753102501.300262,
        1753102501.3102562,
        1753102501.3203087,
        1753102501.3303306,
        1753102501.3404074,
        1753102501.35048,
        1753102501.3605225,
        1753102501.3706536,
        1753102501.3806627,
        1753102501.3909218,
        1753102501.401165,
        1753102501.4109795,
        1753102501.421225,
        1753102501.4311433,
        1753102501.4412227,
        1753102501.451279,
        1753102501.4613125,
        1753102501.4713883,
        1753102501.4817443,
        1753102501.491726,
        1753102501.5015771,
        1753102501.5116787,
        1753102501.5217044,
        1753102501.5317826,
        1753102501.5417838,
        1753102501.5519624,
        1753102501.5620532,
        1753102501.5718815,
        1753102501.582048,
        1753102501.5920315,
        1753102501.602074,
        1753102501.6121445,
        1753102501.622182,
        1753102501.6323252,
        1753102501.6423638,
        1753102501.6524398,
        1753102501.6623886,
        1753102501.6724715,
        1753102501.682568,
        1753102501.6926095,
        1753102501.7026439,
        1753102501.7127821,
        1753102501.722956,
        1753102501.732818,
        1753102501.7428935,
        1753102501.7529876,
        1753102501.7630188,
        1753102501.7730315,
        1753102501.783165,
        1753102501.7931771,
        1753102501.8032155,
        1753102501.8132696,
        1753102501.8234396,
        1753102501.8335953,
        1753102501.8435488,
        1753102501.8535895,
        1753102501.86362,
        1753102501.8741877,
        1753102501.8838506,
        1753102501.8938498,
        1753102501.9039328,
        1753102501.9139192,
        1753102501.9240391,
        1753102501.93405,
        1753102501.9441206,
        1753102501.9542537,
        1753102501.9642208,
        1753102501.974389,
        1753102501.9843953,
        1753102501.9944239,
        1753102502.004535,
        1753102502.0145802,
        1753102502.0246632,
        1753102502.0346563,
        1753102502.0447319,
        1753102502.0548398,
        1753102502.0648654,
        1753102502.074974,
        1753102502.085077,
        1753102502.0950751,
        1753102502.1051514,
        1753102502.1152332,
        1753102502.125404,
        1753102502.1353168,
        1753102502.1453786,
        1753102502.1554925,
        1753102502.1654518,
        1753102502.175589,
        1753102502.1856441,
        1753102502.1956553,
        1753102502.2057412,
        1753102502.2158892,
        1753102502.2259753,
        1753102502.2359855,
        1753102502.2460415,
        1753102502.2561831,
        1753102502.2660494,
        1753102502.2763708,
        1753102502.2862968,
        1753102502.296323,
        1753102502.3062866,
        1753102502.316438,
        1753102502.326452,
        1753102502.3364983,
        1753102502.34653,
        1753102502.356667,
        1753102502.3666232,
        1753102502.376719,
        1753102502.386846,
        1753102502.396864,
        1753102502.4070246,
        1753102502.41704,
        1753102502.4271529,
        1753102502.4371536,
        1753102502.4471984,
        1753102502.457312,
        1753102502.4673295,
        1753102502.4773471,
        1753102502.487559,
        1753102502.4975128,
        1753102502.5075943,
        1753102502.5176377,
        1753102502.5276928,
        1753102502.5378788,
        1753102502.5477986,
        1753102502.5579581,
        1753102502.5679536,
        1753102502.578035,
        1753102502.5882223,
        1753102502.598139,
        1753102502.6083603,
        1753102502.6184084,
        1753102502.6283743,
        1753102502.6383164,
        1753102502.6484907,
        1753102502.6584425,
        1753102502.668488,
        1753102502.6786091,
        1753102502.688665,
        1753102502.6986563,
        1753102502.7087567,
        1753102502.7188685,
        1753102502.7288523,
        1753102502.7390091,
        1753102502.7489917,
        1753102502.7591105,
        1753102502.7690756,
        1753102502.7791815,
        1753102502.7893777,
        1753102502.7993512,
        1753102502.8094432,
        1753102502.819523,
        1753102502.8294902,
        1753102502.8396058,
        1753102502.8503566,
        1753102502.86065,
        1753102502.869947,
        1753102502.8798823,
        1753102502.8899622,
        1753102502.8999827,
        1753102502.910031,
        1753102502.9201643,
        1753102502.930301,
        1753102502.9402227,
        1753102502.9503093,
        1753102502.9603364,
        1753102502.9703634,
        1753102502.9803748,
        1753102502.990506,
        1753102503.0004952,
        1753102503.0105493,
        1753102503.02071,
        1753102503.0306997,
        1753102503.0411146,
        1753102503.0509603,
        1753102503.0609899,
        1753102503.0709949,
        1753102503.0810902,
        1753102503.091104,
        1753102503.1011157,
        1753102503.1112359,
        1753102503.1213846,
        1753102503.1312957,
        1753102503.14133,
        1753102503.1514685,
        1753102503.161508,
        1753102503.1715336,
        1753102503.1815856,
        1753102503.191663,
        1753102503.2017262,
        1753102503.211787,
        1753102503.2220721,
        1753102503.231967,
        1753102503.2419937,
        1753102503.2521229,
        1753102503.2620864,
        1753102503.272243,
        1753102503.2821662,
        1753102503.2922592,
        1753102503.3023002,
        1753102503.3123732,
        1753102503.3224425,
        1753102503.3324378,
        1753102503.342558,
        1753102503.3526459,
        1753102503.362728,
        1753102503.3728235,
        1753102503.3828716,
        1753102503.3928716,
        1753102503.4029238,
        1753102503.412977,
        1753102503.423105,
        1753102503.4330199,
        1753102503.443086,
        1753102503.4532108,
        1753102503.4632952,
        1753102503.4732902,
        1753102503.4834986,
        1753102503.4935799,
        1753102503.503748,
        1753102503.513605,
        1753102503.5236661,
        1753102503.5337174,
        1753102503.5437906,
        1753102503.553847,
        1753102503.5638764,
        1753102503.5741007,
        1753102503.5840008,
        1753102503.59409,
        1753102503.6045523,
        1753102503.6144164,
        1753102503.6245396,
        1753102503.6346364,
        1753102503.6448383,
        1753102503.6547515,
        1753102503.6647637,
        1753102503.6748285,
        1753102503.684891,
        1753102503.6949954,
        1753102503.7050009,
        1753102503.715136,
        1753102503.7251382,
        1753102503.7351315,
        1753102503.7453136,
        1753102503.755336,
        1753102503.7652767,
        1753102503.7753532,
        1753102503.785459,
        1753102503.7954965,
        1753102503.8055604,
        1753102503.8156257,
        1753102503.8257663,
        1753102503.8358476,
        1753102503.8458514,
        1753102503.8559678,
        1753102503.8659248,
        1753102503.8760638,
        1753102503.8861625,
        1753102503.8961675,
        1753102503.9062846,
        1753102503.9162424,
        1753102503.9263794,
        1753102503.9364295,
        1753102503.9464357,
        1753102503.9565291,
        1753102503.9666114,
        1753102503.9766407,
        1753102503.9867268,
        1753102503.9967048,
        1753102504.0068016,
        1753102504.0169034,
        1753102504.026918,
        1753102504.0369885,
        1753102504.0470107,
        1753102504.0571604,
        1753102504.0670927,
        1753102504.0772111,
        1753102504.087365,
        1753102504.097329,
        1753102504.1074362,
        1753102504.1175165,
        1753102504.1274867,
        1753102504.1375005,
        1753102504.147573,
        1753102504.1576796,
        1753102504.167716,
        1753102504.177753,
        1753102504.1878781,
        1753102504.1979082,
        1753102504.2079854,
        1753102504.2180853,
        1753102504.228144,
        1753102504.23813,
        1753102504.2482684,
        1753102504.2582731,
        1753102504.2683036,
        1753102504.2784052,
        1753102504.2885013,
        1753102504.2984967,
        1753102504.3085656,
        1753102504.3186786,
        1753102504.3286943,
        1753102504.338726,
        1753102504.3487859,
        1753102504.3588672,
        1753102504.368912,
        1753102504.3790119,
        1753102504.3891068,
        1753102504.3990383,
        1753102504.409111,
        1753102504.4192932,
        1753102504.4303694,
        1753102504.4394975,
        1753102504.4495194,
        1753102504.4594307,
        1753102504.4694548,
        1753102504.4795272,
        1753102504.4897585,
        1753102504.4997172,
        1753102504.5097594,
        1753102504.5199776,
        1753102504.5298762,
        1753102504.5399816,
        1753102504.550519,
        1753102504.5605438,
        1753102504.5702806,
        1753102504.5803087,
        1753102504.5903878,
        1753102504.6003187,
        1753102504.610383,
        1753102504.6205106,
        1753102504.6305234,
        1753102504.6405494,
        1753102504.6506226,
        1753102504.6606567,
        1753102504.670745,
        1753102504.6807828,
        1753102504.6909258,
        1753102504.7008975,
        1753102504.7109501,
        1753102504.7210555,
        1753102504.7310324,
        1753102504.7411861,
        1753102504.7512264,
        1753102504.7612698,
        1753102504.7712467,
        1753102504.7813663,
        1753102504.7914362,
        1753102504.80144,
        1753102504.81172,
        1753102504.8219082,
        1753102504.8316457,
        1753102504.8418133,
        1753102504.8518667,
        1753102504.8618498,
        1753102504.8722336,
        1753102504.8819635,
        1753102504.8923829,
        1753102504.902091,
        1753102504.9121146,
        1753102504.9222417,
        1753102504.9322667,
        1753102504.942334,
        1753102504.9524353,
        1753102504.96246,
        1753102504.9725032,
        1753102504.9826407,
        1753102504.9926314,
        1753102505.002639,
        1753102505.0127256,
        1753102505.022881,
        1753102505.03285,
        1753102505.0428941,
        1753102505.053019,
        1753102505.0630963,
        1753102505.0731637,
        1753102505.083093,
        1753102505.0932202,
        1753102505.103243,
        1753102505.1134572,
        1753102505.1234672,
        1753102505.1334531,
        1753102505.1434832,
        1753102505.1535892,
        1753102505.1635978,
        1753102505.1736681,
        1753102505.1838,
        1753102505.1937964,
        1753102505.2038617,
        1753102505.21391,
        1753102505.2240553,
        1753102505.2340674,
        1753102505.2441695,
        1753102505.2542367,
        1753102505.2642796,
        1753102505.2744682,
        1753102505.2844768,
        1753102505.2944455,
        1753102505.3044808,
        1753102505.3145936,
        1753102505.3246515,
        1753102505.334658,
        1753102505.3447163,
        1753102505.3548408,
        1753102505.3648198,
        1753102505.3749955,
        1753102505.385022,
        1753102505.3950703,
        1753102505.4051635,
        1753102505.4151294,
        1753102505.4253488,
        1753102505.4352143,
        1753102505.4453318,
        1753102505.4553971,
        1753102505.465394,
        1753102505.4754777,
        1753102505.485723,
        1753102505.4956486,
        1753102505.5057225
    ],
    "set_target_data": [
        {
            "head": [
                [
                    0.9975523078470308,
                    0.05427101343047879,
                    -0.04409138476269387,
                    -0.010982083205821825
                ],
                [
                    -0.05309478431407252,
                    0.9982128156642635,
                    0.027424779347620745,
                    0.004017077457533474
                ],
                [
                    0.045500955898807684,
                    -0.02501662936633064,
                    0.9986510057409659,
                    0.007487115851470327
                ],
                [
                    0.0,
                    0.0,
                    0.0,
                    1.0
                ]
            ],
            "antennas": [
                0.09220662642181346,
                -0.24186083334994418
            ],
            "body_yaw": -0.12100764834658437,
            "check_collision": false
        },
        {
            "head": [
                [
                    0.997567589942181,
                    0.05437549383953058,
                    -0.043614322953087446,
                    -0.010979980228751261
                ],
                [
                    -0.053222528611907294,
                    0.9982128273327376,
                    0.02717561032501707,
                    0.00395409315765261
                ],
                [
                    0.04501406385901798,
                    -0.024788243545875464,
                    0.9986787656883503,
                    0.007473949859359785
                ],
                [
                    0.0,
                    0.0,
                    0.0,
                    1.0
                ]
            ],
            "antennas": [
                0.09220662642181346,
                -0.24186083334994418
            ],
            "body_yaw": -0.12100764834658437,
            "check_collision": false
        },
        {
            "head": [
                [
                    0.997608531335829,
                    0.05428603119715731,
                    -0.04278136303148549,
                    -0.01090933343165455
                ],
                [
                    -0.053178818378205324,
                    0.9982304482441893,
                    0.026607996431586463,
                    0.003614080562101
                ],
                [
                    0.04415010171979609,
                    -0.024269301907280515,
                    0.998730078401099,
                    0.007687409647093135
                ],
                [
                    0.0,
                    0.0,
                    0.0,
                    1.0
                ]
            ],
            "antennas": [
                0.09220662642181346,
                -0.24186083334994418
            ],
            "body_yaw": -0.12100764834658437,
            "check_collision": false
        },
        {
            "head": [
                [
                    0.9976317482782168,
                    0.05420316459265051,
                    -0.042342788943224435,
                    -0.010899045630054751
                ],
                [
                    -0.05311979479944187,
                    0.9982416007211484,
                    0.026305778645462647,
                    0.0035180987445400077
                ],
                [
                    0.04369418986333996,
                    -0.023994239679992525,
                    0.9987567743121271,
                    0.00768128839486415
                ],
                [
                    0.0,
                    0.0,
                    0.0,
                    1.0
                ]
            ],
            "antennas": [
                0.09220662642181346,
                -0.24186083334994418
            ],
            "body_yaw": -0.12100764834658437,
            "check_collision": false
        },
        {
            "head": [
                [
                    0.9976546747327248,
                    0.05414770816283088,
                    -0.041870940814054396,
                    -0.010806964453516695
                ],
                [
                    -0.05307892623913812,
                    0.9982457645006794,
                    0.026230159087481345,
                    0.0036718236503611792
                ],
                [
                    0.04321779232262198,
                    -0.023946176253576312,
                    0.9987786556938387,
                    0.007629648868541339
                ],
                [
                    0.0,
                    0.0,
                    0.0,
                    1.0
                ]
            ],
            "antennas": [
                0.09220662642181346,
                -0.24186083334994418
            ],
            "body_yaw": -0.12100764834658437,
            "check_collision": false
        },
        {
            "head": [
                [
                    0.9976780340889401,
                    0.05410348704273391,
                    -0.041368502344713697,
                    -0.010768194146649469
                ],
                [
                    -0.05305283375639392,
                    0.9982508859864868,
                    0.026087649522535877,
                    0.0035758179051506188
                ],
                [
                    0.042707576925462405,
                    -0.02383235861199978,
                    0.9988033247622601,
                    0.007615191054695103
                ],
                [
                    0.0,
                    0.0,
                    0.0,
                    1.0
                ]
            ],
            "antennas": [
                0.09220662642181346,
                -0.24186083334994418
            ],
            "body_yaw": -0.12100764834658437,
            "check_collision": false
        },
        {
            "head": [
                [
                    0.9976981034007605,
                    0.05420268930066484,
                    -0.04075000543682365,
                    -0.01069683377910293
                ],
                [
                    -0.05316275077634369,
                    0.998242481352184,
                    0.02618530797464637,
                    0.003574192727399047
                ],
                [
                    0.0420977006547618,
                    -0.02395864972009698,
                    0.9988261944418417,
                    0.0076137695673561545
                ],
                [
                    0.0,
                    0.0,
                    0.0,
                    1.0
                ]
            ],
            "antennas": [
                0.09220662642181346,
                -0.24186083334994418
            ],
            "body_yaw": -0.12100764834658437,
            "check_collision": false
        },
        {
            "head": [
                [
                    0.9977146328383143,
                    0.05440288164611502,
                    -0.04007290716814164,
                    -0.010628805920414288
                ],
                [
                    -0.053386950034697594,
                    0.9982353326252623,
                    0.02600104352760848,
                    0.0034808919884853754
                ],
                [
                    0.0414167235099591,
                    -0.02380225130383027,
                    0.9988584023006308,
                    0.007600475083721858
                ],
                [
                    0.0,
                    0.0,
                    0.0,
                    1.0
                ]
            ],
            "antennas": [
                0.09220662642181346,
                -0.24186083334994418
            ],
            "body_yaw": -0.12100764834658437,
            "check_collision": false
        },
        {
            "head": [
                [
                    0.997726879188719,
                    0.054609197444035036,
                    -0.039483035583114244,
                    -0.010555523755733279
                ],
                [
                    -0.05361772451901673,
                    0.998229485576799,
                    0.025749441595537242,
                    0.003380490649503806
                ],
                [
                    0.04081928663930693,
                    -0.023573919478897608,
                    0.998888410263459,
                    0.007586900865924062
                ],
                [
                    0.0,
                    0.0,
                    0.0,
                    1.0
                ]
            ],
            "antennas": [
                0.09220662642181346,
                -0.24186083334994418
            ],
            "body_yaw": -0.12100764834658437,
            "check_collision": false
        },
        {
            "head": [
                [
                    0.9977361238910877,
                    0.05478005735823379,
                    -0.039009901289497065,
                    -0.010485647459955474
                ],
                [
                    -0.05380860617875096,
                    0.9982247865882115,
                    0.02553251538762682,
                    0.0032735579511825935
                ],
                [
                    0.04033932304696959,
                    -0.023375644520481843,
                    0.9989125678753691,
                    0.007570538163542917
                ],
                [
                    0.0,
                    0.0,
                    0.0,
                    1.0
                ]
            ],
            "antennas": [
                0.09220662642181346,
                -0.24186083334994418
            ],
            "body_yaw": -0.12100764834658437,
            "check_collision": false
        },
        {
            "head": [
                [
                    0.9977523613804097,
                    0.05476790280222563,
                    -0.03860961256555763,
                    -0.010420433975110102
                ],
                [
                    -0.05381059271310489,
                    0.9982277247037699,
                    0.02541318052899412,
                    0.003157354521157605
                ],
                [
                    0.03993301230411804,
                    -0.02327845474641453,
                    0.9989311628300213,
                    0.007562108440316573
                ],
                [
                    0.0,
                    0.0,
                    0.0,
                    1.0
                ]
            ],
            "antennas": [
                0.09220662642181346,
                -0.24186083334994418
            ],
            "body_yaw": -0.12100764834658437,
            "check_collision": false
        },
        {
            "head": [
                [
                    0.9977737173057704,
                    0.05476851007697118,
                    -0.038052849535528746,
                    -0.010359838098020487
                ],
                [
                    -0.05382696406786731,
                    0.9982286319387083,
                    0.025342776426659185,
                    0.003041338932723563
                ],
                [
                    0.03937343003932228,
                    -0.02323808687744791,
                    0.9989543154345022,
                    0.007555596890898797
                ],
                [
                    0.0,
                    0.0,
                    0.0,
                    1.0
                ]
            ],
            "antennas": [
                0.09220662642181346,
                -0.24186083334994418
            ],
            "body_yaw": -0.12100764834658437,
            "check_collision": false
        },
        {
            "head": [
                [
                    0.9978094324784234,
                    0.05465288992874182,
                    -0.03727463050820594,
                    -0.010312993505937652
                ],
                [
                    -0.05372614127679378,
                    0.9982319040208428,
                    0.025427692353587186,
                    0.0030702760534339463
                ],
                [
                    0.03859842225522232,
                    -0.023369369211844616,
                    0.9989814985183899,
                    0.007464160480176285
                ],
                [
                    0.0,
                    0.0,
                    0.0,
                    1.0
                ]
            ],
            "antennas": [
                0.09220662642181346,
                -0.24186083334994418
            ],
            "body_yaw": -0.12100764834658437,
            "check_collision": false
        },
        {
            "head": [
                [
                    0.9978364582258712,
                    0.054651054641647996,
                    -0.036546748990910316,
                    -0.010264355709010044
                ],
                [
                    -0.053745214393860784,
                    0.9982334664041921,
                    0.025325846095017507,
                    0.0029725279250625925
                ],
                [
                    0.03786627212978509,
                    -0.02330683970911069,
                    0.9990109792478593,
                    0.007473261006795129
                ],
                [
                    0.0,
                    0.0,
                    0.0,
                    1.0
                ]
            ],
            "antennas": [
                0.09220662642181346,
                -0.24186083334994418
            ],
            "body_yaw": -0.12100764834658437,
            "check_collision": false
        },
        {
            "head": [
                [
                    0.9978527732300576,
                    0.0547746656918102,
                    -0.03591070808873102,
                    -0.01022637674016921
                ],
                [
                    -0.05389236327148859,
                    0.998231386078287,
                    0.02509408355043501,
                    0.0028832582515706468
                ],
                [
                    0.037221715947784145,
                    -0.023104887936814065,
                    0.9990398931050402,
                    0.007489723882331045
                ],
                [
                    0.0,
                    0.0,
                    0.0,
                    1.0
                ]
            ],
            "antennas": [
                0.09220662642181346,
                -0.24186083334994418
            ],
            "body_yaw": -0.12100764834658437,
            "check_collision": false
        },
        {
            "head": [
                [
                    0.9978631018968196,
                    0.05500754338116322,
                    -0.03526187805586417,
                    -0.010201225863217523
                ],
                [
                    -0.0541494719726576,
                    0.9982237080123157,
                    0.02484478712376351,
                    0.0028002552707524237
                ],
                [
                    0.036565893369909036,
                    -0.022882284267795535,
                    0.9990692350927177,
                    0.007511619843428963
                ],
                [
                    0.0,
                    0.0,
                    0.0,
                    1.0
                ]
            ],
            "antennas": [
                0.09220662642181346,
                -0.24186083334994418
            ],
            "body_yaw": -0.12100764834658437,
            "check_collision": false
        },
        {
            "head": [
                [
                    0.9978536721333441,
                    0.05540712906290393,
                    -0.034901275893685656,
                    -0.010190342422569158
                ],
                [
                    -0.054562693841012797,
                    0.9982047887622533,
                    0.024700448030694513,
                    0.0027187641443695196
                ],
                [
                    0.03620720164293786,
                    -0.022743125139519458,
                    0.9990854762271724,
                    0.007537637077000281
                ],
                [
                    0.0,
                    0.0,
                    0.0,
                    1.0
                ]
            ],
            "antennas": [
                0.09220662642181346,
                -0.24186083334994418
            ],
            "body_yaw": -0.12100764834658437,
            "check_collision": false
        },
        {
            "head": [
                [
                    0.9978556429407244,
                    0.055624815876013804,
                    -0.034496314442460624,
                    -0.010185001724389752
                ],
                [
                    -0.05479531248563765,
                    0.9981959232473704,
                    0.02454327895639188,
                    0.002622960577897871
                ],
                [
                    0.035799295816466514,
                    -0.022600413073426525,
                    0.999103413940697,
                    0.007566324598665686
                ],
                [
                    0.0,
                    0.0,
                    0.0,
                    1.0
                ]
            ],
            "antennas": [
                0.09220662642181346,
                -0.24186083334994418
            ],
            "body_yaw": -0.12100764834658437,
            "check_collision": false
        },
        {
            "head": [
                [
                    0.9978670722336136,
                    0.05582012675977188,
                    -0.033844048227707216,
                    -0.010068818682773331
                ],
                [
                    -0.05501627945181245,
                    0.9981912868752427,
                    0.02423558956632045,
                    0.0026603138854900898
                ],
                [
                    0.035135667735172654,
                    -0.022321923189323543,
                    0.9991332326561527,
                    0.007379613923941375
                ],
                [
                    0.0,
                    0.0,
                    0.0,
                    1.0
                ]
            ],
            "antennas": [
                0.09220662642181346,
                -0.24186083334994418
            ],
            "body_yaw": -0.12100764834658437,
            "check_collision": false
        },
        {
            "head": [
                [
                    0.9978807622081934,
                    0.05590396216454982,
                    -0.03329761897042565,
                    -0.010039017085736901
                ],
                [
                    -0.05511460326342654,
                    0.9981874336791758,
                    0.024170803712250343,
                    0.002541003992073298
                ],
                [
                    0.034588508523932616,
                    -0.022284394972393245,
                    0.9991531618419692,
                    0.0073801857526555326
                ],
                [
                    0.0,
                    0.0,
                    0.0,
                    1.0
                ]
            ],
            "antennas": [
                0.09220662642181346,
                -0.24186083334994418
            ],
            "body_yaw": -0.12100764834658437,
            "check_collision": false
        },
        {
            "head": [
                [
                    0.9978943935820181,
                    0.0559713228451713,
                    -0.03277179086559708,
                    -0.01006432691286051
                ],
                [
                    -0.05518291408923162,
                    0.99817593481962,
                    0.024487734472566455,
                    0.0024118483275466667
                ],
                [
                    0.034082623874891284,
                    -0.02262773002181267,
                    0.9991628298650141,
                    0.007403476060322434
                ],
                [
                    0.0,
                    0.0,
                    0.0,
                    1.0
                ]
            ],
            "antennas": [
                0.09220662642181346,
                -0.24186083334994418
            ],
            "body_yaw": -0.12100764834658437,
            "check_collision": false
        },
        {
            "head": [
                [
                    0.9979005843298462,
                    0.05602134581331841,
                    -0.032496655326603036,
                    -0.010058123928932874
                ],
                [
                    -0.05523686647604599,
                    0.9981712671406244,
                    0.02455626267955942,
                    0.002309773168078891
                ],
                [
                    0.03381290250864176,
                    -0.022709695465695883,
                    0.9991701343393908,
                    0.007414593416297022
                ],
                [
                    0.0,
                    0.0,
                    0.0,
                    1.0
                ]
            ],
            "antennas": [
                0.09220662642181346,
                -0.24186083334994418
            ],
            "body_yaw": -0.12100764834658437,
            "check_collision": false
        },
        {
            "head": [
                [
                    0.9979027297890064,
                    0.05619403727371494,
                    -0.03213054706240872,
                    -0.010066560692240444
                ],
                [
                    -0.05541160304266041,
                    0.9981569160345293,
                    0.024745206014100515,
                    0.0022293514038133383
                ],
                [
                    0.03346186079541832,
                    -0.022912903511296528,
                    0.9991773129554083,
                    0.0074318666976526115
                ],
                [
                    0.0,
                    0.0,
                    0.0,
                    1.0
                ]
            ],
            "antennas": [
                0.09220662642181346,
                -0.24186083334994418
            ],
            "body_yaw": -0.12100764834658437,
            "check_collision": false
        },
        {
            "head": [
                [
                    0.9978978236675784,
                    0.05649141194936081,
                    -0.03175931194907191,
                    -0.010087349928750024
                ],
                [
                    -0.05571033930157734,
                    0.9981348536421292,
                    0.02496341402349782,
                    0.0021584182367155183
                ],
                [
                    0.03311029468932548,
                    -0.023141614480693743,
                    0.9991837539035616,
                    0.007454671814219327
                ],
                [
                    0.0,
                    0.0,
                    0.0,
                    1.0
                ]
            ],
            "antennas": [
                0.09220662642181346,
                -0.24186083334994418
            ],
            "body_yaw": -0.12100764834658437,
            "check_collision": false
        },
        {
            "head": [
                [
                    0.9978872322842661,
                    0.05694502533546173,
                    -0.031278358869843516,
                    -0.010094896355816941
                ],
                [
                    -0.05616904752893314,
                    0.9981044167976109,
                    0.02515176472523315,
                    0.0019398211267310306
                ],
                [
                    0.03265133601768152,
                    -0.02334174926274068,
                    0.9991942018434734,
                    0.007570818814002789
                ],
                [
                    0.0,
                    0.0,
                    0.0,
                    1.0
                ]
            ],
            "antennas": [
                0.09220662642181346,
                -0.24186083334994418
            ],
            "body_yaw": -0.12100764834658437,
            "check_collision": false
        },
        {
            "head": [
                [
                    0.9978795559368246,
                    0.05724400512398966,
                    -0.030976050760063746,
                    -0.01011813929901528
                ],
                [
                    -0.056469356946620926,
                    0.9980829434733118,
                    0.025330804836891364,
                    0.0018626554277625454
                ],
                [
                    0.032366704641660936,
                    -0.02352789461499284,
                    0.9991990965796682,
                    0.007587108804826159
                ],
                [
                    0.0,
                    0.0,
                    0.0,
                    1.0
                ]
            ],
            "antennas": [
                0.09220662642181346,
                -0.24186083334994418
            ],
            "body_yaw": -0.12100764834658437,
            "check_collision": false
        },
        {
            "head": [
                [
                    0.9978756830385267,
                    0.05741708817097381,
                    -0.030779850330379797,
                    -0.010131399319565675
                ],
                [
                    -0.05664208617948269,
                    0.9980691955770488,
                    0.025486367207174444,
                    0.001773445712850307
                ],
                [
                    0.032183773452316274,
                    -0.023688791150024955,
                    0.9992012039125157,
                    0.007597672593600335
                ],
                [
                    0.0,
                    0.0,
                    0.0,
                    1.0
                ]
            ],
            "antennas": [
                0.09220662642181346,
                -0.24186083334994418
            ],
            "body_yaw": -0.12100764834658437,
            "check_collision": false
        },
        {
            "head": [
                [
                    0.9978921617921437,
                    0.057204166150714796,
                    -0.03064174944096948,
                    -0.010078008595244641
                ],
                [
                    -0.056424778780475145,
                    0.9980754091503052,
                    0.025723957491506303,
                    0.001894888835368365
                ],
                [
                    0.03205429414877481,
                    -0.023940781617394987,
                    0.9991993600889523,
                    0.007435875138868453
                ],
                [
                    0.0,
                    0.0,
                    0.0,
                    1.0
                ]
            ],
            "antennas": [
                0.09220662642181346,
                -0.24186083334994418
            ],
            "body_yaw": -0.12100764834658437,
            "check_collision": false
        },
        {
            "head": [
                [
                    0.997912761095876,
                    0.05710979075355903,
                    -0.03014287713689657,
                    -0.010045550007031924
                ],
                [
