{
    "description": "A fast movement that lets you ask a question.",
    "time": [
        1753102541.8588104,
        1753102541.8687458,
        1753102541.8788095,
        1753102541.8889415,
        1753102541.8989751,
        1753102541.9090414,
        1753102541.9191468,
        1753102541.9291039,
        1753102541.9393246,
        1753102541.9493122,
        1753102541.9592984,
        1753102541.969317,
        1753102541.9793675,
        1753102541.9896376,
        1753102541.9995239,
        1753102542.0095892,
        1753102542.0196705,
        1753102542.029664,
        1753102542.0397937,
        1753102542.0498183,
        1753102542.059969,
        1753102542.0699482,
        1753102542.0800378,
        1753102542.0900729,
        1753102542.100107,
        1753102542.110248,
        1753102542.1203327,
        1753102542.1302986,
        1753102542.1403496,
        1753102542.1504202,
        1753102542.1604679,
        1753102542.1705313,
        1753102542.1805782,
        1753102542.1907349,
        1753102542.2007403,
        1753102542.210873,
        1753102542.2209594,
        1753102542.2309077,
        1753102542.2410908,
        1753102542.2510257,
        1753102542.261139,
        1753102542.2711053,
        1753102542.2811217,
        1753102542.2914813,
        1753102542.3012912,
        1753102542.31132,
        1753102542.3214777,
        1753102542.3314533,
        1753102542.34156,
        1753102542.3516567,
        1753102542.3617046,
        1753102542.371929,
        1753102542.381897,
        1753102542.3919916,
        1753102542.401949,
        1753102542.4120905,
        1753102542.4222174,
        1753102542.4322255,
        1753102542.4422214,
        1753102542.452387,
        1753102542.4623127,
        1753102542.4724393,
        1753102542.4825528,
        1753102542.4926457,
        1753102542.5026479,
        1753102542.5126443,
        1753102542.5228188,
        1753102542.532806,
        1753102542.5430999,
        1753102542.5532029,
        1753102542.56328,
        1753102542.5733979,
        1753102542.5834458,
        1753102542.5933945,
        1753102542.6034133,
        1753102542.613424,
        1753102542.6235561,
        1753102542.633519,
        1753102542.6436272,
        1753102542.6537583,
        1753102542.6637483,
        1753102542.6738183,
        1753102542.6839302,
        1753102542.6939673,
        1753102542.704013,
        1753102542.7141054,
        1753102542.7242293,
        1753102542.7341163,
        1753102542.744232,
        1753102542.754308,
        1753102542.7643116,
        1753102542.774406,
        1753102542.7845328,
        1753102542.7945216,
        1753102542.804588,
        1753102542.8146436,
        1753102542.8248022,
        1753102542.8347838,
        1753102542.8449106,
        1753102542.854932,
        1753102542.8649867,
        1753102542.8750918,
        1753102542.8851752,
        1753102542.8952053,
        1753102542.9052439,
        1753102542.9153328,
        1753102542.9253721,
        1753102542.9354389,
        1753102542.9454873,
        1753102542.9555416,
        1753102542.9655762,
        1753102542.9759119,
        1753102542.9859822,
        1753102542.9959855,
        1753102543.006147,
        1753102543.0160804,
        1753102543.0261292,
        1753102543.0361006,
        1753102543.0461426,
        1753102543.0562747,
        1753102543.0662758,
        1753102543.0763664,
        1753102543.086384,
        1753102543.096416,
        1753102543.1064641,
        1753102543.116585,
        1753102543.126592,
        1753102543.136679,
        1753102543.1466527,
        1753102543.1567833,
        1753102543.1668203,
        1753102543.1769116,
        1753102543.1870413,
        1753102543.197014,
        1753102543.2070801,
        1753102543.21712,
        1753102543.2272522,
        1753102543.2373033,
        1753102543.2473087,
        1753102543.2574217,
        1753102543.2673774,
        1753102543.2775085,
        1753102543.2876062,
        1753102543.2975852,
        1753102543.3076818,
        1753102543.3177788,
        1753102543.3278418,
        1753102543.3378422,
        1753102543.3479285,
        1753102543.3582966,
        1753102543.368067,
        1753102543.3781643,
        1753102543.388266,
        1753102543.398197,
        1753102543.4083052,
        1753102543.4183447,
        1753102543.4284356,
        1753102543.4384747,
        1753102543.448533,
        1753102543.4586573,
        1753102543.4686096,
        1753102543.4787326,
        1753102543.488974,
        1753102543.4990878,
        1753102543.509021,
        1753102543.5190299,
        1753102543.529089,
        1753102543.5392087,
        1753102543.549181,
        1753102543.559195,
        1753102543.5693028,
        1753102543.5792797,
        1753102543.5893958,
        1753102543.5993814,
        1753102543.609474,
        1753102543.6196315,
        1753102543.6297698,
        1753102543.6399608,
        1753102543.649939,
        1753102543.6602123,
        1753102543.6701567,
        1753102543.6800606,
        1753102543.6901479,
        1753102543.7001333,
        1753102543.7102091,
        1753102543.7203887,
        1753102543.7303033,
        1753102543.7403893,
        1753102543.750423,
        1753102543.76049,
        1753102543.770604,
        1753102543.7806454,
        1753102543.7907917,
        1753102543.8007312,
        1753102543.8108215,
        1753102543.820962,
        1753102543.8309982,
        1753102543.8409755,
        1753102543.85108,
        1753102543.8610942,
        1753102543.8711243,
        1753102543.8811662,
        1753102543.8912828,
        1753102543.9012802,
        1753102543.9114199,
        1753102543.92156,
        1753102543.9316335,
        1753102543.9416118,
        1753102543.9517229,
        1753102543.9618866,
        1753102543.9718301,
        1753102543.9823878,
        1753102543.9920502,
        1753102544.0020163,
        1753102544.0122414,
        1753102544.0222554,
        1753102544.0321343,
        1753102544.0422666,
        1753102544.0522852,
        1753102544.0623162,
        1753102544.0724392,
        1753102544.0825148,
        1753102544.0926049,
        1753102544.1027384,
        1753102544.1129744,
        1753102544.1230347,
        1753102544.1328046,
        1753102544.1429567,
        1753102544.1529431,
        1753102544.1629646,
        1753102544.1731467,
        1753102544.1832616,
        1753102544.1933482,
        1753102544.203479,
        1753102544.2133203,
        1753102544.223406,
        1753102544.2333758,
        1753102544.2434642,
        1753102544.253577,
        1753102544.2635548,
        1753102544.2736442,
        1753102544.2837455,
        1753102544.2938268,
        1753102544.3038385,
        1753102544.3139508,
        1753102544.3240163,
        1753102544.3340144,
        1753102544.344036,
        1753102544.354158,
        1753102544.3641472,
        1753102544.3743253,
        1753102544.3843942,
        1753102544.3943717,
        1753102544.4044187,
        1753102544.4144833,
        1753102544.4245703,
        1753102544.4345622,
        1753102544.444643,
        1753102544.45479,
        1753102544.4648316,
        1753102544.4748924,
        1753102544.4850302,
        1753102544.4950693,
        1753102544.5051098,
        1753102544.515082,
        1753102544.5252185,
        1753102544.5357213,
        1753102544.5452974,
        1753102544.5558925,
        1753102544.5654595,
        1753102544.5754566,
        1753102544.5855258,
        1753102544.5955546,
        1753102544.6056008,
        1753102544.6157498,
        1753102544.6257453,
        1753102544.6357694,
        1753102544.6458194,
        1753102544.655988,
        1753102544.6659822,
        1753102544.676037,
        1753102544.6860921,
        1753102544.6960816,
        1753102544.7061987,
        1753102544.7163439,
        1753102544.7263057,
        1753102544.736351,
        1753102544.7464411,
        1753102544.7565703,
        1753102544.7665384,
        1753102544.7765696,
        1753102544.7867618,
        1753102544.79674,
        1753102544.8067825,
        1753102544.8170874,
        1753102544.826984,
        1753102544.8370621,
        1753102544.8470645,
        1753102544.8571491,
        1753102544.867146,
        1753102544.87731,
        1753102544.8873744,
        1753102544.8974037,
        1753102544.9074714,
        1753102544.9175155,
        1753102544.927563,
        1753102544.937752,
        1753102544.9476585,
        1753102544.957775,
        1753102544.9678597,
        1753102544.9778616,
        1753102544.988014,
        1753102544.9979763,
        1753102545.0081732,
        1753102545.0182698,
        1753102545.0282042,
        1753102545.0382419,
        1753102545.048335,
        1753102545.058361,
        1753102545.0684447,
        1753102545.0784888,
        1753102545.0885916,
        1753102545.0985808,
        1753102545.1087866,
        1753102545.1188028,
        1753102545.1288252,
        1753102545.1389499,
        1753102545.1490028,
        1753102545.1590965,
        1753102545.169164,
        1753102545.1792638,
        1753102545.1892276,
        1753102545.1992362,
        1753102545.2092772,
        1753102545.219568,
        1753102545.2294328,
        1753102545.239525,
        1753102545.2495866,
        1753102545.259664,
        1753102545.2697573,
        1753102545.2798078,
        1753102545.2899158,
        1753102545.2999012,
        1753102545.310034,
        1753102545.320192,
        1753102545.3301167,
        1753102545.3401575,
        1753102545.350231,
        1753102545.360252,
        1753102545.3703187,
        1753102545.3803601,
        1753102545.3905213,
        1753102545.400495,
        1753102545.4105673,
        1753102545.4209325,
        1753102545.4307396,
        1753102545.4407623,
        1753102545.4508452,
        1753102545.4608994,
        1753102545.4709563,
        1753102545.4810245,
        1753102545.4911904,
        1753102545.5011132,
        1753102545.5111504,
        1753102545.5216212,
        1753102545.5315604,
        1753102545.5415232,
        1753102545.551518,
        1753102545.561673,
        1753102545.5715911,
        1753102545.5817575,
        1753102545.5917778,
        1753102545.6017938,
        1753102545.6122193,
        1753102545.622638,
        1753102545.6326475,
        1753102545.6428323,
        1753102545.652797,
        1753102545.6628273,
        1753102545.672821,
        1753102545.682999,
        1753102545.69297,
        1753102545.70302,
        1753102545.713107,
        1753102545.7232397,
        1753102545.7331874,
        1753102545.7432528,
        1753102545.7533717,
        1753102545.7633781,
        1753102545.7736788,
        1753102545.78377,
        1753102545.7936735,
        1753102545.8036687,
        1753102545.813757,
        1753102545.823879,
        1753102545.833857,
        1753102545.8439143,
        1753102545.8540032,
        1753102545.8639865,
        1753102545.8740766,
        1753102545.8843386,
        1753102545.8942177,
        1753102545.9042637,
        1753102545.9142923,
        1753102545.9243858,
        1753102545.9344294,
        1753102545.9444692,
        1753102545.9545877,
        1753102545.9646158,
        1753102545.9747262,
        1753102545.9848325,
        1753102545.9948077,
        1753102546.0048997,
        1753102546.0150685,
        1753102546.0250287,
        1753102546.0350661,
        1753102546.0452006,
        1753102546.0551827,
        1753102546.0651853,
        1753102546.075235,
        1753102546.0853653,
        1753102546.0955698,
        1753102546.1055524,
        1753102546.115496,
        1753102546.1256428,
        1753102546.1356585,
        1753102546.145726,
        1753102546.1558206,
        1753102546.1658325,
        1753102546.1758864,
        1753102546.1861875,
        1753102546.1959918,
        1753102546.2060628,
        1753102546.2161636,
        1753102546.22624,
        1753102546.236272,
        1753102546.2463396,
        1753102546.256477,
        1753102546.2664218,
        1753102546.2765439,
        1753102546.2866485,
        1753102546.2966547,
        1753102546.3067365,
        1753102546.3168936,
        1753102546.327012,
        1753102546.3369575,
        1753102546.3469412,
        1753102546.3570297,
        1753102546.3670483,
        1753102546.3772044,
        1753102546.3872354,
        1753102546.3972201,
        1753102546.407317
    ],
    "set_target_data": [
        {
            "head": [
                [
                    0.9998351302727781,
                    -0.009747158770038473,
                    0.01532009034987025,
                    -0.007127322720632982
                ],
                [
                    0.010793269338131056,
                    0.9975058102177988,
                    -0.0697543111121237,
                    0.005570913053709022
                ],
                [
                    -0.01460197279175268,
                    0.06990816459930875,
                    0.9974465554168527,
                    0.008558057071619884
                ],
                [
                    0.0,
                    0.0,
                    0.0,
                    1.0
                ]
            ],
            "antennas": [
                0.10699036626506134,
                -0.5318902613361516
            ],
            "body_yaw": -0.12100764834658437,
            "check_collision": false
        },
        {
            "head": [
                [
                    0.9998346030498309,
                    -0.009779001350268691,
                    0.015334199580635002,
                    -0.007103687444922093
                ],
                [
                    0.010824035902674597,
                    0.9975149576001847,
                    -0.06961860103937309,
                    0.005579201211528995
                ],
                [
                    -0.014615293050942047,
                    0.0697730642618857,
                    0.9974558199301571,
                    0.008556128252995454
                ],
                [
                    0.0,
                    0.0,
                    0.0,
                    1.0
                ]
            ],
            "antennas": [
                0.10699036626506134,
                -0.5318902613361516
            ],
            "body_yaw": -0.12100764834658437,
            "check_collision": false
        },
        {
            "head": [
                [
                    0.9998349730089905,
                    -0.009789442769575937,
                    0.01530338388635074,
                    -0.007134261662074301
                ],
                [
                    0.010830119075340813,
                    0.9975253022371683,
                    -0.06946927318937889,
                    0.005556967234732143
                ],
                [
                    -0.014585447162351967,
                    0.06962354635400163,
                    0.9974667044689597,
                    0.008587700553126076
                ],
                [
                    0.0,
                    0.0,
                    0.0,
                    1.0
                ]
            ],
            "antennas": [
                0.10699036626506134,
                -0.5318902613361516
            ],
            "body_yaw": -0.12100764834658437,
            "check_collision": false
        },
        {
            "head": [
                [
                    0.9998343205822463,
                    -0.009707733637782046,
                    0.015397769106466865,
                    -0.007113357282235295
                ],
                [
                    0.010753525683987887,
                    0.9975339096014624,
                    -0.0693574861178357,
                    0.005561560460575881
                ],
                [
                    -0.014686492814896389,
                    0.06951157531548134,
                    0.997473031127137,
                    0.008579663418733341
                ],
                [
                    0.0,
                    0.0,
                    0.0,
                    1.0
                ]
            ],
            "antennas": [
                0.10699036626506134,
                -0.5318902613361516
            ],
            "body_yaw": -0.12100764834658437,
            "check_collision": false
        },
        {
            "head": [
                [
                    0.9998305114175505,
                    -0.009767143448910698,
                    0.015606131723411682,
                    -0.007147949260300414
                ],
                [
                    0.01082705567239726,
                    0.9975341876443016,
                    -0.06934204602036866,
                    0.005769014894748365
                ],
                [
                    -0.014890376220461523,
                    0.06949926179228465,
                    0.9974708663947741,
                    0.008494544715806018
                ],
                [
                    0.0,
                    0.0,
                    0.0,
                    1.0
                ]
            ],
            "antennas": [
                0.10699036626506134,
                -0.5318902613361516
            ],
            "body_yaw": -0.12100764834658437,
            "check_collision": false
        },
        {
            "head": [
                [
                    0.9998307679709639,
                    -0.009708016412085978,
                    0.015626574670573126,
                    -0.007139208226576741
                ],
                [
                    0.01076740892619323,
                    0.9975444769396592,
                    -0.06920317501529559,
                    0.00579045797638679
                ],
                [
                    -0.014916377697298451,
                    0.06935972134116576,
                    0.9974801906463442,
                    0.008490342094728431
                ],
                [
                    0.0,
                    0.0,
                    0.0,
                    1.0
                ]
            ],
            "antennas": [
                0.10699036626506134,
                -0.5318902613361516
            ],
            "body_yaw": -0.12100764834658437,
            "check_collision": false
        },
        {
            "head": [
                [
                    0.9998319152169732,
                    -0.009768297257418238,
                    0.01551520809560241,
                    -0.007140006993904449
                ],
                [
                    0.010817219849253087,
                    0.9975561050274729,
                    -0.06902756751581345,
                    0.005548607710174899
                ],
                [
                    -0.014803008758088886,
                    0.06918379644908172,
                    0.9974940968449888,
                    0.008651853455065583
                ],
                [
                    0.0,
                    0.0,
                    0.0,
                    1.0
                ]
            ],
            "antennas": [
                0.10699036626506134,
                -0.5318902613361516
            ],
            "body_yaw": -0.12100764834658437,
            "check_collision": false
        },
        {
            "head": [
                [
                    0.9998304845911036,
                    -0.009822670358282232,
                    0.015572964693707144,
                    -0.007135168659910627
                ],
                [
                    0.010875425035066711,
                    0.9975556624535363,
                    -0.06902481754552382,
                    0.005562154203528362
                ],
                [
                    -0.014856891082106307,
                    0.06918247938545376,
                    0.9974933871126443,
                    0.008653630702496973
                ],
                [
                    0.0,
                    0.0,
                    0.0,
                    1.0
                ]
            ],
            "antennas": [
                0.10699036626506134,
                -0.5318902613361516
            ],
            "body_yaw": -0.12100764834658437,
            "check_collision": false
        },
        {
            "head": [
                [
                    0.999830949179428,
                    -0.009905980003329314,
                    0.01549014600116649,
                    -0.007113697161733951
                ],
                [
                    0.010948561500341594,
                    0.997574693687442,
                    -0.06873761354221779,
                    0.005722167444431112
                ],
                [
                    -0.01477166422706163,
                    0.06889558820838736,
                    0.99751450909818,
                    0.00859278211476927
                ],
                [
                    0.0,
                    0.0,
                    0.0,
                    1.0
                ]
            ],
            "antennas": [
                0.10699036626506134,
                -0.5318902613361516
            ],
            "body_yaw": -0.12100764834658437,
            "check_collision": false
        },
        {
            "head": [
                [
                    0.9998331381964921,
                    -0.009883947291243096,
                    0.015362400531737434,
                    -0.007102172049874674
                ],
                [
                    0.010916932021775145,
                    0.9975789972649078,
                    -0.06868016315627201,
                    0.005742521627561545
                ],
                [
                    -0.014646377005441955,
                    0.06883641334267881,
                    0.9975204418149684,
                    0.008589253270149477
                ],
                [
                    0.0,
                    0.0,
                    0.0,
                    1.0
                ]
            ],
            "antennas": [
                0.10699036626506134,
                -0.5318902613361516
            ],
            "body_yaw": -0.12100764834658437,
            "check_collision": false
        },
        {
            "head": [
                [
                    0.999827521748108,
                    -0.010003970922320367,
                    0.015647597924989074,
                    -0.007048446419315114
                ],
                [
                    0.011059720961768486,
                    0.9975617569609744,
                    -0.06890735534891608,
                    0.005505067544233452
                ],
                [
                    -0.014920098099026443,
                    0.06906852839549531,
                    0.9975003403798899,
                    0.008523980422931454
                ],
                [
                    0.0,
                    0.0,
                    0.0,
                    1.0
                ]
            ],
            "antennas": [
                0.10699036626506134,
                -0.5318902613361516
            ],
            "body_yaw": -0.12100764834658437,
            "check_collision": false
        },
        {
            "head": [
                [
                    0.9998250702959565,
                    -0.010067950641284414,
                    0.01576277823133572,
                    -0.007037707966605324
                ],
                [
                    0.011130948357485047,
                    0.9975635528134759,
                    -0.06886987793526576,
                    0.005507989028797747
                ],
                [
                    -0.015030994522938641,
                    0.06903328521836453,
                    0.9975011151550716,
                    0.008507185075922519
                ],
                [
                    0.0,
                    0.0,
                    0.0,
                    1.0
                ]
            ],
            "antennas": [
                0.10699036626506134,
                -0.5318902613361516
            ],
            "body_yaw": -0.12100764834658437,
            "check_collision": false
        },
        {
            "head": [
                [
                    0.9998269361529232,
                    -0.009987563456703681,
                    0.015695423513118787,
                    -0.007094258423422102
                ],
                [
                    0.011044067172967303,
                    0.9975738252798252,
                    -0.0687349379635643,
                    0.005779931072313392
                ],
                [
                    -0.014970849118765138,
                    0.0688963837423588,
                    0.9975114846375897,
                    0.008388892428909944
                ],
                [
                    0.0,
                    0.0,
                    0.0,
                    1.0
                ]
            ],
            "antennas": [
                0.10699036626506134,
                -0.5318902613361516
            ],
            "body_yaw": -0.12100764834658437,
            "check_collision": false
        },
        {
            "head": [
                [
                    0.999827305348118,
                    -0.00994359118684658,
                    0.015699824031815968,
                    -0.0070848981897706186
                ],
                [
                    0.010999371844187733,
                    0.9975794802394011,
                    -0.0686599914383877,
                    0.005797847161164417
                ],
                [
                    -0.01497909541175332,
                    0.06882082242748229,
                    0.9975165768552673,
                    0.008367183822823643
                ],
                [
                    0.0,
                    0.0,
                    0.0,
                    1.0
                ]
            ],
            "antennas": [
                0.10699036626506134,
                -0.5318902613361516
            ],
            "body_yaw": -0.12100764834658437,
            "check_collision": false
        },
        {
            "head": [
                [
                    0.9998267749993449,
                    -0.009840568328864941,
                    0.01579820272607733,
                    -0.00711630654765321
                ],
                [
                    0.010903499995524259,
                    0.9975798618483026,
                    -0.06866973804063148,
                    0.005586752965130993
                ],
                [
                    -0.015084219643617612,
                    0.0688300984285675,
                    0.9975143527128102,
                    0.008415976584520368
                ],
                [
                    0.0,
                    0.0,
                    0.0,
                    1.0
                ]
            ],
            "antennas": [
                0.10699036626506134,
                -0.5318902613361516
            ],
            "body_yaw": -0.12100764834658437,
            "check_collision": false
        },
        {
            "head": [
                [
                    0.9998283255248697,
                    -0.009824093882006894,
                    0.015710081398037007,
                    -0.007123392215047986
                ],
                [
                    0.010878639944909882,
                    0.997590906518689,
                    -0.06851305294737262,
                    0.005590068706870713
                ],
                [
                    -0.014999155679052233,
                    0.06867219532400276,
                    0.9975265184035449,
                    0.008406416319143628
                ],
                [
                    0.0,
                    0.0,
                    0.0,
                    1.0
                ]
            ],
            "antennas": [
                0.10699036626506134,
                -0.5318902613361516
            ],
            "body_yaw": -0.12100764834658437,
            "check_collision": false
        },
        {
            "head": [
                [
                    0.9998322000502233,
                    -0.00979015408283037,
                    0.015483043168708709,
                    -0.0071827899056713974
                ],
                [
                    0.010826309645282896,
                    0.9976047729356312,
                    -0.06831916301823089,
                    0.005793551872505465
                ],
                [
                    -0.014777102631913744,
                    0.0684753232857034,
                    0.9975433661444117,
                    0.008343374725111707
                ],
                [
                    0.0,
                    0.0,
                    0.0,
                    1.0
                ]
            ],
            "antennas": [
                0.10699036626506134,
                -0.5318902613361516
            ],
            "body_yaw": -0.12100764834658437,
            "check_collision": false
        },
        {
            "head": [
                [
                    0.9998327361830044,
                    -0.009798325704387371,
                    0.01544320142319612,
                    -0.00717647528977856
                ],
                [
                    0.010829947732221543,
                    0.99761300753601,
                    -0.06819823624606579,
                    0.005798045427824857
                ],
                [
                    -0.014738110086575364,
                    0.06835407821299029,
                    0.9975522583317269,
                    0.008341407575126636
                ],
                [
                    0.0,
                    0.0,
                    0.0,
                    1.0
                ]
            ],
            "antennas": [
                0.10699036626506134,
                -0.5318902613361516
            ],
            "body_yaw": -0.12100764834658437,
            "check_collision": false
        },
        {
            "head": [
                [
                    0.9998336692515205,
                    -0.009731829350677361,
                    0.015424828314477107,
                    -0.0071999729417240275
                ],
                [
                    0.010758308959606099,
                    0.9976324259260733,
                    -0.06792496985047787,
                    0.005665240333004277
                ],
                [
                    -0.014727274675630219,
                    0.06807961690805821,
                    0.9975711870048579,
                    0.008478215762673769
                ],
                [
                    0.0,
                    0.0,
                    0.0,
                    1.0
                ]
            ],
            "antennas": [
                0.10699036626506134,
                -0.5318902613361516
            ],
            "body_yaw": -0.12100764834658437,
            "check_collision": false
        },
        {
            "head": [
                [
                    0.9998338963068227,
                    -0.009694363817698953,
                    0.015433700336854912,
                    -0.007182714467949852
                ],
                [
                    0.010719453973849208,
                    0.997642401033361,
                    -0.06778445962676843,
                    0.005672715482374248
                ],
                [
                    -0.014740186648081308,
                    0.06793864121809148,
                    0.9975806072328287,
                    0.008478440489729566
                ],
                [
                    0.0,
                    0.0,
                    0.0,
                    1.0
                ]
            ],
            "antennas": [
                0.10699036626506134,
                -0.5318902613361516
            ],
            "body_yaw": -0.12100764834658437,
            "check_collision": false
        },
        {
            "head": [
                [
                    0.9998313026078335,
                    -0.009680987301370042,
                    0.015609125868981251,
                    -0.0071562590512972805
                ],
                [
                    0.010717531383517158,
                    0.9976446770041502,
                    -0.0677512580424033,
                    0.005684076952407894
                ],
                [
                    -0.014916462267116572,
                    0.0679071198782256,
                    0.9975801332340566,
                    0.008476035444636876
                ],
                [
                    0.0,
                    0.0,
                    0.0,
                    1.0
                ]
            ],
            "antennas": [
                0.10699036626506134,
                -0.5318902613361516
            ],
            "body_yaw": -0.12100764834658437,
            "check_collision": false
        },
        {
            "head": [
                [
                    0.9998255966086321,
                    -0.009758487657233823,
                    0.015923199579113933,
                    -0.007198389898276109
                ],
                [
                    0.01081746514209828,
                    0.9976379475929901,
                    -0.06783441582519702,
                    0.005711630694911721
                ],
                [
                    -0.015223626837654936,
                    0.06799483392942339,
                    0.9975695182516443,
                    0.00849430408074725
                ],
                [
                    0.0,
                    0.0,
                    0.0,
                    1.0
                ]
            ],
            "antennas": [
                0.10699036626506134,
                -0.5318902613361516
            ],
            "body_yaw": -0.12100764834658437,
            "check_collision": false
        },
        {
            "head": [
                [
                    0.9998208012784112,
                    -0.009779860993811888,
                    0.016208628872828226,
                    -0.007192202711504381
                ],
                [
                    0.010857950504696713,
                    0.9976386198313619,
                    -0.06781805903896487,
                    0.005732677787180668
                ],
                [
                    -0.015507102947775912,
                    0.06798189861953463,
                    0.9975660335126944,
                    0.00849714639682908
                ],
                [
                    0.0,
                    0.0,
                    0.0,
                    1.0
                ]
            ],
            "antennas": [
                0.10699036626506134,
                -0.5318902613361516
            ],
            "body_yaw": -0.12100764834658437,
            "check_collision": false
        },
        {
            "head": [
                [
                    0.9998178826945557,
                    -0.009970535009247375,
                    0.016272365402885406,
                    -0.007187323542533142
                ],
                [
                    0.011050985761524133,
                    0.9976432808567989,
                    -0.06771823886502831,
                    0.0057095664194258145
                ],
                [
                    -0.01555882893646692,
                    0.06788573188021038,
                    0.9975717769911165,
                    0.008557582623010207
                ],
                [
                    0.0,
                    0.0,
                    0.0,
                    1.0
                ]
            ],
            "antennas": [
                0.10699036626506134,
                -0.5318902613361516
            ],
            "body_yaw": -0.12100764834658437,
            "check_collision": false
        },
        {
            "head": [
                [
                    0.9998174753352086,
                    -0.010016464263306804,
                    0.016269187379562212,
                    -0.007202908264871098
                ],
                [
                    0.011095380021372449,
                    0.9976480935345156,
                    -0.0676400325925982,
                    0.0057268254228889995
                ],
                [
                    -0.015553409803343375,
                    0.06780819943493792,
                    0.9975771346281352,
                    0.008576015377599888
                ],
                [
                    0.0,
                    0.0,
                    0.0,
                    1.0
                ]
            ],
            "antennas": [
                0.10699036626506134,
                -0.5318902613361516
            ],
            "body_yaw": -0.12100764834658437,
            "check_collision": false
        },
        {
            "head": [
                [
                    0.9998192323512898,
                    -0.009919836076029408,
                    0.01622034132508583,
                    -0.007236807473140577
                ],
                [
                    0.010995898761185787,
                    0.9976481039153168,
                    -0.06765612289074135,
                    0.005697576597380686
                ],
                [
                    -0.015511055119215278,
                    0.06782225008356807,
                    0.9975768389265514,
                    0.008497289207711367
                ],
                [
                    0.0,
                    0.0,
                    0.0,
                    1.0
                ]
            ],
            "antennas": [
                0.10699036626506134,
                -0.5318902613361516
            ],
            "body_yaw": -0.12100764834658437,
            "check_collision": false
        },
        {
            "head": [
                [
                    0.9998223754935639,
                    -0.00997519117779461,
                    0.015991029465719113,
                    -0.007253930635787609
                ],
                [
                    0.011034008184845321,
                    0.9976546261053956,
                    -0.06755366514024329,
                    0.005698446193745455
                ],
                [
                    -0.015279663798127717,
                    0.06771811110382366,
                    0.997587484535941,
                    0.008499744727527125
                ],
                [
                    0.0,
                    0.0,
                    0.0,
                    1.0
                ]
            ],
            "antennas": [
                0.10699036626506134,
                -0.5318902613361516
            ],
            "body_yaw": -0.12100764834658437,
            "check_collision": false
        },
        {
            "head": [
                [
                    0.9998245235868829,
                    -0.010008624552150227,
                    0.015835070850398,
                    -0.0072561127534477715
                ],
                [
                    0.011055829251481566,
                    0.9976587425521077,
                    -0.06748927358410088,
