{
    "description": "Stronger feelings than irritated1. Here you’re scandalized and you growl loudly.",
    "time": [
        1753102718.5456824,
        1753102718.5559647,
        1753102718.5659678,
        1753102718.575679,
        1753102718.5858421,
        1753102718.5957417,
        1753102718.6062465,
        1753102718.6159828,
        1753102718.6260312,
        1753102718.6360195,
        1753102718.6461046,
        1753102718.6561341,
        1753102718.6661057,
        1753102718.676103,
        1753102718.6862812,
        1753102718.696286,
        1753102718.7062843,
        1753102718.7163956,
        1753102718.726465,
        1753102718.7364929,
        1753102718.7465823,
        1753102718.7566535,
        1753102718.7667565,
        1753102718.7767653,
        1753102718.7869184,
        1753102718.796936,
        1753102718.8068929,
        1753102718.8171008,
        1753102718.8270717,
        1753102718.8371103,
        1753102718.84719,
        1753102718.8572881,
        1753102718.8673303,
        1753102718.8774045,
        1753102718.8874633,
        1753102718.8975203,
        1753102718.9075856,
        1753102718.9177165,
        1753102718.9277925,
        1753102718.9378405,
        1753102718.947888,
        1753102718.9579225,
        1753102718.9680452,
        1753102718.9780633,
        1753102718.9881725,
        1753102718.9981174,
        1753102719.00844,
        1753102719.0184827,
        1753102719.028522,
        1753102719.0383506,
        1753102719.0484273,
        1753102719.05851,
        1753102719.0685554,
        1753102719.0786903,
        1753102719.0887156,
        1753102719.098755,
        1753102719.1088223,
        1753102719.1200137,
        1753102719.1290321,
        1753102719.1390703,
        1753102719.1490796,
        1753102719.159086,
        1753102719.1690972,
        1753102719.1792288,
        1753102719.1893244,
        1753102719.1992853,
        1753102719.2093003,
        1753102719.2195418,
        1753102719.2295034,
        1753102719.2395198,
        1753102719.2496536,
        1753102719.2596602,
        1753102719.2696493,
        1753102719.2797515,
        1753102719.289861,
        1753102719.2998698,
        1753102719.3099697,
        1753102719.3200786,
        1753102719.3301008,
        1753102719.3401496,
        1753102719.350329,
        1753102719.3602452,
        1753102719.370264,
        1753102719.3804157,
        1753102719.3904963,
        1753102719.4004989,
        1753102719.4105594,
        1753102719.4206812,
        1753102719.430728,
        1753102719.4407723,
        1753102719.4508383,
        1753102719.4609168,
        1753102719.4709563,
        1753102719.4811282,
        1753102719.491339,
        1753102719.5012987,
        1753102719.5112605,
        1753102719.5213788,
        1753102719.5313845,
        1753102719.541393,
        1753102719.5514777,
        1753102719.561516,
        1753102719.5715356,
        1753102719.5816078,
        1753102719.5917323,
        1753102719.6017294,
        1753102719.6118848,
        1753102719.6224768,
        1753102719.6320379,
        1753102719.6421719,
        1753102719.652147,
        1753102719.662168,
        1753102719.6721492,
        1753102719.6822703,
        1753102719.6923223,
        1753102719.7023296,
        1753102719.7124386,
        1753102719.7225146,
        1753102719.7325387,
        1753102719.742601,
        1753102719.752706,
        1753102719.7627523,
        1753102719.7727876,
        1753102719.7828503,
        1753102719.7929304,
        1753102719.8030157,
        1753102719.8130531,
        1753102719.8231027,
        1753102719.8331048,
        1753102719.8431544,
        1753102719.8532453,
        1753102719.8632755,
        1753102719.8733356,
        1753102719.8834233,
        1753102719.893486,
        1753102719.90354,
        1753102719.9136024,
        1753102719.9238105,
        1753102719.9338186,
        1753102719.9438355,
        1753102719.9539545,
        1753102719.9639387,
        1753102719.9739964,
        1753102719.984197,
        1753102719.9942105,
        1753102720.0041873,
        1753102720.0142891,
        1753102720.0243914,
        1753102720.0343733,
        1753102720.0445113,
        1753102720.0547314,
        1753102720.0648465,
        1753102720.0749068,
        1753102720.0850146,
        1753102720.094871,
        1753102720.1049063,
        1753102720.1150205,
        1753102720.1249778,
        1753102720.134964,
        1753102720.1450355,
        1753102720.1551628,
        1753102720.1651528,
        1753102720.1752145,
        1753102720.185315,
        1753102720.1953802,
        1753102720.2053857,
        1753102720.2154803,
        1753102720.2255597,
        1753102720.235612,
        1753102720.2456453,
        1753102720.2557821,
        1753102720.266071,
        1753102720.276086,
        1753102720.2859786,
        1753102720.2959707,
        1753102720.3060126,
        1753102720.316065,
        1753102720.3261256,
        1753102720.336116,
        1753102720.3462784,
        1753102720.3562877,
        1753102720.366375,
        1753102720.3764117,
        1753102720.3865597,
        1753102720.3966198,
        1753102720.4066305,
        1753102720.416882,
        1753102720.4267457,
        1753102720.4367762,
        1753102720.4468992,
        1753102720.4569385,
        1753102720.4669533,
        1753102720.4770172,
        1753102720.4872725,
        1753102720.4972675,
        1753102720.507153,
        1753102720.5173285,
        1753102720.5273752,
        1753102720.537905,
        1753102720.5480332,
        1753102720.5579753,
        1753102720.5680368,
        1753102720.5780504,
        1753102720.5880675,
        1753102720.5981414,
        1753102720.6083963,
        1753102720.618317,
        1753102720.6283534,
        1753102720.6384609,
        1753102720.6484556,
        1753102720.6586025,
        1753102720.6685731,
        1753102720.678713,
        1753102720.6886785,
        1753102720.6987185,
        1753102720.7088056,
        1753102720.7189887,
        1753102720.7289262,
        1753102720.738967,
        1753102720.7490551,
        1753102720.7591138,
        1753102720.7690759,
        1753102720.7791886,
        1753102720.789252,
        1753102720.7993114,
        1753102720.8093758,
        1753102720.8195403,
        1753102720.8295572,
        1753102720.8396037,
        1753102720.849722,
        1753102720.8596675,
        1753102720.869715,
        1753102720.8797925,
        1753102720.8898475,
        1753102720.8998725,
        1753102720.9099452,
        1753102720.9201071,
        1753102720.9301047,
        1753102720.940114,
        1753102720.9501808,
        1753102720.9602857,
        1753102720.9702914,
        1753102720.980401,
        1753102720.9905818,
        1753102721.000562,
        1753102721.0105448,
        1753102721.0207174,
        1753102721.0307136,
        1753102721.0408335,
        1753102721.050872,
        1753102721.0608613,
        1753102721.0708969,
        1753102721.080995,
        1753102721.09105,
        1753102721.1010528,
        1753102721.1112156,
        1753102721.1212237,
        1753102721.13129,
        1753102721.1412838,
        1753102721.151407,
        1753102721.1614218,
        1753102721.1714933,
        1753102721.1815853,
        1753102721.1916332,
        1753102721.2016473,
        1753102721.21175,
        1753102721.2218614,
        1753102721.2318363,
        1753102721.2418795,
        1753102721.2519958,
        1753102721.2620513,
        1753102721.2720568,
        1753102721.282339,
        1753102721.2923653,
        1753102721.3023093,
        1753102721.3123317,
        1753102721.3224306,
        1753102721.3324606,
        1753102721.3425193,
        1753102721.3529103,
        1753102721.3626494,
        1753102721.3727179,
        1753102721.3828273,
        1753102721.3930345,
        1753102721.40312,
        1753102721.4130712,
        1753102721.4231033,
        1753102721.4330654,
        1753102721.4431407,
        1753102721.4534483,
        1753102721.4634361,
        1753102721.473424,
        1753102721.483903,
        1753102721.4937847,
        1753102721.5037322,
        1753102721.5136561,
        1753102721.5236568,
        1753102721.5337517,
        1753102721.5437822,
        1753102721.5538921,
        1753102721.5642338,
        1753102721.5741367,
        1753102721.5842223,
        1753102721.5942314,
        1753102721.6042798,
        1753102721.6143503,
        1753102721.624451,
        1753102721.6345,
        1753102721.6445875,
        1753102721.654671,
        1753102721.664599,
        1753102721.674634,
        1753102721.6847591,
        1753102721.694816,
        1753102721.7048712,
        1753102721.714936,
        1753102721.725327,
        1753102721.7350554,
        1753102721.7451274,
        1753102721.7551856,
        1753102721.7652721,
        1753102721.7752867,
        1753102721.7854402,
        1753102721.795403,
        1753102721.805478,
        1753102721.8155444,
        1753102721.82561,
        1753102721.8356285,
        1753102721.845737,
        1753102721.8558223,
        1753102721.8658538,
        1753102721.875963,
        1753102721.886019,
        1753102721.8960934,
        1753102721.9061296,
        1753102721.9161935,
        1753102721.926212,
        1753102721.9363344,
        1753102721.9463463,
        1753102721.956498,
        1753102721.9664176,
        1753102721.9765286,
        1753102721.9866083,
        1753102721.9966671,
        1753102722.006768,
        1753102722.0168023,
        1753102722.0269935,
        1753102722.0369031,
        1753102722.0470307,
        1753102722.0570264,
        1753102722.0670815,
        1753102722.077097,
        1753102722.0872426,
        1753102722.097209,
        1753102722.1073136,
        1753102722.1174495,
        1753102722.1274016,
        1753102722.137394,
        1753102722.1475024,
        1753102722.1575792,
        1753102722.1675901,
        1753102722.177723,
        1753102722.1877472,
        1753102722.1978476,
        1753102722.2078578,
        1753102722.2180288,
        1753102722.2280104,
        1753102722.2381024,
        1753102722.2482443,
        1753102722.258271,
        1753102722.2683172,
        1753102722.278365,
        1753102722.2884758,
        1753102722.298456,
        1753102722.3085146,
        1753102722.3186462,
        1753102722.328867,
        1753102722.3389182,
        1753102722.3489735,
        1753102722.3589036,
        1753102722.3689172,
        1753102722.3790698,
        1753102722.3890684,
        1753102722.3990383,
        1753102722.4091444,
        1753102722.419317,
        1753102722.429334,
        1753102722.4393137,
        1753102722.449408,
        1753102722.4594882,
        1753102722.4694843,
        1753102722.4797678,
        1753102722.4899094,
        1753102722.499923,
        1753102722.5098004,
        1753102722.5200107,
        1753102722.5301056,
        1753102722.5400527,
        1753102722.5503304,
        1753102722.560898,
        1753102722.5704734,
        1753102722.5806189,
        1753102722.590588,
        1753102722.6005797,
        1753102722.610688,
        1753102722.6207817,
        1753102722.6308944,
        1753102722.6408937,
        1753102722.6510158,
        1753102722.661037,
        1753102722.6710267,
        1753102722.6811123,
        1753102722.6912227,
        1753102722.7014449,
        1753102722.7114608,
        1753102722.7213979,
        1753102722.7314036,
        1753102722.7414567,
        1753102722.7515452,
        1753102722.7616582,
        1753102722.7716274,
        1753102722.781803,
        1753102722.7918692,
        1753102722.801866,
        1753102722.8119285,
        1753102722.8221123,
        1753102722.8320198,
        1753102722.8420916,
        1753102722.8522313,
        1753102722.862255,
        1753102722.87226,
        1753102722.8823879,
        1753102722.8925197,
        1753102722.9024534,
        1753102722.9125545,
        1753102722.9226296,
        1753102722.9327502,
        1753102722.9427216,
        1753102722.9528923,
        1753102722.9628854,
        1753102722.9728823,
        1753102722.9829943,
        1753102722.9930289,
        1753102723.003041,
        1753102723.013222,
        1753102723.0232532,
        1753102723.0332403,
        1753102723.0432777,
        1753102723.0534446,
        1753102723.0640013,
        1753102723.0735645,
        1753102723.083701,
        1753102723.0936217,
        1753102723.1036541,
        1753102723.11379,
        1753102723.1237814,
        1753102723.1338396,
        1753102723.1439316,
        1753102723.1540017,
        1753102723.1640399,
        1753102723.1740382,
        1753102723.1841629,
        1753102723.1942942,
        1753102723.2042117,
        1753102723.2143242,
        1753102723.2244394,
        1753102723.23466,
        1753102723.2448213,
        1753102723.2548938,
        1753102723.2648928,
        1753102723.2747478,
        1753102723.2848167,
        1753102723.2948296,
        1753102723.3048868,
        1753102723.3150213,
        1753102723.3251193,
        1753102723.3350613,
        1753102723.3451507,
        1753102723.3552349,
        1753102723.3652349,
        1753102723.3752623,
        1753102723.385454,
        1753102723.3954632,
        1753102723.405501,
        1753102723.415589,
        1753102723.4256666,
        1753102723.4356935,
        1753102723.4457858,
        1753102723.455925,
        1753102723.4659107,
        1753102723.475987,
        1753102723.4862156,
        1753102723.4962978,
        1753102723.5062191,
        1753102723.5165622,
        1753102723.5263016,
        1753102723.5363533,
        1753102723.5464098,
        1753102723.5565515,
        1753102723.5664775,
        1753102723.5765631,
        1753102723.5866058,
        1753102723.5966222,
        1753102723.6067126,
        1753102723.6168215,
        1753102723.6269133,
        1753102723.6368623,
        1753102723.647028,
        1753102723.6570554,
        1753102723.6670346,
        1753102723.6771486,
        1753102723.6871817,
        1753102723.6972477,
        1753102723.7073317,
        1753102723.7174356,
        1753102723.7274818,
        1753102723.7374845,
        1753102723.747561,
        1753102723.7578604,
        1753102723.7679331,
        1753102723.7778225,
        1753102723.7879384,
        1753102723.797884,
        1753102723.807913,
        1753102723.8180285,
        1753102723.8280993,
        1753102723.8381412,
        1753102723.8482263,
        1753102723.8582966,
        1753102723.8683095,
        1753102723.8784022,
        1753102723.8884695,
        1753102723.8984706,
        1753102723.9085138,
        1753102723.9186513,
        1753102723.9287975,
        1753102723.9387379,
        1753102723.9488115,
        1753102723.9588456,
        1753102723.9688842,
        1753102723.979026,
        1753102723.9891012,
        1753102723.9990823,
        1753102724.0091586,
        1753102724.0193276,
        1753102724.0293834,
        1753102724.0393195,
        1753102724.049365,
        1753102724.0593956,
        1753102724.0694826,
        1753102724.0795538,
        1753102724.0896418,
        1753102724.0996025,
        1753102724.1097844,
        1753102724.1198485,
        1753102724.129916,
        1753102724.1399596,
        1753102724.1499891,
        1753102724.1600735,
        1753102724.170246,
        1753102724.180332,
        1753102724.1903317,
        1753102724.2002025,
        1753102724.2102757,
        1753102724.2203887,
        1753102724.230428,
        1753102724.2404916,
        1753102724.2505517,
        1753102724.2606065,
        1753102724.2706637,
        1753102724.280879,
        1753102724.2909133,
        1753102724.3009226,
        1753102724.3108904,
        1753102724.321029,
        1753102724.3310678,
        1753102724.3410804,
        1753102724.351244,
        1753102724.3611686,
        1753102724.3712955,
        1753102724.3813205,
        1753102724.39137,
        1753102724.4014041,
        1753102724.4114516,
        1753102724.4215732,
        1753102724.4316056,
        1753102724.441646,
        1753102724.4517646,
        1753102724.461861,
        1753102724.4718306,
        1753102724.4820614,
        1753102724.4922328,
        1753102724.5021813,
        1753102724.512163,
        1753102724.5223947,
        1753102724.532922,
        1753102724.5423658,
        1753102724.5524292,
        1753102724.5626657,
        1753102724.5728068,
        1753102724.582606,
        1753102724.5926757,
        1753102724.6026747,
        1753102724.6127481,
        1753102724.6228373,
        1753102724.6329174,
        1753102724.6430337,
        1753102724.6530843,
        1753102724.663086,
        1753102724.6731677,
        1753102724.6832712,
        1753102724.6932669,
        1753102724.7032597,
        1753102724.713432,
        1753102724.7234914,
        1753102724.733462,
        1753102724.7435021,
        1753102724.753675,
        1753102724.7637036,
        1753102724.7737901,
        1753102724.7838554,
        1753102724.793892,
        1753102724.8038845,
        1753102724.813959,
        1753102724.8240752,
        1753102724.8340456,
        1753102724.8441453,
        1753102724.8542192,
        1753102724.8642075,
        1753102724.874245,
        1753102724.8843563,
        1753102724.8943834,
        1753102724.9044456,
        1753102724.914536,
        1753102724.9246144,
        1753102724.934672,
        1753102724.9448063,
        1753102724.954769,
        1753102724.964926,
        1753102724.9749203,
        1753102724.98501,
        1753102724.9950416,
        1753102725.0050719,
        1753102725.0164945,
        1753102725.0255184,
        1753102725.0353758,
        1753102725.0453184,
        1753102725.055375,
        1753102725.0654016,
        1753102725.0755355,
        1753102725.0855935,
        1753102725.095598,
        1753102725.1057134,
        1753102725.115749,
        1753102725.1258368,
        1753102725.1358566,
        1753102725.146098,
        1753102725.155959,
        1753102725.166,
        1753102725.176075,
        1753102725.1861129,
        1753102725.1961899,
        1753102725.2062035,
        1753102725.2163095,
        1753102725.2264822,
        1753102725.2364838,
        1753102725.2465296,
        1753102725.2565892,
        1753102725.2665403,
        1753102725.2767177,
        1753102725.286788,
        1753102725.296782,
        1753102725.3068588,
        1753102725.3169174,
        1753102725.3270018,
        1753102725.3370514,
        1753102725.3471985,
        1753102725.357145,
        1753102725.3671408,
        1753102725.3772576,
        1753102725.3873532,
        1753102725.3974204,
        1753102725.4074318,
        1753102725.4175723,
        1753102725.4275436
    ],
    "set_target_data": [
        {
            "head": [
                [
                    0.99499393230824,
                    -0.0999224632691274,
                    -0.0016049934627226357,
                    -0.0045427039672911755
                ],
                [
                    0.09990968060095012,
                    0.9942460296904538,
                    0.03863791100700369,
                    -0.0010332861914313521
                ],
                [
                    -0.002265036865402027,
                    -0.03860484139326167,
                    0.9992519881536385,
                    0.02
                ],
                [
                    0.0,
                    0.0,
                    0.0,
                    1.0
                ]
            ],
            "antennas": [
                0.31002544791348124,
                -0.32731881430976384
            ],
            "body_yaw": -0.1321775851170349,
            "check_collision": false
        },
        {
            "head": [
                [
                    0.9949319298338446,
                    -0.10051922009037743,
                    -0.0025182115725718122,
                    -0.004573360680568689
                ],
                [
                    0.10054084700816117,
                    0.9941701965418993,
                    0.038950717460953535,
                    -0.001218444351229273
                ],
                [
                    -0.0014117648470978923,
                    -0.03900649561629145,
                    0.9992379597572106,
                    0.02
                ],
                [
                    0.0,
                    0.0,
                    0.0,
                    1.0
                ]
            ],
            "antennas": [
                0.31002544791348124,
                -0.32731881430976384
            ],
            "body_yaw": -0.1321775851170349,
            "check_collision": false
        },
        {
            "head": [
                [
                    0.9948846604902575,
                    -0.10096572729793742,
                    -0.0032302062447789152,
                    -0.004572492518950513
                ],
                [
                    0.10101465600119615,
                    0.9941139171094753,
                    0.03916068286196484,
                    -0.0012475994483127648
                ],
                [
                    -0.0007426938435734977,
                    -0.039286660846321785,
                    0.999227705123012,
                    0.02
                ],
                [
                    0.0,
                    0.0,
                    0.0,
                    1.0
                ]
            ],
            "antennas": [
                0.31002544791348124,
                -0.32731881430976384
            ],
            "body_yaw": -0.1321775851170349,
            "check_collision": false
        },
        {
            "head": [
                [
                    0.9948535104964841,
                    -0.10124344006894642,
                    -0.0040321825141366105,
                    -0.004517013355125503
                ],
                [
                    0.10132370223362855,
                    0.9940671382553763,
                    0.03954784452327531,
                    -0.0013412207700950083
                ],
                [
                    4.300305902914161e-06,
                    -0.03975286761696363,
                    0.9992095423372093,
                    0.02
                ],
                [
                    0.0,
                    0.0,
                    0.0,
                    1.0
                ]
            ],
            "antennas": [
                0.31002544791348124,
                -0.32731881430976384
            ],
            "body_yaw": -0.1321775851170349,
            "check_collision": false
        },
        {
            "head": [
                [
                    0.9948499858893529,
                    -0.1012281700219473,
                    -0.005134507762322034,
                    -0.004496810678699135
                ],
                [
                    0.10135295699860121,
                    0.9940405769008083,
                    0.04013613810953082,
                    -0.0013756379669040272
                ],
                [
                    0.001041001245584329,
                    -0.04044983397636348,
                    0.9991810282664952,
                    0.02
                ],
                [
                    0.0,
                    0.0,
                    0.0,
                    1.0
                ]
            ],
            "antennas": [
                0.31002544791348124,
                -0.32731881430976384
            ],
            "body_yaw": -0.1321775851170349,
            "check_collision": false
        },
        {
            "head": [
                [
                    0.9948167875069239,
                    -0.1014721795998812,
                    -0.006554087400501179,
                    -0.004517789591714268
                ],
                [
                    0.10165555784165553,
                    0.9939884161375974,
                    0.04065926885929576,
                    -0.0012682674090645192
                ],
                [
                    0.0023889023223612345,
                    -0.04111478263982582,
                    0.9991515739837347,
                    0.02
                ],
                [
                    0.0,
                    0.0,
                    0.0,
                    1.0
                ]
            ],
            "antennas": [
                0.31002544791348124,
                -0.32731881430976384
            ],
            "body_yaw": -0.1321775851170349,
            "check_collision": false
        },
        {
            "head": [
                [
                    0.9947928545046297,
                    -0.1016164729214367,
                    -0.007827455367974832,
                    -0.004522662341715785
                ],
                [
                    0.10185437361317608,
                    0.9939429735736531,
                    0.04126804889296315,
                    -0.0013149448917867497
                ],
                [
                    0.003586530691107641,
                    -0.041850420721557605,
                    0.9991174500943473,
                    0.02
                ],
                [
                    0.0,
                    0.0,
                    0.0,
                    1.0
                ]
            ],
            "antennas": [
                0.31002544791348124,
                -0.32731881430976384
            ],
            "body_yaw": -0.1321775851170349,
            "check_collision": false
        },
        {
            "head": [
                [
                    0.9947357745975001,
                    -0.10209482998228588,
                    -0.008796841865131898,
                    -0.004562950882830032
                ],
                [
                    0.10237520279009808,
                    0.9938685175466733,
                    0.0417694587379903,
                    -0.0013553728096901184
                ],
                [
                    0.0044784583952839265,
                    -0.04245015336210839,
                    0.999088548573116,
                    0.02
                ],
                [
                    0.0,
                    0.0,
                    0.0,
                    1.0
                ]
            ],
            "antennas": [
                0.31002544791348124,
                -0.32731881430976384
            ],
            "body_yaw": -0.1321775851170349,
            "check_collision": false
        },
        {
            "head": [
                [
                    0.9946958084292141,
                    -0.1024313153268657,
                    -0.009384792686051505,
                    -0.004568710257788023
                ],
                [
                    0.10273740281480581,
                    0.9938225381432899,
                    0.04197366723669894,
                    -0.0014141203794734514
                ],
                [
                    0.00502740054305305,
                    -0.042715200091267384,
                    0.9990746403172,
                    0.02
                ],
                [
                    0.0,
                    0.0,
                    0.0,
                    1.0
                ]
            ],
            "antennas": [
                0.31002544791348124,
                -0.32731881430976384
            ],
            "body_yaw": -0.1321775851170349,
            "check_collision": false
        },
        {
            "head": [
                [
                    0.9946395733139457,
                    -0.10296394366499484,
                    -0.009515540068950175,
                    -0.004517067441173029
                ],
                [
                    0.1032753425605677,
                    0.9937651961591235,
                    0.04201117139305049,
                    -0.0013911015861897804
                ],
                [
                    0.005130576658565777,
                    -0.04276869424907242,
                    0.9990718272353495,
                    0.02
                ],
                [
                    0.0,
                    0.0,
                    0.0,
                    1.0
                ]
            ],
            "antennas": [
                0.31002544791348124,
                -0.32731881430976384
            ],
            "body_yaw": -0.1321775851170349,
            "check_collision": false
        },
        {
            "head": [
                [
                    0.9946111738998158,
                    -0.10324598196117042,
                    -0.009427617010869378,
                    -0.004493856719050429
                ],
                [
                    0.1035530425027295,
                    0.9937390649775792,
                    0.04194565681824648,
                    -0.00143733035400461
                ],
                [
                    0.0050378707861419335,
                    -0.04269587739302097,
                    0.9990754135257167,
                    0.02
                ],
                [
                    0.0,
                    0.0,
                    0.0,
                    1.0
                ]
            ],
            "antennas": [
                0.31002544791348124,
                -0.32731881430976384
            ],
            "body_yaw": -0.1321775851170349,
            "check_collision": false
        },
        {
            "head": [
                [
                    0.99458147825388,
                    -0.10353871300626322,
                    -0.009349760603022493,
                    -0.004455803265668897
                ],
                [
                    0.10384151347935991,
                    0.9937147341867305,
                    0.04180869692434672,
                    -0.0014053136860994733
                ],
                [
                    0.004962176200326287,
                    -0.04255304888257275,
                    0.9990818859523751,
                    0.02
                ],
                [
                    0.0,
                    0.0,
                    0.0,
                    1.0
                ]
            ],
            "antennas": [
                0.31002544791348124,
                -0.32731881430976384
            ],
            "body_yaw": -0.1321775851170349,
            "check_collision": false
        },
        {
            "head": [
                [
                    0.9945570463864394,
                    -0.10377036359736438,
                    -0.009380464911356336,
                    -0.004435712506481623
                ],
                [
                    0.10407378021619737,
                    0.9936945487780364,
                    0.0417108139494505,
                    -0.0014212282856179209
                ],
                [
                    0.004992970517941939,
                    -0.042460044367450024,
                    0.9990856894569763,
                    0.02
                ],
                [
                    0.0,
                    0.0,
                    0.0,
                    1.0
                ]
            ],
            "antennas": [
                0.31002544791348124,
                -0.32731881430976384
            ],
            "body_yaw": -0.1321775851170349,
            "check_collision": false
        },
        {
            "head": [
                [
                    0.994556173752585,
                    -0.1037371058919168,
                    -0.009830061636992559,
                    -0.004527713050901091
                ],
                [
                    0.10406193698933529,
                    0.9936780223660988,
                    0.042131949119715885,
                    -0.0013755234819264215
                ],
                [
                    0.005397269739918803,
                    -0.04292552536391323,
                    0.9990636960432435,
                    0.02
                ],
                [
                    0.0,
                    0.0,
                    0.0,
                    1.0
                ]
            ],
            "antennas": [
                0.31002544791348124,
                -0.32731881430976384
            ],
            "body_yaw": -0.1321775851170349,
            "check_collision": false
        },
        {
            "head": [
                [
                    0.9945561548355174,
                    -0.10369472710771543,
                    -0.01026929641437884,
                    -0.004530463555610529
                ],
                [
                    0.10404034416920957,
                    0.9936665214800587,
                    0.04245528088320862,
                    -0.0013758465585096283
                ],
                [
                    0.005801867280657734,
                    -0.043292582040993434,
                    0.9990455898888104,
                    0.02
                ],
                [
                    0.0,
                    0.0,
                    0.0,
                    1.0
                ]
            ],
            "antennas": [
                0.31002544791348124,
                -0.32731881430976384
            ],
            "body_yaw": -0.1321775851170349,
            "check_collision": false
        },
        {
            "head": [
                [
                    0.994529103354757,
                    -0.10393699419608714,
                    -0.010438573555093422,
                    -0.0045521905338786915
                ],
                [
                    0.10429103120943416,
                    0.9936308446706439,
                    0.04267464502928074,
                    -0.0013878711935014975
                ],
                [
                    0.005936614325975694,
                    -0.04352982605736935,
                    0.9990344893214445,
                    0.02
                ],
                [
                    0.0,
                    0.0,
                    0.0,
                    1.0
                ]
            ],
            "antennas": [
                0.31002544791348124,
                -0.32731881430976384
            ],
            "body_yaw": -0.1321775851170349,
            "check_collision": false
        },
        {
            "head": [
                [
                    0.994497990544158,
                    -0.10421306315202672,
                    -0.010648205111807457,
                    -0.00453883098955622
                ],
                [
                    0.10457751646590735,
                    0.9935899237544927,
                    0.04292559217254756,
                    -0.001403864301467034
                ],
                [
                    0.0061065418572471275,
                    -0.043802978003929,
                    0.9990215259265101,
                    0.02
                ],
                [
                    0.0,
                    0.0,
                    0.0,
                    1.0
                ]
            ],
            "antennas": [
                0.31002544791348124,
                -0.32731881430976384
            ],
            "body_yaw": -0.1321775851170349,
            "check_collision": false
        },
        {
            "head": [
                [
                    0.9944513151556494,
                    -0.1046473037017178,
                    -0.010748191157547174,
                    -0.0045281738193179875
                ],
                [
                    0.1050172242235179,
                    0.9935331489262084,
                    0.04316554877630473,
                    -0.0012755466166155362
                ],
                [
                    0.006161525913773401,
                    -0.04405478195080094,
                    0.9990101159576318,
                    0.02
                ],
                [
                    0.0,
                    0.0,
                    0.0,
                    1.0
                ]
            ],
            "antennas": [
                0.31002544791348124,
                -0.32731881430976384
            ],
            "body_yaw": -0.1321775851170349,
            "check_collision": false
        },
        {
            "head": [
                [
                    0.9943979306431048,
                    -0.10516125272595209,
                    -0.010670822733962677,
                    -0.0045103568949977245
                ],
                [
                    0.10552781835352895,
                    0.9934752565318498,
                    0.043252678674505524,
                    -0.0012993103838566398
                ],
                [
                    0.006052692479865391,
                    -0.04413644281185175,
                    0.9990071768158928,
                    0.02
                ],
                [
                    0.0,
                    0.0,
                    0.0,
                    1.0
                ]
            ],
            "antennas": [
                0.31002544791348124,
                -0.32731881430976384
            ],
            "body_yaw": -0.1321775851170349,
            "check_collision": false
        },
        {
            "head": [
                [
                    0.9943449521284816,
                    -0.10567149331446311,
                    -0.010566535728384674,
                    -0.00446962632435629
                ],
                [
                    0.10603295191742516,
                    0.9934216956837384,
                    0.04324751614281487,
                    -0.0011219807164098731
                ],
                [
                    0.00592699622784211,
                    -0.04412335034352455,
                    0.9990085088076968,
                    0.02
                ],
                [
                    0.0,
                    0.0,
                    0.0,
                    1.0
                ]
            ],
            "antennas": [
                0.31002544791348124,
                -0.32731881430976384
            ],
            "body_yaw": -0.1321775851170349,
            "check_collision": false
        },
        {
            "head": [
                [
                    0.994301917900981,
                    -0.10609200300211952,
                    -0.01040110366399055,
                    -0.004463500532974591
                ],
                [
                    0.10644542531739565,
                    0.9933802076482099,
                    0.0431872027549614,
                    -0.0011428026057574122
                ],
                [
                    0.00575043367317298,
                    -0.044048268431320446,
                    0.9990128540518249,
                    0.02
                ],
                [
                    0.0,
                    0.0,
                    0.0,
                    1.0
                ]
            ],
            "antennas": [
                0.31002544791348124,
                -0.32731881430976384
            ],
            "body_yaw": -0.1321775851170349,
            "check_collision": false
        },
        {
            "head": [
                [
                    0.9942568045720311,
                    -0.10653844107873846,
                    -0.010147272280069744,
                    -0.004465102111677878
