{
    "description": "A brief movement you use when something doesn’t suit you. Also usable when you fail at something.",
    "time": [
        1753102649.4814112,
        1753102649.4914937,
        1753102649.5014613,
        1753102649.511532,
        1753102649.52161,
        1753102649.5316553,
        1753102649.5416949,
        1753102649.5518503,
        1753102649.5618253,
        1753102649.5724752,
        1753102649.5819983,
        1753102649.5919733,
        1753102649.6019979,
        1753102649.6121588,
        1753102649.6221647,
        1753102649.6321514,
        1753102649.6424053,
        1753102649.6526089,
        1753102649.6627164,
        1753102649.6724384,
        1753102649.6825142,
        1753102649.6925805,
        1753102649.7026093,
        1753102649.7127688,
        1753102649.7228465,
        1753102649.7328477,
        1753102649.74285,
        1753102649.7529614,
        1753102649.7629786,
        1753102649.7730176,
        1753102649.783142,
        1753102649.7930949,
        1753102649.8033187,
        1753102649.8133395,
        1753102649.8233078,
        1753102649.833305,
        1753102649.8433807,
        1753102649.8534672,
        1753102649.863507,
        1753102649.873534,
        1753102649.883701,
        1753102649.8936455,
        1753102649.903671,
        1753102649.9137685,
        1753102649.9239018,
        1753102649.933968,
        1753102649.9439662,
        1753102649.954061,
        1753102649.9640543,
        1753102649.9741457,
        1753102649.984238,
        1753102649.9943523,
        1753102650.0043235,
        1753102650.0143874,
        1753102650.0244796,
        1753102650.0344803,
        1753102650.0445855,
        1753102650.0547884,
        1753102650.0646973,
        1753102650.0747528,
        1753102650.08487,
        1753102650.0948863,
        1753102650.1049747,
        1753102650.1149619,
        1753102650.125144,
        1753102650.1351266,
        1753102650.1451483,
        1753102650.155283,
        1753102650.1653554,
        1753102650.175378,
        1753102650.1855242,
        1753102650.195484,
        1753102650.2055233,
        1753102650.2156222,
        1753102650.2257137,
        1753102650.235714,
        1753102650.2457979,
        1753102650.255921,
        1753102650.2659597,
        1753102650.2760777,
        1753102650.286068,
        1753102650.2960768,
        1753102650.3063328,
        1753102650.3162634,
        1753102650.326277,
        1753102650.3362594,
        1753102650.34634,
        1753102650.356451,
        1753102650.3664308,
        1753102650.37651,
        1753102650.3866634,
        1753102650.3965955,
        1753102650.4067597,
        1753102650.4168494,
        1753102650.4268584,
        1753102650.4369273,
        1753102650.4469757,
        1753102650.4571302,
        1753102650.4671783,
        1753102650.477131,
        1753102650.4875681,
        1753102650.4972806,
        1753102650.507335,
        1753102650.5174446,
        1753102650.5274923,
        1753102650.5375686,
        1753102650.5476966,
        1753102650.5581467,
        1753102650.5676796,
        1753102650.5778527,
        1753102650.587855,
        1753102650.5982275,
        1753102650.6080694,
        1753102650.6180944,
        1753102650.6281917,
        1753102650.6382177,
        1753102650.6481884,
        1753102650.658311,
        1753102650.6682978,
        1753102650.6783972,
        1753102650.6884582,
        1753102650.6984663,
        1753102650.70853,
        1753102650.7186189,
        1753102650.7287033,
        1753102650.7387245,
        1753102650.7488062,
        1753102650.7588875,
        1753102650.7689667,
        1753102650.779025,
        1753102650.789117,
        1753102650.7991173,
        1753102650.8092551,
        1753102650.8193386,
        1753102650.8293195,
        1753102650.8393598,
        1753102650.8494666,
        1753102650.8594897,
        1753102650.8695276,
        1753102650.8795989,
        1753102650.8897574,
        1753102650.8997493,
        1753102650.9097772,
        1753102650.919928,
        1753102650.9298859,
        1753102650.939994,
        1753102650.9500384,
        1753102650.960125,
        1753102650.9700944,
        1753102650.9804223,
        1753102650.9903777,
        1753102651.000485,
        1753102651.0104501,
        1753102651.0206187,
        1753102651.0304723,
        1753102651.0405748,
        1753102651.0506551,
        1753102651.0607145,
        1753102651.0707357,
        1753102651.0807786,
        1753102651.0909173,
        1753102651.1009357,
        1753102651.111219,
        1753102651.121144,
        1753102651.1313052,
        1753102651.1413333,
        1753102651.1512525,
        1753102651.161341,
        1753102651.1714227,
        1753102651.1814027,
        1753102651.1915407,
        1753102651.201595,
        1753102651.2116256,
        1753102651.221775,
        1753102651.2316933,
        1753102651.2418096,
        1753102651.2518847,
        1753102651.261975,
        1753102651.2720401,
        1753102651.282088,
        1753102651.292195,
        1753102651.302141,
        1753102651.3122702,
        1753102651.3223407,
        1753102651.3323514,
        1753102651.3424058,
        1753102651.3525088,
        1753102651.36254,
        1753102651.3726525,
        1753102651.3827844,
        1753102651.3928053,
        1753102651.4028177,
        1753102651.4128911,
        1753102651.4230227,
        1753102651.4329784,
        1753102651.4430573,
        1753102651.4531069,
        1753102651.463255,
        1753102651.473228,
        1753102651.483483,
        1753102651.4934878,
        1753102651.5034382,
        1753102651.5134735,
        1753102651.5235837,
        1753102651.533608,
        1753102651.543672,
        1753102651.5539942,
        1753102651.5637681,
        1753102651.573837,
        1753102651.583969,
        1753102651.5939682,
        1753102651.6040287,
        1753102651.6140814,
        1753102651.6247036,
        1753102651.6343346,
        1753102651.6444447,
        1753102651.654376,
        1753102651.6643293,
        1753102651.6744268,
        1753102651.6845763,
        1753102651.694533,
        1753102651.7046201,
        1753102651.7146585,
        1753102651.7246916,
        1753102651.7347167,
        1753102651.7448049,
        1753102651.7549806,
        1753102651.7649336,
        1753102651.775068,
        1753102651.7851005,
        1753102651.7951634,
        1753102651.805204,
        1753102651.815241,
        1753102651.8253672,
        1753102651.8353965,
        1753102651.845463,
        1753102651.8555596,
        1753102651.865563,
        1753102651.8756382,
        1753102651.8857193,
        1753102651.895757,
        1753102651.9058168,
        1753102651.9158928,
        1753102651.9259934,
        1753102651.9360752,
        1753102651.9461737,
        1753102651.9561942,
        1753102651.9661689,
        1753102651.9763029,
        1753102651.9864051,
        1753102651.9964533,
        1753102652.0064187,
        1753102652.0165794,
        1753102652.0265403,
        1753102652.036564,
        1753102652.0466182,
        1753102652.056749,
        1753102652.0668094,
        1753102652.076847,
        1753102652.0869744,
        1753102652.0969636,
        1753102652.1070445,
        1753102652.1171076,
        1753102652.1271126,
        1753102652.1371484,
        1753102652.1471808,
        1753102652.157238,
        1753102652.1672766,
        1753102652.17735,
        1753102652.1874068,
        1753102652.197442,
        1753102652.2075257,
        1753102652.2176385,
        1753102652.2276819,
        1753102652.2376509,
        1753102652.2478688,
        1753102652.2578573,
        1753102652.2678452,
        1753102652.2780514,
        1753102652.2881382,
        1753102652.2980433,
        1753102652.3081698,
        1753102652.3181973,
        1753102652.3283243,
        1753102652.3383496,
        1753102652.348363,
        1753102652.3584836,
        1753102652.3684924,
        1753102652.3786058,
        1753102652.3887265,
        1753102652.3986795,
        1753102652.4087286,
        1753102652.4189756,
        1753102652.428924,
        1753102652.4389877,
        1753102652.449055,
        1753102652.4590847,
        1753102652.4692688,
        1753102652.4793272,
        1753102652.4896126,
        1753102652.4994073,
        1753102652.5094013,
        1753102652.5194888,
        1753102652.529572,
        1753102652.5402267,
        1753102652.550191,
        1753102652.5598674,
        1753102652.5698714,
        1753102652.5798876,
        1753102652.5899456,
        1753102652.5999558,
        1753102652.610081,
        1753102652.6202114,
        1753102652.6302063,
        1753102652.6402056,
        1753102652.6502495,
        1753102652.660321,
        1753102652.6704133,
        1753102652.6804225,
        1753102652.690517,
        1753102652.7005136,
        1753102652.7105865,
        1753102652.7207458,
        1753102652.730756,
        1753102652.740822,
        1753102652.7509344,
        1753102652.7609265,
        1753102652.7709804,
        1753102652.781012,
        1753102652.791104,
        1753102652.8011003,
        1753102652.8111916,
        1753102652.821324,
        1753102652.8313835,
        1753102652.8414562,
        1753102652.8515003,
        1753102652.8615184,
        1753102652.871573,
        1753102652.8816485,
        1753102652.8917449,
        1753102652.90171,
        1753102652.9117935,
        1753102652.9219005,
        1753102652.9319413,
        1753102652.9419832,
        1753102652.9520924,
        1753102652.962093,
        1753102652.9721003,
        1753102652.9821937,
        1753102652.9922514,
        1753102653.0022879,
        1753102653.0123901,
        1753102653.0225034,
        1753102653.032593,
        1753102653.0425742,
        1753102653.0529006,
        1753102653.062766,
        1753102653.072878,
        1753102653.0828383,
        1753102653.092904,
        1753102653.1029716,
        1753102653.1130185,
        1753102653.1231124,
        1753102653.1331215,
        1753102653.1431787,
        1753102653.1532655,
        1753102653.1634276,
        1753102653.1733515,
        1753102653.1835701,
        1753102653.1935022,
        1753102653.2035332,
        1753102653.2135718,
        1753102653.2236803,
        1753102653.2336743,
        1753102653.2437632,
        1753102653.2539454,
        1753102653.2639086,
        1753102653.2740307,
        1753102653.2841046,
        1753102653.2941391,
        1753102653.3041594,
        1753102653.3142405,
        1753102653.3243032,
        1753102653.3343565,
        1753102653.3444388,
        1753102653.3545094,
        1753102653.364481,
        1753102653.3745284,
        1753102653.384919,
        1753102653.394727,
        1753102653.4050643,
        1753102653.4148526,
        1753102653.4249496,
        1753102653.434952,
        1753102653.4451632,
        1753102653.4550946,
        1753102653.4651165,
        1753102653.475156,
        1753102653.4854124,
        1753102653.4957714,
        1753102653.5055025,
        1753102653.5154498,
        1753102653.5255816,
        1753102653.5355823,
        1753102653.5456574,
        1753102653.5557458,
        1753102653.5657277,
        1753102653.5758185
    ],
    "set_target_data": [
        {
            "head": [
                [
                    0.9937142669732432,
                    -0.11097626958740532,
                    0.014704529992262797,
                    -0.00399323705239653
                ],
                [
                    0.11130948891836163,
                    0.9934910109367816,
                    -0.0242034886854061,
                    -0.001984968761345061
                ],
                [
                    -0.011922805482056053,
                    0.025688105735437002,
                    0.9995989035273908,
                    0.014941805916438677
                ],
                [
                    0.0,
                    0.0,
                    0.0,
                    1.0
                ]
            ],
            "antennas": [
                0.20050236524771245,
                -0.4086603085162585
            ],
            "body_yaw": -0.12100764834658437,
            "check_collision": false
        },
        {
            "head": [
                [
                    0.9937050911004722,
                    -0.1110294720975747,
                    0.014921402304620452,
                    -0.003966826806644401
                ],
                [
                    0.11136940337322339,
                    0.9934819852066568,
                    -0.02429816993382013,
                    -0.001964305896704246
                ],
                [
                    -0.012126331402972297,
                    0.025807002839818908,
                    0.9995933926808096,
                    0.014954501207997017
                ],
                [
                    0.0,
                    0.0,
                    0.0,
                    1.0
                ]
            ],
            "antennas": [
                0.20050236524771245,
                -0.4086603085162585
            ],
            "body_yaw": -0.12100764834658437,
            "check_collision": false
        },
        {
            "head": [
                [
                    0.9937023203179138,
                    -0.11100818257716469,
                    0.015260471673865234,
                    -0.0037363475067617546
                ],
                [
                    0.11135763888635855,
                    0.9934818071100104,
                    -0.02435929397751968,
                    -0.002299466993690856
                ],
                [
                    -0.012456920022595427,
                    0.02590525704066128,
                    0.9995867860277104,
                    0.014839562830438857
                ],
                [
                    0.0,
                    0.0,
                    0.0,
                    1.0
                ]
            ],
            "antennas": [
                0.20050236524771245,
                -0.4086603085162585
            ],
            "body_yaw": -0.12100764834658437,
            "check_collision": false
        },
        {
            "head": [
                [
                    0.9937194261876569,
                    -0.11083819795658362,
                    0.015381673868964255,
                    -0.0037003610866839405
                ],
                [
                    0.11118937884836333,
                    0.9935034769426545,
                    -0.024243830847692407,
                    -0.0022927470550725944
                ],
                [
                    -0.0125946039472915,
                    0.02580184444169775,
                    0.9995877354063611,
                    0.014832486213234186
                ],
                [
                    0.0,
                    0.0,
                    0.0,
                    1.0
                ]
            ],
            "antennas": [
                0.20050236524771245,
                -0.4086603085162585
            ],
            "body_yaw": -0.12100764834658437,
            "check_collision": false
        },
        {
            "head": [
                [
                    0.9937356205686383,
                    -0.11070479076949817,
                    0.01529593781843532,
                    -0.0037282913271392388
                ],
                [
                    0.11105243951509618,
                    0.9935214159367411,
                    -0.02413610889930582,
                    -0.002246846191540584
                ],
                [
                    -0.012524858913764732,
                    0.02568356236457236,
                    0.9995916578950905,
                    0.014819304074243145
                ],
                [
                    0.0,
                    0.0,
                    0.0,
                    1.0
                ]
            ],
            "antennas": [
                0.20050236524771245,
                -0.4086603085162585
            ],
            "body_yaw": -0.12100764834658437,
            "check_collision": false
        },
        {
            "head": [
                [
                    0.9937349539109647,
                    -0.1106589815717414,
                    0.015666243106695395,
                    -0.0037025336256352507
                ],
                [
                    0.11101665706364033,
                    0.9935244783373826,
                    -0.024174631307344707,
                    -0.002241366512473035
                ],
                [
                    -0.012889655929743058,
                    0.025762390066470374,
                    0.9995849918981756,
                    0.014811348423224957
                ],
                [
                    0.0,
                    0.0,
                    0.0,
                    1.0
                ]
            ],
            "antennas": [
                0.20050236524771245,
                -0.4086603085162585
            ],
            "body_yaw": -0.12100764834658437,
            "check_collision": false
        },
        {
            "head": [
                [
                    0.9937420948637765,
                    -0.11051416558610061,
                    0.016225538529146332,
                    -0.003668053605388936
                ],
                [
                    0.1108857757287725,
                    0.9935400412851148,
                    -0.024135681142257327,
                    -0.0022358376095280765
                ],
                [
                    -0.013453387557832515,
                    0.02578382376569242,
                    0.9995770109377458,
                    0.014799779417124737
                ],
                [
                    0.0,
                    0.0,
                    0.0,
                    1.0
                ]
            ],
            "antennas": [
                0.20050236524771245,
                -0.4086603085162585
            ],
            "body_yaw": -0.12100764834658437,
            "check_collision": false
        },
        {
            "head": [
                [
                    0.9937402055700002,
                    -0.11045315312565059,
                    0.016748277472477046,
                    -0.0036395823216717974
                ],
                [
                    0.11083988858596687,
                    0.9935423439139316,
                    -0.024251390645923986,
                    -0.0022257589872960995
                ],
                [
                    -0.013961480292001529,
                    0.025955959134895103,
                    0.9995655882699461,
                    0.014791222286141714
                ],
                [
                    0.0,
                    0.0,
                    0.0,
                    1.0
                ]
            ],
            "antennas": [
                0.20050236524771245,
                -0.4086603085162585
            ],
            "body_yaw": -0.12100764834658437,
            "check_collision": false
        },
        {
            "head": [
                [
                    0.9937456729796154,
                    -0.11036892297595642,
                    0.016977581553890946,
                    -0.0036725024663693865
                ],
                [
                    0.11076220436236565,
                    0.9935500207435056,
                    -0.024291775673453198,
                    -0.0020435571841401646
                ],
                [
                    -0.014187019386790338,
                    0.026020321322136393,
                    0.9995607392045828,
                    0.014725422921019526
                ],
                [
                    0.0,
                    0.0,
                    0.0,
                    1.0
                ]
            ],
            "antennas": [
                0.20050236524771245,
                -0.4086603085162585
            ],
            "body_yaw": -0.12100764834658437,
            "check_collision": false
        },
        {
            "head": [
                [
                    0.9937351785273483,
                    -0.11039250634798392,
                    0.01743242666495949,
                    -0.0036641181402063115
                ],
                [
                    0.1108014135306982,
                    0.9935392972850352,
                    -0.024550183501499998,
                    -0.0020217198063038734
                ],
                [
                    -0.014609644650643258,
                    0.02632791850049001,
                    0.9995465967080339,
                    0.01473092172585544
                ],
                [
                    0.0,
                    0.0,
                    0.0,
                    1.0
                ]
            ],
            "antennas": [
                0.20050236524771245,
                -0.4086603085162585
            ],
            "body_yaw": -0.12100764834658437,
            "check_collision": false
        },
        {
            "head": [
                [
                    0.99373383780796,
                    -0.11033328479793107,
                    0.01787808326308092,
                    -0.003662424903406025
                ],
                [
                    0.11075648493862851,
                    0.9935401319250815,
                    -0.024718561817606854,
                    -0.001996333248932042
                ],
                [
                    -0.01503531308295173,
                    0.026543784959762732,
                    0.9995345751100896,
                    0.014736321141162745
                ],
                [
                    0.0,
                    0.0,
                    0.0,
                    1.0
                ]
            ],
            "antennas": [
                0.20050236524771245,
                -0.4086603085162585
            ],
            "body_yaw": -0.12100764834658437,
            "check_collision": false
        },
        {
            "head": [
                [
                    0.9937538896370544,
                    -0.11013672885791743,
                    0.01797519923959674,
                    -0.0036693217850042223
                ],
                [
                    0.11056114907544164,
                    0.9935641777824928,
                    -0.02462634651176183,
                    -0.0019685904669799453
                ],
                [
                    -0.015147248804439389,
                    0.02645988631640304,
                    0.9995351095733356,
                    0.014747060242242926
                ],
                [
                    0.0,
                    0.0,
                    0.0,
                    1.0
                ]
            ],
            "antennas": [
                0.20050236524771245,
                -0.4086603085162585
            ],
            "body_yaw": -0.12100764834658437,
            "check_collision": false
        },
        {
            "head": [
                [
                    0.9937763569592815,
                    -0.10993183533150568,
                    0.017987326910509856,
                    -0.0036942619249574855
                ],
                [
                    0.1103572103013118,
                    0.993585877926807,
                    -0.024665549232247307,
                    -0.001956287838806999
                ],
                [
                    -0.015160424903374858,
                    0.02649707087704411,
                    0.9995339247627797,
                    0.014585392579105627
                ],
                [
                    0.0,
                    0.0,
                    0.0,
                    1.0
                ]
            ],
            "antennas": [
                0.20050236524771245,
                -0.4086603085162585
            ],
            "body_yaw": -0.12100764834658437,
            "check_collision": false
        },
        {
            "head": [
                [
                    0.9937762021407179,
                    -0.10988630353970004,
                    0.018271845915265282,
                    -0.003693441346367163
                ],
                [
                    0.11031944550574001,
                    0.9935897294439796,
                    -0.024679333190845164,
                    -0.0019425332297868646
                ],
                [
                    -0.015442797741223917,
                    0.026541473919501866,
                    0.999528423888037,
                    0.014580798308371334
                ],
                [
                    0.0,
                    0.0,
                    0.0,
                    1.0
                ]
            ],
            "antennas": [
                0.20050236524771245,
                -0.4086603085162585
            ],
            "body_yaw": -0.12100764834658437,
            "check_collision": false
        },
        {
            "head": [
                [
                    0.9937804682323552,
                    -0.10976825834178182,
                    0.018743276674370386,
                    -0.0036477105827982725
                ],
                [
                    0.1102114889187714,
                    0.993605535218257,
                    -0.024524846461248473,
                    -0.0018480028471153376
                ],
                [
                    -0.015931373769630813,
                    0.026438037829084972,
                    0.9995234972153278,
                    0.01446894574836477
                ],
                [
                    0.0,
                    0.0,
                    0.0,
                    1.0
                ]
            ],
            "antennas": [
                0.20050236524771245,
                -0.4086603085162585
            ],
            "body_yaw": -0.12100764834658437,
            "check_collision": false
        },
        {
            "head": [
                [
                    0.9937895756108178,
                    -0.10961383037440918,
                    0.019159530211382815,
                    -0.003649325009932263
                ],
                [
                    0.11006710641026941,
                    0.9936230442137921,
                    -0.02446381192265376,
                    -0.001830552351681395
                ],
                [
                    -0.016355778603939095,
                    0.02642071531898399,
                    0.9995171005582106,
                    0.01446026107971854
                ],
                [
                    0.0,
                    0.0,
                    0.0,
                    1.0
                ]
            ],
            "antennas": [
                0.20050236524771245,
                -0.4086603085162585
            ],
            "body_yaw": -0.12100764834658437,
            "check_collision": false
        },
        {
            "head": [
                [
                    0.9938070520461222,
                    -0.10942632609390003,
                    0.019324141921136174,
                    -0.0036128998130115753
                ],
                [
                    0.10988616213834972,
                    0.9936398190741735,
                    -0.02459555489816221,
                    -0.0020443894117556606
                ],
                [
                    -0.01650983567153468,
                    0.02656669169911159,
                    0.9995106984011046,
                    0.014585726437627677
                ],
                [
                    0.0,
                    0.0,
                    0.0,
                    1.0
                ]
            ],
            "antennas": [
                0.20050236524771245,
                -0.4086603085162585
            ],
            "body_yaw": -0.12100764834658437,
            "check_collision": false
        },
        {
            "head": [
                [
                    0.9938207933889052,
                    -0.1092596124129027,
                    0.019559338517171624,
                    -0.0036161436441451643
                ],
                [
                    0.10972673739417628,
                    0.9936559455794316,
                    -0.024655727843143092,
                    -0.002030228101048228
                ],
                [
                    -0.016741377741288543,
                    0.026649557407730874,
                    0.9995046409903736,
                    0.014592071072566215
                ],
                [
                    0.0,
                    0.0,
                    0.0,
                    1.0
                ]
            ],
            "antennas": [
                0.20050236524771245,
                -0.4086603085162585
            ],
            "body_yaw": -0.12100764834658437,
            "check_collision": false
        },
        {
            "head": [
                [
                    0.993840110972414,
                    -0.10900889397837338,
                    0.01997235228888765,
                    -0.0036148122644343327
                ],
                [
                    0.1094860554916626,
                    0.9936839704311727,
                    -0.024596149312784376,
                    -0.0018341317946812567
                ],
                [
                    -0.017165007288558444,
                    0.02663133383351188,
                    0.9994979412600267,
                    0.014440493120456144
                ],
                [
                    0.0,
                    0.0,
                    0.0,
                    1.0
                ]
            ],
            "antennas": [
                0.20050236524771245,
                -0.4086603085162585
            ],
            "body_yaw": -0.12100764834658437,
            "check_collision": false
        },
        {
            "head": [
                [
                    0.9938546959736798,
                    -0.10876233964809358,
                    0.0205814665497204,
                    -0.003611743506130057
                ],
                [
                    0.10925578735242235,
                    0.9937093113824209,
                    -0.024596288376037122,
                    -0.0018059541465738158
                ],
                [
                    -0.017776845081925986,
                    0.026693781038804574,
                    0.9994855806027346,
                    0.014424539192211316
                ],
                [
                    0.0,
                    0.0,
                    0.0,
                    1.0
                ]
            ],
            "antennas": [
                0.20050236524771245,
                -0.4086603085162585
            ],
            "body_yaw": -0.12100764834658437,
            "check_collision": false
        },
        {
            "head": [
                [
                    0.9938850697067179,
                    -0.10843161976711976,
                    0.020857901350599683,
                    -0.0036672310957166546
                ],
                [
                    0.1089322733556709,
                    0.9937451382472565,
                    -0.024583735100804756,
                    -0.0016852457523472896
                ],
                [
                    -0.01806178384429326,
                    0.026705505885863963,
                    0.9994801588424566,
                    0.014298724016738373
                ],
                [
                    0.0,
                    0.0,
                    0.0,
                    1.0
                ]
            ],
            "antennas": [
                0.20050236524771245,
                -0.4086603085162585
            ],
            "body_yaw": -0.12100764834658437,
            "check_collision": false
        },
        {
            "head": [
                [
                    0.9939066989810084,
                    -0.10812200031673302,
                    0.02142677689675159,
                    -0.0036756294322699452
                ],
                [
                    0.10863752422360148,
                    0.9937779152528831,
                    -0.024563051239608957,
                    -0.0016464566868318407
                ],
                [
                    -0.01863765144113351,
                    0.026741133168615667,
                    0.9994686336977349,
                    0.014276863700215747
                ],
                [
                    0.0,
                    0.0,
                    0.0,
                    1.0
                ]
            ],
            "antennas": [
                0.20050236524771245,
                -0.4086603085162585
            ],
            "body_yaw": -0.12100764834658437,
            "check_collision": false
        },
        {
            "head": [
                [
                    0.993912968600449,
                    -0.10789608759346644,
                    0.022258596763192244,
                    -0.0035964721905332605
                ],
                [
                    0.10843350608679095,
                    0.9938007317590162,
                    -0.024541399979836287,
                    -0.0015857110272059034
                ],
                [
                    -0.019472688709298608,
                    0.02680559339517511,
                    0.9994509865707091,
                    0.014240988802202925
                ],
                [
                    0.0,
                    0.0,
                    0.0,
                    1.0
                ]
            ],
            "antennas": [
                0.20050236524771245,
                -0.4086603085162585
            ],
            "body_yaw": -0.12100764834658437,
            "check_collision": false
        },
        {
            "head": [
                [
                    0.9939197827306252,
                    -0.10770617991081258,
                    0.022865788981064686,
                    -0.003595034036067279
                ],
                [
                    0.10826022773033295,
                    0.9938192457638423,
                    -0.024556665921173372,
                    -0.001542930017086678
                ],
                [
                    -0.02007955648124126,
                    0.026882811579284988,
                    0.9994369043882206,
                    0.014220209372648562
                ],
                [
                    0.0,
                    0.0,
                    0.0,
                    1.0
                ]
            ],
            "antennas": [
                0.20050236524771245,
                -0.4086603085162585
            ],
            "body_yaw": -0.12100764834658437,
            "check_collision": false
        },
        {
            "head": [
                [
                    0.9939219685681181,
                    -0.1076308855367282,
                    0.0231238594584947,
                    -0.0035412339710511674
                ],
                [
                    0.10819199498902779,
                    0.993826542766391,
                    -0.02456206655183086,
                    -0.001464892640861963
                ],
                [
                    -0.020337468327466097,
                    0.026914594025957306,
                    0.9994308340302729,
                    0.014162257072059646
                ],
                [
                    0.0,
                    0.0,
                    0.0,
                    1.0
                ]
            ],
            "antennas": [
                0.20050236524771245,
                -0.4086603085162585
            ],
            "body_yaw": -0.12100764834658437,
            "check_collision": false
        },
        {
            "head": [
                [
                    0.9939095481611513,
                    -0.10769292318996497,
                    0.023367592278557142,
                    -0.0035468161227730074
                ],
                [
                    0.10826144535856734,
                    0.9938179559553995,
                    -0.02460345238998343,
                    -0.0014259960566874834
                ],
                [
                    -0.020573515085432384,
                    0.026983415562759117,
                    0.9994241470775045,
                    0.01414835684801363
                ],
                [
                    0.0,
                    0.0,
                    0.0,
                    1.0
                ]
            ],
            "antennas": [
                0.20050236524771245,
                -0.4086603085162585
            ],
            "body_yaw": -0.12100764834658437,
            "check_collision": false
        },
        {
            "head": [
                [
                    0.9939039377853142,
                    -0.10764351008369866,
                    0.023829334688733026,
                    -0.003514743353412133
                ],
                [
                    0.10822423490184624,
                    0.9938223362946366,
                    -0.024590218823364228,
                    -0.001559355227225244
                ],
                [
                    -0.02103514760483031,
                    0.02701922683445241,
                    0.9994135700231972,
                    0.014221858075155858
                ],
                [
                    0.0,
                    0.0,
                    0.0,
                    1.0
                ]
            ],
            "antennas": [
                0.20050236524771245,
                -0.4086603085162585
            ],
            "body_yaw": -0.12100764834658437,
            "check_collision": false
        },
        {
            "head": [
                [
                    0.9938934435460572,
                    -0.1076915778684038,
                    0.024048844720148024,
                    -0.0035106377160391625
                ],
                [
                    0.108276099290954,
                    0.9938191671111063,
                    -0.02448978164301404,
                    -0.0015349639155334462
                ],
                [
                    -0.021262859602972986,
                    0.026944148507617727,
                    0.9994107782402107,
                    0.014202651099709862
                ],
                [
                    0.0,
                    0.0,
                    0.0,
                    1.0
                ]
            ],
            "antennas": [
                0.20050236524771245,
                -0.4086603085162585
            ],
            "body_yaw": -0.12100764834658437,
            "check_collision": false
        },
        {
            "head": [
                [
                    0.9938926368388596,
                    -0.10765898194130002,
                    0.0242274646808476,
                    -0.0034634392334764526
                ],
                [
                    0.10824902973014672,
                    0.9938213032030163,
                    -0.02452274173783043,
                    -0.001357827870321223
                ],
                [
                    -0.021437677112520762,
                    0.026995571992853795,
