{
    "description": "TODO: Add a description of the recording. You can add as much as you want, even if the wording is not perfect.",
    "time": [
        1753102873.026921,
        1753102873.0368724,
        1753102873.0470228,
        1753102873.057095,
        1753102873.067087,
        1753102873.0770922,
        1753102873.0871239,
        1753102873.0971563,
        1753102873.1071966,
        1753102873.117236,
        1753102873.1272945,
        1753102873.137287,
        1753102873.1474245,
        1753102873.1574981,
        1753102873.1675355,
        1753102873.1776133,
        1753102873.187657,
        1753102873.1977735,
        1753102873.2077968,
        1753102873.2180636,
        1753102873.2279098,
        1753102873.2378786,
        1753102873.2480283,
        1753102873.2581553,
        1753102873.268155,
        1753102873.2782476,
        1753102873.2883391,
        1753102873.2983449,
        1753102873.3084314,
        1753102873.318644,
        1753102873.328573,
        1753102873.3385694,
        1753102873.3486705,
        1753102873.358796,
        1753102873.368805,
        1753102873.3789806,
        1753102873.3889744,
        1753102873.3990622,
        1753102873.4091146,
        1753102873.4191473,
        1753102873.4292035,
        1753102873.4392092,
        1753102873.4493077,
        1753102873.4594138,
        1753102873.4694016,
        1753102873.4795074,
        1753102873.4898808,
        1753102873.5001202,
        1753102873.5100248,
        1753102873.5201018,
        1753102873.5304158,
        1753102873.5402808,
        1753102873.5503597,
        1753102873.5604475,
        1753102873.5704672,
        1753102873.580667,
        1753102873.5905826,
        1753102873.6007252,
        1753102873.610759,
        1753102873.6210008,
        1753102873.6310916,
        1753102873.641113,
        1753102873.6513038,
        1753102873.6612768,
        1753102873.6712282,
        1753102873.681385,
        1753102873.691407,
        1753102873.7014706,
        1753102873.7115088,
        1753102873.7215927,
        1753102873.7316625,
        1753102873.7416735,
        1753102873.7518244,
        1753102873.761913,
        1753102873.7718887,
        1753102873.7819595,
        1753102873.792106,
        1753102873.8020828,
        1753102873.8121302,
        1753102873.8222258,
        1753102873.8322504,
        1753102873.8422928,
        1753102873.8524318,
        1753102873.8625112,
        1753102873.8724966,
        1753102873.882715,
        1753102873.8928003,
        1753102873.9027963,
        1753102873.9128816,
        1753102873.9229019,
        1753102873.9329493,
        1753102873.9430294,
        1753102873.9530602,
        1753102873.9631228,
        1753102873.9731293,
        1753102873.9832013,
        1753102873.9933136,
        1753102874.003254,
        1753102874.0134385,
        1753102874.0234601,
        1753102874.0335064,
        1753102874.0435772,
        1753102874.0536704,
        1753102874.0637233,
        1753102874.0737054,
        1753102874.0838265,
        1753102874.0938802,
        1753102874.1038988,
        1753102874.1140592,
        1753102874.1240373,
        1753102874.1340752,
        1753102874.1441307,
        1753102874.1541839,
        1753102874.164241,
        1753102874.1742692,
        1753102874.1843994,
        1753102874.1944501,
        1753102874.2045054,
        1753102874.2145584,
        1753102874.2246904,
        1753102874.234633,
        1753102874.2447352,
        1753102874.2548292,
        1753102874.2649214,
        1753102874.2749045,
        1753102874.2849972,
        1753102874.2951205,
        1753102874.3051417,
        1753102874.3152645,
        1753102874.3253276,
        1753102874.3353844,
        1753102874.3453581,
        1753102874.3554492,
        1753102874.3655016,
        1753102874.3755555,
        1753102874.3856518,
        1753102874.3957005,
        1753102874.405728,
        1753102874.415841,
        1753102874.4259245,
        1753102874.4360464,
        1753102874.4460976,
        1753102874.456095,
        1753102874.4661486,
        1753102874.476176,
        1753102874.4865284,
        1753102874.4965625,
        1753102874.5063906,
        1753102874.5165856,
        1753102874.5267751,
        1753102874.5368826,
        1753102874.5472806,
        1753102874.557252,
        1753102874.5673234,
        1753102874.5773597,
        1753102874.587374,
        1753102874.5973845,
        1753102874.6074264,
        1753102874.6175215,
        1753102874.6275988,
        1753102874.6375806,
        1753102874.6476433,
        1753102874.6577995,
        1753102874.6678607,
        1753102874.6778927,
        1753102874.6879613,
        1753102874.6980379,
        1753102874.708034,
        1753102874.718159,
        1753102874.728145,
        1753102874.738203,
        1753102874.748232,
        1753102874.758352,
        1753102874.7683525,
        1753102874.7784002,
        1753102874.7884977,
        1753102874.7985458,
        1753102874.8086689,
        1753102874.8187072,
        1753102874.8288453,
        1753102874.8388157,
        1753102874.8489323,
        1753102874.859068,
        1753102874.869006,
        1753102874.8790798,
        1753102874.8891947,
        1753102874.8991807,
        1753102874.909237,
        1753102874.919295,
        1753102874.92949,
        1753102874.9394133,
        1753102874.9494994,
        1753102874.9595869,
        1753102874.9695807,
        1753102874.9797273,
        1753102874.9897788,
        1753102874.9997928,
        1753102875.0098314,
        1753102875.0199256,
        1753102875.0299761,
        1753102875.040035,
        1753102875.0500474,
        1753102875.0601857,
        1753102875.070166,
        1753102875.0802352,
        1753102875.0902941,
        1753102875.1003575,
        1753102875.110475,
        1753102875.1205127,
        1753102875.1305518,
        1753102875.1406355,
        1753102875.1508417,
        1753102875.160743,
        1753102875.1707435,
        1753102875.1808784,
        1753102875.1908562,
        1753102875.2009192,
        1753102875.2110085,
        1753102875.221099,
        1753102875.2311392,
        1753102875.2411122,
        1753102875.251267,
        1753102875.2613118,
        1753102875.2714422,
        1753102875.2816272,
        1753102875.2915277,
        1753102875.3015754,
        1753102875.3115711,
        1753102875.3216395,
        1753102875.33173,
        1753102875.3417623,
        1753102875.3518436,
        1753102875.3619697,
        1753102875.3719673,
        1753102875.3820543,
        1753102875.3922405,
        1753102875.4021316,
        1753102875.4123285,
        1753102875.422425,
        1753102875.432331,
        1753102875.4423566,
        1753102875.4524755,
        1753102875.4624975,
        1753102875.472526,
        1753102875.4826918,
        1753102875.4928591,
        1753102875.502766,
        1753102875.5128481,
        1753102875.5229208,
        1753102875.53301,
        1753102875.5431035,
        1753102875.553139,
        1753102875.5631173,
        1753102875.573226,
        1753102875.5834348,
        1753102875.5932791,
        1753102875.6032646,
        1753102875.6138508,
        1753102875.6234365,
        1753102875.6334388,
        1753102875.6436195,
        1753102875.653628,
        1753102875.663622,
        1753102875.673656,
        1753102875.6837656,
        1753102875.6938496,
        1753102875.7038405,
        1753102875.7139723,
        1753102875.7241054,
        1753102875.73405,
        1753102875.744056,
        1753102875.7541873,
        1753102875.764236,
        1753102875.77425,
        1753102875.7843232,
        1753102875.794375,
        1753102875.8043714,
        1753102875.8145478,
        1753102875.8245711,
        1753102875.8346066,
        1753102875.8447132,
        1753102875.8547568,
        1753102875.8648412,
        1753102875.874834,
        1753102875.8850114,
        1753102875.8950512,
        1753102875.9050744,
        1753102875.915078,
        1753102875.925204,
        1753102875.9352884,
        1753102875.9452612,
        1753102875.955315,
        1753102875.9653943,
        1753102875.975435,
        1753102875.9855385,
        1753102875.9956062,
        1753102876.005625,
        1753102876.01567,
        1753102876.0257685,
        1753102876.0358503,
        1753102876.0459006,
        1753102876.056536,
        1753102876.0660222,
        1753102876.0760868,
        1753102876.086236,
        1753102876.0962238,
        1753102876.1063,
        1753102876.1163208,
        1753102876.1264157,
        1753102876.1364279,
        1753102876.1465266,
        1753102876.156665,
        1753102876.1667714,
        1753102876.1767735,
        1753102876.1867874,
        1753102876.196911,
        1753102876.2068846,
        1753102876.2170248,
        1753102876.2270625,
        1753102876.2371438,
        1753102876.2471285,
        1753102876.2572067,
        1753102876.2672415,
        1753102876.2773783,
        1753102876.2873933,
        1753102876.2974672,
        1753102876.3075004,
        1753102876.3176358,
        1753102876.3277156,
        1753102876.3377256,
        1753102876.3477848,
        1753102876.3579912,
        1753102876.3678603,
        1753102876.378022,
        1753102876.388017,
        1753102876.3980453,
        1753102876.4081044,
        1753102876.4182355,
        1753102876.428335,
        1753102876.438317,
        1753102876.4483628,
        1753102876.4585376,
        1753102876.4684405,
        1753102876.478579,
        1753102876.4888422,
        1753102876.4988585,
        1753102876.5087268,
        1753102876.5189087,
        1753102876.5290396,
        1753102876.5392137,
        1753102876.5492396,
        1753102876.5594282,
        1753102876.5694196,
        1753102876.579485,
        1753102876.589497,
        1753102876.5995636,
        1753102876.6096168,
        1753102876.6197023,
        1753102876.6298168,
        1753102876.639796,
        1753102876.6499183,
        1753102876.6600702,
        1753102876.6699681,
        1753102876.6800668,
        1753102876.6900706,
        1753102876.7001128,
        1753102876.7101517,
        1753102876.720237,
        1753102876.730335,
        1753102876.7403193,
        1753102876.7504501,
        1753102876.7604752,
        1753102876.770477,
        1753102876.780665,
        1753102876.7907095,
        1753102876.8008122,
        1753102876.8107998,
        1753102876.8209448,
        1753102876.8309872,
        1753102876.8409414,
        1753102876.851045,
        1753102876.8611047,
        1753102876.871132,
        1753102876.8812408,
        1753102876.8912463,
        1753102876.9012966,
        1753102876.9113495,
        1753102876.9214492,
        1753102876.931587,
        1753102876.9416494,
        1753102876.9516437,
        1753102876.9617107,
        1753102876.9717994,
        1753102876.981814,
        1753102876.9919248,
        1753102877.0019724,
        1753102877.0120015,
        1753102877.0221004,
        1753102877.032096,
        1753102877.0421436,
        1753102877.052233,
        1753102877.0623062,
        1753102877.0722883,
        1753102877.082449,
        1753102877.092504,
        1753102877.1025746,
        1753102877.1127205,
        1753102877.122744,
        1753102877.1327605,
        1753102877.1428025,
        1753102877.1529236,
        1753102877.1629171,
        1753102877.1729622,
        1753102877.183073,
        1753102877.1931527,
        1753102877.2031465,
        1753102877.2132356,
        1753102877.2232513,
        1753102877.2333405,
        1753102877.2433827,
        1753102877.2534664,
        1753102877.2635167,
        1753102877.273524,
        1753102877.2837842,
        1753102877.2937005,
        1753102877.3037279,
        1753102877.3138108,
        1753102877.3239338,
        1753102877.333929,
        1753102877.3439958,
        1753102877.354058,
        1753102877.3640876,
        1753102877.3741527,
        1753102877.3843608,
        1753102877.3942583,
        1753102877.404292,
        1753102877.4143958,
        1753102877.4244716,
        1753102877.4345686,
        1753102877.4445543,
        1753102877.4546747,
        1753102877.464677,
        1753102877.4746988,
        1753102877.4849374,
        1753102877.4949856,
        1753102877.5049353,
        1753102877.515069,
        1753102877.52514,
        1753102877.5351503,
        1753102877.5452204,
        1753102877.555303
    ],
    "set_target_data": [
        {
            "head": [
                [
                    0.9956999976129078,
                    -0.09177174868664419,
                    -0.012627782728979648,
                    -0.015094388841089277
                ],
                [
                    0.09128483176270653,
                    0.9952143426649384,
                    -0.03486390173300689,
                    -0.0011294504102593392
                ],
                [
                    0.01576687171601451,
                    0.0335612618503807,
                    0.9993122872552407,
                    0.005492672057526789
                ],
                [
                    0.0,
                    0.0,
                    0.0,
                    1.0
                ]
            ],
            "antennas": [
                -0.09849821670178814,
                0.09851437634150041
            ],
            "body_yaw": -0.14772788924845118,
            "check_collision": false
        },
        {
            "head": [
                [
                    0.9955394327494487,
                    -0.09334218474946625,
                    -0.013728597419351988,
                    -0.015136944015597622
                ],
                [
                    0.09281532459917334,
                    0.995067986832944,
                    -0.03500024428175093,
                    -0.001055225820422159
                ],
                [
                    0.016927887064138177,
                    0.03356989911257792,
                    0.9992930043351226,
                    0.00568715281241949
                ],
                [
                    0.0,
                    0.0,
                    0.0,
                    1.0
                ]
            ],
            "antennas": [
                -0.09849821670178814,
                0.09851437634150041
            ],
            "body_yaw": -0.14772788924845118,
            "check_collision": false
        },
        {
            "head": [
                [
                    0.9953966064721188,
                    -0.0945956722225381,
                    -0.015403071789623935,
                    -0.015185811662405612
                ],
                [
                    0.09401685423359156,
                    0.9949640101615217,
                    -0.03474837554941704,
                    -0.0009813255239969221
                ],
                [
                    0.018612548020348344,
                    0.033140266747113845,
                    0.9992773868031443,
                    0.005904335305715654
                ],
                [
                    0.0,
                    0.0,
                    0.0,
                    1.0
                ]
            ],
            "antennas": [
                -0.09849821670178814,
                0.09851437634150041
            ],
            "body_yaw": -0.14772788924845118,
            "check_collision": false
        },
        {
            "head": [
                [
                    0.995264661751164,
                    -0.09559791767177986,
                    -0.017586676950494224,
                    -0.015143931975591053
                ],
                [
                    0.09493899263836364,
                    0.9948637304377874,
                    -0.03511047616057955,
                    -0.0009944013825559806
                ],
                [
                    0.020852835446389006,
                    0.033274554786345265,
                    0.9992286841647495,
                    0.0061298605274593375
                ],
                [
                    0.0,
                    0.0,
                    0.0,
                    1.0
                ]
            ],
            "antennas": [
                -0.09849821670178814,
                0.09851437634150041
            ],
            "body_yaw": -0.14772788924845118,
            "check_collision": false
        },
        {
            "head": [
                [
                    0.9951008328236327,
                    -0.09680234768672062,
                    -0.020090744039297347,
                    -0.015249443110375427
                ],
                [
                    0.09603753710384501,
                    0.9947240965365867,
                    -0.03606609538749362,
                    -0.0007443817221616088
                ],
                [
                    0.023476029918640447,
                    0.0339599359806736,
                    0.9991474359509953,
                    0.005922514333292713
                ],
                [
                    0.0,
                    0.0,
                    0.0,
                    1.0
                ]
            ],
            "antennas": [
                -0.09849821670178814,
                0.09851437634150041
            ],
            "body_yaw": -0.14772788924845118,
            "check_collision": false
        },
        {
            "head": [
                [
                    0.9949190007668052,
                    -0.09815537097921434,
                    -0.022398773652040706,
                    -0.015271700754194805
                ],
                [
                    0.09728472858718529,
                    0.9945642013215612,
                    -0.03711779941380303,
                    -0.0007160982891653758
                ],
                [
                    0.025920329799218187,
                    0.03475014528801903,
                    0.9990598400023704,
                    0.006108970271278765
                ],
                [
                    0.0,
                    0.0,
                    0.0,
                    1.0
                ]
            ],
            "antennas": [
                -0.09849821670178814,
                0.09851437634150041
            ],
            "body_yaw": -0.14772788924845118,
            "check_collision": false
        },
        {
            "head": [
                [
                    0.9947408926106888,
                    -0.09960036284094491,
                    -0.02388146331451095,
                    -0.015265902046029069
                ],
                [
                    0.09864346225096339,
                    0.9943830054934422,
                    -0.038365423768958844,
                    -0.0008713386654641154
                ],
                [
                    0.027568531394199694,
                    0.03580790566035872,
                    0.998978363113529,
                    0.006107172308688732
                ],
                [
                    0.0,
                    0.0,
                    0.0,
                    1.0
                ]
            ],
            "antennas": [
                -0.09849821670178814,
                0.09851437634150041
            ],
            "body_yaw": -0.14772788924845118,
            "check_collision": false
        },
        {
            "head": [
                [
                    0.9946043861296213,
                    -0.10071128082914653,
                    -0.02488680384202207,
                    -0.015266549002673569
                ],
                [
                    0.09968220619576294,
                    0.9942304549969602,
                    -0.03961388802531551,
                    -0.0008888030663862321
                ],
                [
                    0.028732783708925624,
                    0.03691937526949256,
                    0.9989050940254763,
                    0.006222146504858857
                ],
                [
                    0.0,
                    0.0,
                    0.0,
                    1.0
                ]
            ],
            "antennas": [
                -0.09849821670178814,
                0.09851437634150041
            ],
            "body_yaw": -0.14772788924845118,
            "check_collision": false
        },
        {
            "head": [
                [
                    0.9944900761356601,
                    -0.10168489490857834,
                    -0.02548863698043991,
                    -0.015262474157387984
                ],
                [
                    0.10059753216428345,
                    0.994089202956929,
                    -0.04082637734252038,
                    -0.0009072811499117369
                ],
                [
                    0.02948940470991616,
                    0.03803733313324272,
                    0.9988410966204614,
                    0.006306750014055226
                ],
                [
                    0.0,
                    0.0,
                    0.0,
                    1.0
                ]
            ],
            "antennas": [
                -0.09849821670178814,
                0.09851437634150041
            ],
            "body_yaw": -0.14772788924845118,
            "check_collision": false
        },
        {
            "head": [
                [
                    0.9944165703624253,
                    -0.10230964871726578,
                    -0.025853826950397396,
                    -0.01529949506486169
                ],
                [
                    0.10115824743461885,
                    0.9939625852483082,
                    -0.04248985881897013,
                    -0.0010072828169252878
                ],
                [
                    0.030044859203994433,
                    0.03963729185816382,
                    0.9987623298510826,
                    0.006242541586770175
                ],
                [
                    0.0,
                    0.0,
                    0.0,
                    1.0
                ]
            ],
            "antennas": [
                -0.09849821670178814,
                0.09851437634150041
            ],
            "body_yaw": -0.14772788924845118,
            "check_collision": false
        },
        {
            "head": [
                [
                    0.994327851950025,
                    -0.10310860281952801,
                    -0.02609097278856967,
                    -0.01537517595559665
                ],
                [
                    0.10191093261870322,
                    0.9938336510866238,
                    -0.04369022522964471,
                    -0.0010452494018304889
                ],
                [
                    0.0304349248271651,
                    0.04078345243399307,
                    0.9987043733549629,
                    0.006327432768304383
                ],
                [
                    0.0,
                    0.0,
                    0.0,
                    1.0
                ]
            ],
            "antennas": [
                -0.09849821670178814,
                0.09851437634150041
            ],
            "body_yaw": -0.14772788924845118,
            "check_collision": false
        },
        {
            "head": [
                [
                    0.9942423238434892,
                    -0.1039664415859177,
                    -0.02594572223431566,
                    -0.015414449121747104
                ],
                [
                    0.10275338351530003,
                    0.9937164571127947,
                    -0.04437730320054235,
                    -0.0010362151044777026
                ],
                [
                    0.03039644147685657,
                    0.04145578231269026,
                    0.9986778632063428,
                    0.006379580992161512
                ],
                [
                    0.0,
                    0.0,
                    0.0,
                    1.0
                ]
            ],
            "antennas": [
                -0.09849821670178814,
                0.09851437634150041
            ],
            "body_yaw": -0.14772788924845118,
            "check_collision": false
        },
        {
            "head": [
                [
                    0.9941537233405456,
                    -0.10463809282910373,
                    -0.02663163339372499,
                    -0.015553138445832506
                ],
                [
                    0.10337812890085533,
                    0.993625515803218,
                    -0.04495883461286738,
                    -0.0007914676600392304
                ],
                [
                    0.031166277177231732,
                    0.04194286439761708,
                    0.9986337963903661,
                    0.0064472144674339
                ],
                [
                    0.0,
                    0.0,
                    0.0,
                    1.0
                ]
            ],
            "antennas": [
                -0.09849821670178814,
                0.09851437634150041
            ],
            "body_yaw": -0.14772788924845118,
            "check_collision": false
        },
        {
            "head": [
                [
                    0.9940611920446372,
                    -0.10530037544040867,
                    -0.027462290561864413,
                    -0.015613072537728223
                ],
                [
                    0.10400679778939019,
                    0.9935621004129886,
                    -0.0449103399734128,
                    -0.000717369221697033
                ],
                [
                    0.032014566753154554,
                    0.04178736118779933,
                    0.9986134807624862,
                    0.006514626706455303
                ],
                [
                    0.0,
                    0.0,
                    0.0,
                    1.0
                ]
            ],
            "antennas": [
                -0.09849821670178814,
                0.09851437634150041
            ],
            "body_yaw": -0.14772788924845118,
            "check_collision": false
        },
        {
            "head": [
                [
                    0.9939549174171597,
                    -0.10604339528791269,
                    -0.028432735676654823,
                    -0.015663212345561756
                ],
                [
                    0.1047158047132865,
                    0.9934970102740328,
                    -0.04470224625012732,
                    -0.0004452782001242144
                ],
                [
                    0.03298821585802826,
                    0.04145466068332576,
                    0.9985956582732243,
                    0.00662792714540161
                ],
                [
                    0.0,
                    0.0,
                    0.0,
                    1.0
                ]
            ],
            "antennas": [
                -0.09849821670178814,
                0.09851437634150041
            ],
            "body_yaw": -0.14772788924845118,
            "check_collision": false
        },
        {
            "head": [
                [
                    0.9938632422124721,
                    -0.10664350605491928,
                    -0.029377174731879,
                    -0.015703502296792307
                ],
                [
                    0.10528279094058264,
                    0.9934453759974916,
                    -0.04451762393663831,
                    -0.0003321732096444579
                ],
                [
                    0.03393213389509305,
                    0.041151519115541525,
                    0.9985765683030063,
                    0.006678502718122533
                ],
                [
                    0.0,
                    0.0,
                    0.0,
                    1.0
                ]
            ],
            "antennas": [
                -0.09849821670178814,
                0.09851437634150041
            ],
            "body_yaw": -0.14772788924845118,
            "check_collision": false
        },
        {
            "head": [
                [
                    0.9937952796023947,
                    -0.10708019230187922,
                    -0.030079472345622093,
                    -0.015746998526415756
                ],
                [
                    0.10569294662897537,
                    0.993405109797749,
                    -0.04444422190349463,
                    -0.00010803469601734957
                ],
                [
                    0.034640197356294665,
                    0.040989269868040745,
                    0.9985589298998844,
                    0.006735282180768461
                ],
                [
                    0.0,
                    0.0,
                    0.0,
                    1.0
                ]
            ],
            "antennas": [
                -0.09849821670178814,
                0.09851437634150041
            ],
            "body_yaw": -0.14772788924845118,
            "check_collision": false
        },
        {
            "head": [
                [
                    0.9937427667125769,
                    -0.10751281397318622,
                    -0.03027058701115344,
                    -0.01575872332167006
                ],
                [
                    0.10611719231720525,
                    0.9933594073973929,
                    -0.044454799851236286,
                    -1.8898133667729494e-06
                ],
                [
                    0.0348490330015918,
                    0.04096440609440414,
                    0.9985526838040076,
                    0.006749661270142756
                ],
                [
                    0.0,
                    0.0,
                    0.0,
                    1.0
                ]
            ],
            "antennas": [
                -0.09849821670178814,
                0.09851437634150041
            ],
            "body_yaw": -0.14772788924845118,
            "check_collision": false
        },
        {
            "head": [
                [
                    0.9936915071960221,
                    -0.10792439861069028,
                    -0.030487910899541684,
                    -0.015750937164459647
                ],
                [
                    0.10651393781531968,
                    0.9933095772929976,
                    -0.04461910699554728,
                    5.988542462623432e-05
                ],
                [
                    0.03509942417721082,
                    0.04109024023447317,
                    0.9985387436548974,
                    0.006798855417092572
                ],
                [
                    0.0,
                    0.0,
                    0.0,
                    1.0
                ]
            ],
            "antennas": [
                -0.09849821670178814,
                0.09851437634150041
            ],
            "body_yaw": -0.14772788924845118,
            "check_collision": false
        },
        {
            "head": [
                [
                    0.9936306176473747,
                    -0.10841575896664994,
                    -0.030728144776120177,
                    -0.01577955203424458
                ],
                [
                    0.1069819881377038,
                    0.9932424104543861,
                    -0.04499298043989928,
                    0.00014095686347670965
                ],
                [
                    0.03539844470878827,
                    0.04141904492436083,
                    0.9985146032130691,
                    0.006828110681215357
                ],
                [
                    0.0,
                    0.0,
                    0.0,
                    1.0
                ]
            ],
            "antennas": [
                -0.09849821670178814,
                0.09851437634150041
            ],
            "body_yaw": -0.14772788924845118,
            "check_collision": false
        },
        {
            "head": [
                [
                    0.9935563883594783,
                    -0.10899774173741925,
                    -0.031067594792841394,
                    -0.01582631382518486
                ],
                [
                    0.10753751922024948,
                    0.9931669821205042,
                    -0.04533241208676543,
                    0.00021184435930364336
                ],
                [
                    0.035796439907116506,
                    0.04169937555638813,
                    0.9984887465405824,
                    0.006877844101192295
                ],
                [
                    0.0,
                    0.0,
                    0.0,
                    1.0
                ]
            ],
            "antennas": [
                -0.09849821670178814,
                0.09851437634150041
            ],
            "body_yaw": -0.14772788924845118,
            "check_collision": false
        },
        {
            "head": [
                [
                    0.9934862532843529,
                    -0.10949649558868033,
                    -0.03155284438551294,
                    -0.015822602739453746
                ],
                [
                    0.10800186345609247,
                    0.9930989792336421,
                    -0.0457166811471406,
                    0.00017151106415062324
                ],
                [
                    0.03634091392672785,
                    0.04201112827449263,
                    0.9984560095848359,
                    0.006801909432748384
                ],
                [
                    0.0,
                    0.0,
                    0.0,
                    1.0
                ]
            ],
            "antennas": [
                -0.09849821670178814,
                0.09851437634150041
            ],
            "body_yaw": -0.14772788924845118,
            "check_collision": false
        },
        {
            "head": [
                [
                    0.9933972236066564,
                    -0.11024599892538832,
                    -0.03174548552990477,
                    -0.015803273763778464
                ],
                [
                    0.10872876753269721,
                    0.9930017248952686,
                    -0.04610454929658601,
                    5.698852134117076e-05
                ],
                [
                    0.03660616398104017,
                    0.04234848375047116,
                    0.9984320681361495,
                    0.0068474454600516675
                ],
                [
                    0.0,
                    0.0,
                    0.0,
                    1.0
                ]
            ],
            "antennas": [
                -0.09849821670178814,
                0.09851437634150041
            ],
            "body_yaw": -0.14772788924845118,
            "check_collision": false
        },
        {
            "head": [
                [
                    0.9933099493266498,
                    -0.11096630886848204,
                    -0.031965964161790754,
                    -0.015849878142054963
                ],
                [
                    0.10942566347402598,
                    0.9929077664081241,
                    -0.046477861178190756,
                    6.0009123425153535e-05
                ],
                [
                    0.03689673077601135,
                    0.04266902509472884,
                    0.9984077251080882,
                    0.006889751413660768
                ],
                [
                    0.0,
                    0.0,
                    0.0,
                    1.0
                ]
            ],
            "antennas": [
                -0.09849821670178814,
                0.09851437634150041
            ],
            "body_yaw": -0.14772788924845118,
            "check_collision": false
        },
        {
            "head": [
                [
                    0.9932242696249101,
                    -0.11167918376337074,
                    -0.03214514181041181,
                    -0.015897333363670475
                ],
                [
                    0.11010933193800612,
                    0.9928052485561678,
                    -0.04704969138572728,
                    7.038567203363107e-05
                ],
                [
                    0.037168336635235666,
                    0.04319141527286948,
                    0.9983751881925435,
                    0.006714291807259683
                ],
                [
                    0.0,
                    0.0,
                    0.0,
                    1.0
                ]
            ],
            "antennas": [
                -0.09849821670178814,
                0.09851437634150041
            ],
            "body_yaw": -0.14772788924845118,
            "check_collision": false
        },
        {
            "head": [
                [
                    0.9931243202540839,
                    -0.11243089163948226,
                    -0.03260949439986364,
                    -0.015935785269913343
                ],
                [
                    0.11083226665930974,
                    0.9927142272976771,
                    -0.047272313122327506,
                    7.64812442180119e-05
                ],
                [
                    0.037686777349932636,
                    0.043333099657498764,
                    0.9983496127544949,
                    0.006734421038621204
                ],
                [
                    0.0,
                    0.0,
                    0.0,
                    1.0
                ]
            ],
            "antennas": [
                -0.09849821670178814,
                0.09851437634150041
            ],
            "body_yaw": -0.14772788924845118,
            "check_collision": false
        },
        {
            "head": [
                [
                    0.9930400847081905,
                    -0.11301174550173125,
                    -0.03316226080051622,
                    -0.015980119382320426
                ],
                [
                    0.1113799755898414,
                    0.9926417784143365,
                    -0.04750579737283974,
                    7.588788681475549e-05
                ],
                [
                    0.03828695861982065,
                    0.04348154924878946,
                    0.99832032117681,
                    0.006755212460459844
                ],
                [
                    0.0,
                    0.0,
                    0.0,
                    1.0
                ]
            ],
            "antennas": [
                -0.09849821670178814,
                0.09851437634150041
            ],
            "body_yaw": -0.14772788924845118,
            "check_collision": false
        },
        {
            "head": [
                [
                    0.9929627455665886,
                    -0.11353365221157104,
                    -0.033691181819051993,
                    -0.01600049251456693
                ],
                [
                    0.11187585407789284,
                    0.99258254425222,
                    -0.04757821056042338,
