{
    "description": "A gesture used when someone compliments you, or you want to show you really like what’s being offered. Also usable when someone says goodbye or it was nice talking to you.",
    "time": [
        1753104424.4644268,
        1753104424.4744074,
        1753104424.4845579,
        1753104424.4947345,
        1753104424.504611,
        1753104424.5147638,
        1753104424.5247571,
        1753104424.5352948,
        1753104424.5453742,
        1753104424.5554504,
        1753104424.565549,
        1753104424.5756392,
        1753104424.585595,
        1753104424.5956588,
        1753104424.605627,
        1753104424.6158037,
        1753104424.6258855,
        1753104424.6358726,
        1753104424.6460156,
        1753104424.656019,
        1753104424.6660943,
        1753104424.6761663,
        1753104424.6863296,
        1753104424.6963768,
        1753104424.7063978,
        1753104424.7164564,
        1753104424.7265096,
        1753104424.7365208,
        1753104424.7465258,
        1753104424.756545,
        1753104424.7666256,
        1753104424.7767074,
        1753104424.78687,
        1753104424.79686,
        1753104424.806856,
        1753104424.8170104,
        1753104424.8270414,
        1753104424.8370202,
        1753104424.847107,
        1753104424.8571036,
        1753104424.86721,
        1753104424.8772483,
        1753104424.887288,
        1753104424.8974228,
        1753104424.9075906,
        1753104424.9175909,
        1753104424.927575,
        1753104424.9376435,
        1753104424.9478598,
        1753104424.9577718,
        1753104424.9678268,
        1753104424.977889,
        1753104424.9880018,
        1753104424.9980748,
        1753104425.0081336,
        1753104425.0181556,
        1753104425.0281613,
        1753104425.038227,
        1753104425.0483515,
        1753104425.0583122,
        1753104425.0683963,
        1753104425.0784686,
        1753104425.0884974,
        1753104425.0985951,
        1753104425.108631,
        1753104425.1188402,
        1753104425.1287937,
        1753104425.1390388,
        1753104425.1494691,
        1753104425.159102,
        1753104425.1691375,
        1753104425.1791022,
        1753104425.1891806,
        1753104425.1993456,
        1753104425.2092938,
        1753104425.2193816,
        1753104425.2294133,
        1753104425.2394488,
        1753104425.249629,
        1753104425.2595696,
        1753104425.2696078,
        1753104425.2797945,
        1753104425.2897608,
        1753104425.299797,
        1753104425.3098679,
        1753104425.320102,
        1753104425.3301706,
        1753104425.3400307,
        1753104425.3501816,
        1753104425.360142,
        1753104425.3702388,
        1753104425.3803236,
        1753104425.3903217,
        1753104425.400412,
        1753104425.410507,
        1753104425.4205744,
        1753104425.4306266,
        1753104425.4406164,
        1753104425.450809,
        1753104425.4608264,
        1753104425.4707935,
        1753104425.4810653,
        1753104425.4910667,
        1753104425.5011368,
        1753104425.5111518,
        1753104425.5211885,
        1753104425.5312233,
        1753104425.5412328,
        1753104425.5514207,
        1753104425.5613797,
        1753104425.5714135,
        1753104425.581513,
        1753104425.5915496,
        1753104425.6016188,
        1753104425.6117022,
        1753104425.6223795,
        1753104425.6319032,
        1753104425.6419182,
        1753104425.652065,
        1753104425.6620846,
        1753104425.6720505,
        1753104425.6822455,
        1753104425.6922107,
        1753104425.7022233,
        1753104425.7123249,
        1753104425.722442,
        1753104425.7324238,
        1753104425.742487,
        1753104425.7526042,
        1753104425.7626426,
        1753104425.7727137,
        1753104425.7827346,
        1753104425.7928078,
        1753104425.802842,
        1753104425.812927,
        1753104425.8229403,
        1753104425.8330007,
        1753104425.8430367,
        1753104425.8531773,
        1753104425.8631673,
        1753104425.873179,
        1753104425.8833754,
        1753104425.89337,
        1753104425.9033823,
        1753104425.9134758,
        1753104425.9235387,
        1753104425.9336977,
        1753104425.9437163,
        1753104425.9538045,
        1753104425.9638646,
        1753104425.9738617,
        1753104425.9840832,
        1753104425.994094,
        1753104426.004115,
        1753104426.014113,
        1753104426.0241356,
        1753104426.0342152,
        1753104426.0443194,
        1753104426.0544298,
        1753104426.0644321,
        1753104426.074434,
        1753104426.084635,
        1753104426.0955455,
        1753104426.1051037,
        1753104426.114827,
        1753104426.124787,
        1753104426.134893,
        1753104426.1449041,
        1753104426.154993,
        1753104426.1650262,
        1753104426.1752713,
        1753104426.1852295,
        1753104426.1952753,
        1753104426.2052894,
        1753104426.2154934,
        1753104426.225487,
        1753104426.2354522,
        1753104426.2455435,
        1753104426.2556045,
        1753104426.265652,
        1753104426.2756696,
        1753104426.2857778,
        1753104426.2958014,
        1753104426.3059187,
        1753104426.3159676,
        1753104426.3259838,
        1753104426.336266,
        1753104426.3461783,
        1753104426.3562453,
        1753104426.3662956,
        1753104426.376323,
        1753104426.3864436,
        1753104426.3964984,
        1753104426.4064586,
        1753104426.4166055,
        1753104426.4269063,
        1753104426.436702,
        1753104426.4467907,
        1753104426.4568508,
        1753104426.466997,
        1753104426.4771516,
        1753104426.4872797,
        1753104426.497183,
        1753104426.5071514,
        1753104426.5172956,
        1753104426.5273857,
        1753104426.5374572,
        1753104426.5474558,
        1753104426.557537,
        1753104426.5676165,
        1753104426.5777266,
        1753104426.5876324,
        1753104426.5977466,
        1753104426.607762,
        1753104426.6180155,
        1753104426.627974,
        1753104426.6379497,
        1753104426.6481152,
        1753104426.658089,
        1753104426.6681657,
        1753104426.6782131,
        1753104426.6883047,
        1753104426.6983452,
        1753104426.70838,
        1753104426.7184863,
        1753104426.7285435,
        1753104426.7385345,
        1753104426.7487018,
        1753104426.7586932,
        1753104426.768733,
        1753104426.7788613,
        1753104426.7889318,
        1753104426.798966,
        1753104426.8090036,
        1753104426.8191426,
        1753104426.829158,
        1753104426.8392231,
        1753104426.8492758,
        1753104426.859331,
        1753104426.8693666,
        1753104426.879458,
        1753104426.8895137,
        1753104426.8996527,
        1753104426.9096441,
        1753104426.9197538,
        1753104426.929792,
        1753104426.9398131,
        1753104426.9500756,
        1753104426.9599934,
        1753104426.970031,
        1753104426.9801319,
        1753104426.990239,
        1753104427.0002198,
        1753104427.010309,
        1753104427.0203466,
        1753104427.0308251,
        1753104427.0404682,
        1753104427.050523,
        1753104427.0606344,
        1753104427.0706468,
        1753104427.080787,
        1753104427.0908668,
        1753104427.1008403,
        1753104427.1109922,
        1753104427.1210246,
        1753104427.1311343,
        1753104427.1410437,
        1753104427.151196,
        1753104427.1612074,
        1753104427.1712701,
        1753104427.1814227,
        1753104427.1913679,
        1753104427.2014282,
        1753104427.2115264,
        1753104427.2217052,
        1753104427.2317736,
        1753104427.2416565,
        1753104427.2517881,
        1753104427.2617986,
        1753104427.2718375,
        1753104427.2819085,
        1753104427.292015,
        1753104427.302089,
        1753104427.3121414,
        1753104427.3221633,
        1753104427.3322003,
        1753104427.3422873,
        1753104427.3524196,
        1753104427.3623526,
        1753104427.3724606,
        1753104427.3825989,
        1753104427.3925972,
        1753104427.4026394,
        1753104427.4127245,
        1753104427.4227815,
        1753104427.4328914,
        1753104427.4429033,
        1753104427.452952,
        1753104427.463052,
        1753104427.473067,
        1753104427.4832714,
        1753104427.493357,
        1753104427.5031648,
        1753104427.513292,
        1753104427.5234149,
        1753104427.5334973,
        1753104427.543473,
        1753104427.553478,
        1753104427.563593,
        1753104427.5736682,
        1753104427.5837955,
        1753104427.593788,
        1753104427.603794,
        1753104427.6139946,
        1753104427.6241102,
        1753104427.6340244,
        1753104427.6441805,
        1753104427.654131,
        1753104427.6642227,
        1753104427.6741526,
        1753104427.684322,
        1753104427.6943567,
        1753104427.7043707,
        1753104427.7144704,
        1753104427.7244887,
        1753104427.7345512,
        1753104427.7446945,
        1753104427.754713,
        1753104427.76479,
        1753104427.7748027,
        1753104427.7849424,
        1753104427.7949977,
        1753104427.8049555,
        1753104427.815111,
        1753104427.8250952,
        1753104427.8352106,
        1753104427.8452199,
        1753104427.8552313,
        1753104427.8653214,
        1753104427.8754327,
        1753104427.8855665,
        1753104427.895531,
        1753104427.9055562,
        1753104427.9157543,
        1753104427.9257214,
        1753104427.9357805,
        1753104427.9458427,
        1753104427.9558861,
        1753104427.9659944,
        1753104427.9759688,
        1753104427.9860556,
        1753104427.9961207,
        1753104428.0061517,
        1753104428.016366,
        1753104428.026292,
        1753104428.0363493,
        1753104428.046553,
        1753104428.056549,
        1753104428.0665648,
        1753104428.0766578,
        1753104428.0867162,
        1753104428.0967171,
        1753104428.1068819,
        1753104428.1169662,
        1753104428.1269376,
        1753104428.1369894,
        1753104428.147108,
        1753104428.1570735,
        1753104428.1671705,
        1753104428.1771975,
        1753104428.1873195,
        1753104428.197323,
        1753104428.2073061,
        1753104428.217557,
        1753104428.2275693,
        1753104428.2376351,
        1753104428.247606,
        1753104428.257787,
        1753104428.2677615,
        1753104428.2778974,
        1753104428.2878864,
        1753104428.297913,
        1753104428.3079598,
        1753104428.318205,
        1753104428.3281424,
        1753104428.3381498,
        1753104428.3482366,
        1753104428.358266,
        1753104428.3683472,
        1753104428.378425,
        1753104428.3884735,
        1753104428.3985734,
        1753104428.4085429,
        1753104428.41873,
        1753104428.4287252,
        1753104428.4388077,
        1753104428.4488728,
        1753104428.45889,
        1753104428.468931,
        1753104428.4790123,
        1753104428.4892488,
        1753104428.499262,
        1753104428.5091765,
        1753104428.5193129,
        1753104428.529316,
        1753104428.5399609,
        1753104428.5494967,
        1753104428.5594895,
        1753104428.569537,
        1753104428.5796354,
        1753104428.5896304,
        1753104428.5996795,
        1753104428.6097395,
        1753104428.6198406,
        1753104428.6299736,
        1753104428.6399007,
        1753104428.6500475,
        1753104428.6600847,
        1753104428.6701546,
        1753104428.680169,
        1753104428.690214,
        1753104428.7002597,
        1753104428.7103462,
        1753104428.7204785,
        1753104428.7304518,
        1753104428.7404852,
        1753104428.750635,
        1753104428.7607095,
        1753104428.7707038,
        1753104428.7807913,
        1753104428.7908533,
        1753104428.800947,
        1753104428.811002,
        1753104428.8210924,
        1753104428.8311155,
        1753104428.841134,
        1753104428.851279,
        1753104428.8612835,
        1753104428.871285,
        1753104428.8816285,
        1753104428.8915792,
        1753104428.9014804,
        1753104428.9115934,
        1753104428.9216683,
        1753104428.9317532,
        1753104428.941777,
        1753104428.9519792,
        1753104428.9619179,
        1753104428.971949,
        1753104428.98215,
        1753104428.992087,
        1753104429.0021126,
        1753104429.0122256,
        1753104429.0223098,
        1753104429.0323548,
        1753104429.0423985,
        1753104429.0525002,
        1753104429.0625494,
        1753104429.0725648,
        1753104429.0826695,
        1753104429.0927777,
        1753104429.1027582,
        1753104429.112897,
        1753104429.1228893,
        1753104429.1329603,
        1753104429.1430428,
        1753104429.1530979,
        1753104429.1630812,
        1753104429.1731777,
        1753104429.1832597,
        1753104429.193318,
        1753104429.203329,
        1753104429.2134144,
        1753104429.223555,
        1753104429.2336051,
        1753104429.2439127,
        1753104429.2536922,
        1753104429.263756,
        1753104429.2737737,
        1753104429.2839322,
        1753104429.293916,
        1753104429.3040538,
        1753104429.3142648,
        1753104429.3243842,
        1753104429.3341851,
        1753104429.3442707,
        1753104429.3542984,
        1753104429.364391,
        1753104429.3743525,
        1753104429.3845263,
        1753104429.3945532,
        1753104429.404593,
        1753104429.4147758,
        1753104429.4246647,
        1753104429.4347937,
        1753104429.4448721,
        1753104429.4549818,
        1753104429.4649756,
        1753104429.475108,
        1753104429.4852123,
        1753104429.49532,
        1753104429.5052342,
        1753104429.515316,
        1753104429.5253875,
        1753104429.53546,
        1753104429.5455153,
        1753104429.555585,
        1753104429.565603,
        1753104429.5756364,
        1753104429.5858066,
        1753104429.5958118,
        1753104429.6062343,
        1753104429.6164057,
        1753104429.6264145,
        1753104429.636443,
        1753104429.6465971,
        1753104429.6565197,
        1753104429.6667159,
        1753104429.676682,
        1753104429.686749,
        1753104429.6968653,
        1753104429.7068686,
        1753104429.7170432,
        1753104429.7270207,
        1753104429.737045,
        1753104429.7471495,
        1753104429.7572613,
        1753104429.7671955,
        1753104429.7772248,
        1753104429.787285,
        1753104429.7973607,
        1753104429.8073835,
        1753104429.8175302,
        1753104429.8276389,
        1753104429.8377297,
        1753104429.8476682,
        1753104429.8577077,
        1753104429.8677442,
        1753104429.8778572,
        1753104429.8878934,
        1753104429.8979788,
        1753104429.908002,
        1753104429.9183571,
        1753104429.9282055,
        1753104429.9382133,
        1753104429.9483728,
        1753104429.9583476,
        1753104429.9684258,
        1753104429.9784603,
        1753104429.988514,
        1753104429.9986699,
        1753104430.0087457,
        1753104430.0187821,
        1753104430.0288317,
        1753104430.0388854,
        1753104430.0490506,
        1753104430.0589967,
        1753104430.0689902,
        1753104430.0790818,
        1753104430.0891562,
        1753104430.0992148,
        1753104430.1092927,
        1753104430.1193323,
        1753104430.1294246,
        1753104430.1394172,
        1753104430.14953,
        1753104430.1595454,
        1753104430.1696243,
        1753104430.1797154,
        1753104430.1897535,
        1753104430.1997855,
        1753104430.209838,
        1753104430.2201393,
        1753104430.2300673,
        1753104430.2400584,
        1753104430.2501392,
        1753104430.260207,
        1753104430.270192,
        1753104430.2802455,
        1753104430.2903168,
        1753104430.3003824,
        1753104430.3104234,
        1753104430.3205166,
        1753104430.3306148,
        1753104430.3406587,
        1753104430.3508172,
        1753104430.3607414,
        1753104430.3708267,
        1753104430.3809674,
        1753104430.390979,
        1753104430.4010458,
        1753104430.411114,
        1753104430.4212077,
        1753104430.431256,
        1753104430.441216,
        1753104430.4513414,
        1753104430.461364,
        1753104430.4714282,
        1753104430.4837658,
        1753104430.4918149,
        1753104430.5016544,
        1753104430.511736,
        1753104430.5218685,
        1753104430.5318706,
        1753104430.5423088,
        1753104430.5519674,
        1753104430.5624878,
        1753104430.5720527,
        1753104430.5821264,
        1753104430.5921433,
        1753104430.6022174,
        1753104430.6122901,
        1753104430.622308,
        1753104430.6324096,
        1753104430.6425154,
        1753104430.6525776,
        1753104430.6626089,
        1753104430.6726189,
        1753104430.6827621,
        1753104430.6928165,
        1753104430.702821,
        1753104430.7129178,
        1753104430.7229447,
        1753104430.7330558,
        1753104430.7430654,
        1753104430.7531524,
        1753104430.7631876,
        1753104430.7732675,
        1753104430.783429,
        1753104430.7933595,
        1753104430.8033886,
        1753104430.8135087,
        1753104430.8235316,
        1753104430.8336565,
        1753104430.843698,
        1753104430.853754,
        1753104430.8637986,
        1753104430.873878,
        1753104430.8840306,
        1753104430.8940232,
        1753104430.9040465,
        1753104430.9141083,
        1753104430.9242609,
        1753104430.9345257,
        1753104430.9444888,
        1753104430.954373,
        1753104430.9643571,
        1753104430.9744244,
        1753104430.9845328,
        1753104430.994588,
        1753104431.004587,
        1753104431.0146637,
        1753104431.0247416,
        1753104431.0348716,
        1753104431.044932,
        1753104431.0549486,
        1753104431.0650167,
        1753104431.0750995,
        1753104431.0851994,
        1753104431.0951738,
        1753104431.1052184,
        1753104431.1153224,
        1753104431.1252851,
        1753104431.1353793,
        1753104431.1454802,
        1753104431.1555066,
        1753104431.1656404,
        1753104431.1757581,
        1753104431.185741,
        1753104431.1958098,
        1753104431.20592,
        1753104431.2162306,
        1753104431.2260196,
        1753104431.2360134,
        1753104431.2461178,
        1753104431.2561927,
        1753104431.266198,
        1753104431.2762616,
        1753104431.286363,
        1753104431.296443,
        1753104431.3064306,
        1753104431.3165798,
        1753104431.3266027,
        1753104431.336671,
        1753104431.3467016,
        1753104431.3567317,
        1753104431.3668044,
        1753104431.3770173,
        1753104431.386952,
        1753104431.3970153,
        1753104431.4070344,
        1753104431.4172206,
        1753104431.4272397,
        1753104431.4372282,
        1753104431.4473257,
        1753104431.4573364,
        1753104431.4674058,
        1753104431.4774234,
        1753104431.4876194,
        1753104431.4978788,
        1753104431.5076985,
        1753104431.517968,
        1753104431.528056,
        1753104431.5380616,
        1753104431.5481539,
        1753104431.5582035,
        1753104431.5681694,
        1753104431.5783556,
        1753104431.5883331,
        1753104431.5984304,
        1753104431.608931,
        1753104431.6188555,
        1753104431.62889,
        1753104431.6389318,
        1753104431.6491132,
        1753104431.658995,
        1753104431.6690052,
        1753104431.6790988
    ],
    "set_target_data": [
        {
            "head": [
                [
                    0.9442859228016947,
                    0.32243407569550425,
                    -0.0660330434626328,
                    -0.007995075164280087
                ],
                [
                    -0.32910788484910775,
                    0.9229138137509233,
                    -0.1997951263616623,
                    0.014174707731725834
                ],
                [
                    -0.0034779489212101444,
                    0.21039572053183975,
                    0.9776101189396463,
                    0.00501330717098547
                ],
                [
                    0.0,
                    0.0,
                    0.0,
                    1.0
                ]
            ],
            "antennas": [
                0.03910450774723849,
                -0.03910443138296858
            ],
            "body_yaw": 0.18835579652137996,
            "check_collision": false
        },
        {
            "head": [
                [
                    0.942867405014006,
                    0.3264311181026241,
                    -0.06666169587120552,
                    -0.008047687795196611
                ],
                [
                    -0.33314573613787707,
                    0.9214151030490834,
                    -0.20002031488376182,
                    0.014180521635134412
                ],
                [
                    -0.0038697616601518214,
                    0.2108006949877489,
                    0.9775214022912111,
                    0.0052058057193637985
                ],
                [
                    0.0,
                    0.0,
                    0.0,
                    1.0
                ]
            ],
            "antennas": [
                0.03910450774723849,
                -0.03910443138296858
            ],
            "body_yaw": 0.18835579652137996,
            "check_collision": false
        },
        {
            "head": [
                [
                    0.9411474053458234,
                    0.3312619012407775,
                    -0.0671350444787956,
                    -0.00798682278639859
                ],
                [
                    -0.3379658958100602,
                    0.9196438891439344,
                    -0.20008540783755963,
                    0.014314015636589255
                ],
                [
                    -0.004540339208475769,
                    0.21099921788140452,
                    0.977475685310539,
                    0.005166811503425572
                ],
                [
                    0.0,
                    0.0,
                    0.0,
                    1.0
                ]
            ],
            "antennas": [
                0.03910450774723849,
                -0.03910443138296858
            ],
            "body_yaw": 0.18835579652137996,
            "check_collision": false
        },
        {
            "head": [
                [
                    0.939585712329053,
                    0.335386652819231,
                    -0.06851629220717001,
                    -0.008045374794123554
                ],
                [
                    -0.34228954797046224,
                    0.9181281320351954,
                    -0.19969626565296336,
                    0.014603323289927608
                ],
                [
                    -0.00406872673970074,
                    0.21108416870119576,
                    0.977459420736453,
                    0.0052447956758781
                ],
                [
                    0.0,
                    0.0,
                    0.0,
                    1.0
                ]
            ],
            "antennas": [
                0.03910450774723849,
                -0.03910443138296858
            ],
            "body_yaw": 0.18835579652137996,
            "check_collision": false
        },
        {
            "head": [
                [
                    0.9384882081151856,
                    0.3381771184876774,
                    -0.0698292185271992,
                    -0.008056729028115954
                ],
                [
                    -0.34529349284441935,
                    0.916998827337234,
                    -0.19971368120746896,
                    0.014791857098604895
                ],
                [
                    -0.003505285729991342,
                    0.21154050958033782,
                    0.9773629447541184,
                    0.005261363996699964
                ],
                [
                    0.0,
                    0.0,
                    0.0,
                    1.0
                ]
            ],
            "antennas": [
                0.03910450774723849,
                -0.03910443138296858
            ],
            "body_yaw": 0.18835579652137996,
            "check_collision": false
        },
        {
            "head": [
                [
                    0.9378509271525801,
                    0.3396671561902956,
                    -0.07114675990263267,
                    -0.008101947813634425
                ],
                [
                    -0.3470260221698574,
                    0.9161677041617551,
                    -0.2005235093148537,
                    0.014770421076843815
                ],
                [
                    -0.0029288864797320097,
                    0.21275093620610913,
                    0.9771020728498189,
                    0.005713752157975316
                ],
                [
                    0.0,
                    0.0,
                    0.0,
                    1.0
                ]
            ],
            "antennas": [
                0.03910450774723849,
                -0.03910443138296858
            ],
            "body_yaw": 0.18835579652137996,
            "check_collision": false
        },
        {
            "head": [
                [
                    0.9375773609381802,
                    0.34009665061966626,
                    -0.0726839768689171,
                    -0.00815121677881299
                ],
                [
                    -0.347770782082145,
                    0.9156285647184703,
                    -0.20169237616123867,
                    0.01499112714876758
                ],
                [
                    -0.0020433761694420294,
                    0.2143795692431488,
                    0.9767482914778769,
                    0.005782483747124534
                ],
                [
                    0.0,
                    0.0,
                    0.0,
                    1.0
                ]
            ],
            "antennas": [
                0.03910450774723849,
                -0.03910443138296858
            ],
            "body_yaw": 0.18835579652137996,
            "check_collision": false
        },
        {
            "head": [
                [
                    0.9370752758154401,
                    0.3411586989330157,
                    -0.07416649916066169,
                    -0.008106384524361552
                ],
                [
                    -0.34912523643275867,
                    0.9149369050007451,
                    -0.20248957788841265,
                    0.015038306570119233
                ],
                [
                    -0.0012234137431102465,
                    0.2156413736043924,
                    0.9764718640333799,
                    0.005867701304365536
                ],
                [
                    0.0,
                    0.0,
                    0.0,
                    1.0
                ]
            ],
            "antennas": [
                0.03910450774723849,
                -0.03910443138296858
            ],
            "body_yaw": 0.18835579652137996,
            "check_collision": false
        },
        {
            "head": [
                [
                    0.9365428316031732,
                    0.34242040921150646,
                    -0.07507188507114206,
                    -0.008085509471770228
                ],
                [
                    -0.35055259062889194,
                    0.9144245773385931,
                    -0.20233777097345854,
                    0.01530364407183002
                ],
                [
                    -0.0006370055594852458,
                    0.2158146327628405,
                    0.9764341444815198,
                    0.0058969509359719785
                ],
                [
                    0.0,
                    0.0,
                    0.0,
                    1.0
                ]
            ],
            "antennas": [
                0.03910450774723849,
                -0.03910443138296858
            ],
            "body_yaw": 0.18835579652137996,
            "check_collision": false
        },
        {
            "head": [
                [
                    0.9355914249802755,
                    0.34491835537895615,
                    -0.07549843459339523,
                    -0.007969374895994256
                ],
                [
                    -0.35308442423149017,
                    0.9137869941542247,
                    -0.200810155818135,
                    0.015361471879962606
                ],
                [
                    -0.0002736210777350978,
                    0.21453358114118792,
                    0.9767165749050452,
                    0.005807052424145032
                ],
                [
                    0.0,
                    0.0,
                    0.0,
                    1.0
                ]
            ],
            "antennas": [
                0.03910450774723849,
                -0.03910443138296858
            ],
            "body_yaw": 0.18835579652137996,
            "check_collision": false
        },
        {
            "head": [
                [
                    0.9345492748406853,
                    0.3476543321232092,
                    -0.07585590452110233,
                    -0.007980585407498748
                ],
                [
                    -0.3558336489026195,
                    0.9132222204384137,
                    -0.198513451448965,
                    0.01560523672843031
                ],
                [
                    0.00025923617916232683,
                    0.21251268539430437,
                    0.9771582734353247,
                    0.0058200300323045795
                ],
                [
                    0.0,
                    0.0,
                    0.0,
                    1.0
                ]
            ],
            "antennas": [
                0.03910450774723849,
                -0.03910443138296858
            ],
            "body_yaw": 0.18835579652137996,
            "check_collision": false
        },
        {
            "head": [
                [
                    0.9334370505364957,
                    0.3504798226581418,
                    -0.07654519315570593,
                    -0.007968583263270459
                ],
                [
                    -0.35873946733662754,
                    0.9126061034234944,
                    -0.19610225539044318,
                    0.015624798055051958
                ],
                [
                    0.001125726769523376,
                    0.21050889269506717,
                    0.9775912943738485,
                    0.0057518180599474
                ],
                [
                    0.0,
                    0.0,
                    0.0,
                    1.0
                ]
            ],
            "antennas": [
                0.03910450774723849,
                -0.03910443138296858
            ],
            "body_yaw": 0.18835579652137996,
            "check_collision": false
        },
        {
            "head": [
                [
                    0.9323978029346643,
                    0.35318848286965365,
                    -0.07676087969039529,
                    -0.008026955041582136
                ],
                [
                    -0.3614306015012616,
                    0.9120023626576363,
                    -0.193957755207998,
                    0.015884046616453474
                ],
                [
                    0.0015024583346025938,
                    0.2085895157363423,
                    0.9780021250201,
                    0.005770167791854575
                ],
                [
                    0.0,
                    0.0,
                    0.0,
                    1.0
                ]
            ],
            "antennas": [
                0.03910450774723849,
                -0.03910443138296858
            ],
            "body_yaw": 0.18835579652137996,
            "check_collision": false
        },
        {
            "head": [
                [
                    0.931785232343603,
                    0.3548327804450395,
                    -0.07661578628468277,
                    -0.00798802270176836
                ],
                [
                    -0.3630064167411482,
                    0.9117280448233178,
                    -0.1922974614689496,
                    0.015935000200412653
                ],
                [
                    0.0016193181063847428,
                    0.20699195685893856,
                    0.9783413042515264,
                    0.005908132229321961
                ],
                [
                    0.0,
                    0.0,
                    0.0,
                    1.0
                ]
            ],
            "antennas": [
                0.03910450774723849,
                -0.03910443138296858
            ],
            "body_yaw": 0.18835579652137996,
            "check_collision": false
        },
        {
            "head": [
                [
                    0.9311916948141254,
                    0.35641782328794097,
                    -0.07647458892915002,
                    -0.008015431101527292
                ],
                [
                    -0.3645246721914695,
                    0.9115769988338494,
                    -0.19012926802776517,
                    0.01623574820099797
                ],
                [
                    0.0019470164093013317,
                    0.2049236697889196,
                    0.9787760206949001,
                    0.005924679067634275
                ],
                [
                    0.0,
                    0.0,
                    0.0,
                    1.0
                ]
            ],
            "antennas": [
                0.03910450774723849,
                -0.03910443138296858
            ],
            "body_yaw": 0.18835579652137996,
            "check_collision": false
        },
        {
            "head": [
                [
                    0.9304994758563904,
                    0.35820810458874097,
                    -0.07653547698893617,
                    -0.007974600798110375
                ],
                [
                    -0.36628388591196426,
                    0.9114294621430501,
                    -0.18743652381235928,
                    0.016636199125238074
                ],
                [
                    0.0026154067013602483,
                    0.20244329908537748,
                    0.9792904933181035,
                    0.0061311244938665466
                ],
                [
                    0.0,
                    0.0,
                    0.0,
                    1.0
                ]
            ],
            "antennas": [
                0.03910450774723849,
                -0.03910443138296858
            ],
            "body_yaw": 0.18835579652137996,
            "check_collision": false
        },
        {
            "head": [
                [
                    0.929760225270889,
                    0.3601991003964636,
                    -0.07617434986794089,
                    -0.00795900071573461
                ],
                [
                    -0.36815375295271985,
                    0.9112735662069293,
                    -0.18450827005674356,
                    0.016937644992894782
                ],
                [
                    0.0029559585675060507,
                    0.19959232351491593,
                    0.9798745668211128,
                    0.00614738343636545
                ],
                [
                    0.0,
                    0.0,
                    0.0,
                    1.0
                ]
            ],
            "antennas": [
                0.03910450774723849,
                -0.03910443138296858
            ],
            "body_yaw": 0.18835579652137996,
            "check_collision": false
        },
        {
            "head": [
                [
                    0.9268248907167906,
                    0.36854843536254595,
                    -0.07188652682963945,
                    -0.00782493321258304
                ],
                [
                    -0.375491463546105,
                    0.9103566743567363,
                    -0.17394506678301455,
                    0.016774613380704448
                ],
                [
                    0.0013351972937732867,
                    0.18820939468039996,
                    0.9821280166058924,
                    0.006311972895751028
                ],
                [
                    0.0,
                    0.0,
                    0.0,
                    1.0
                ]
            ],
            "antennas": [
                0.03910450774723849,
                -0.03910443138296858
            ],
            "body_yaw": 0.18835579652137996,
            "check_collision": false
        },
        {
            "head": [
                [
                    0.9225174287149216,
                    0.380695479164969,
                    -0.06350232956800822,
                    -0.0077041887297477
                ],
                [
                    -0.3859449767278151,
                    0.9087094370575864,
                    -0.15903972441201678,
                    0.01689170383783409
                ],
                [
                    -0.00284053793770727,
                    0.17122532273539046,
                    0.985227801170057,
                    0.0062005128293377565
                ],
                [
                    0.0,
                    0.0,
                    0.0,
                    1.0
                ]
            ],
            "antennas": [
                0.03910450774723849,
                -0.03910443138296858
            ],
            "body_yaw": 0.18835579652137996,
            "check_collision": false
        },
        {
            "head": [
                [
                    0.9202142889064296,
                    0.38780012330192415,
                    -0.053072844840336725,
                    -0.007759824269944746
                ],
                [
                    -0.39130466777490513,
                    0.9082404890095113,
                    -0.14825609971038348,
                    0.017154688716356295
                ],
                [
                    -0.009290827197035726,
                    0.15719503328914833,
                    0.987523874161642,
                    0.00659843238191804
                ],
                [
                    0.0,
                    0.0,
                    0.0,
                    1.0
                ]
            ],
            "antennas": [
                0.03910450774723849,
                -0.03910443138296858
            ],
            "body_yaw": 0.18835579652137996,
