{
    "description": "TODO: Add a description of the recording. You can add as much as you want, even if the wording is not perfect.",
    "time": [
        1753104722.5467763,
        1753104722.5567622,
        1753104722.5667303,
        1753104722.576812,
        1753104722.586949,
        1753104722.5969267,
        1753104722.6069176,
        1753104722.617035,
        1753104722.6270533,
        1753104722.637097,
        1753104722.647189,
        1753104722.6572137,
        1753104722.6672192,
        1753104722.6773067,
        1753104722.6874418,
        1753104722.6974332,
        1753104722.7075582,
        1753104722.718176,
        1753104722.727762,
        1753104722.7377174,
        1753104722.7477884,
        1753104722.7579412,
        1753104722.767976,
        1753104722.7779367,
        1753104722.7880905,
        1753104722.798073,
        1753104722.8081288,
        1753104722.8182445,
        1753104722.82818,
        1753104722.8383365,
        1753104722.8484077,
        1753104722.8583982,
        1753104722.868455,
        1753104722.8785534,
        1753104722.8887727,
        1753104722.8986547,
        1753104722.9086905,
        1753104722.9188492,
        1753104722.928916,
        1753104722.938994,
        1753104722.9490652,
        1753104722.9590158,
        1753104722.9690948,
        1753104722.9791923,
        1753104722.9892395,
        1753104722.99923,
        1753104723.0093234,
        1753104723.0195937,
        1753104723.0294743,
        1753104723.0395384,
        1753104723.0496397,
        1753104723.0597007,
        1753104723.069712,
        1753104723.079765,
        1753104723.0898752,
        1753104723.099909,
        1753104723.1100338,
        1753104723.120063,
        1753104723.1300893,
        1753104723.1401265,
        1753104723.1505246,
        1753104723.1603243,
        1753104723.1703382,
        1753104723.180615,
        1753104723.1905649,
        1753104723.2005067,
        1753104723.2105396,
        1753104723.2206683,
        1753104723.2307425,
        1753104723.2408056,
        1753104723.2509007,
        1753104723.2608979,
        1753104723.2710028,
        1753104723.2811987,
        1753104723.291054,
        1753104723.3011193,
        1753104723.311184,
        1753104723.3213046,
        1753104723.331338,
        1753104723.3413746,
        1753104723.3515465,
        1753104723.3615897,
        1753104723.371612,
        1753104723.3817396,
        1753104723.3917718,
        1753104723.401847,
        1753104723.4119368,
        1753104723.4219947,
        1753104723.4320574,
        1753104723.442172,
        1753104723.4521708,
        1753104723.4622061,
        1753104723.4724424,
        1753104723.482666,
        1753104723.4933162,
        1753104723.5027647,
        1753104723.5126386,
        1753104723.522703,
        1753104723.5328064,
        1753104723.5428417,
        1753104723.5528836,
        1753104723.5628884,
        1753104723.5729675,
        1753104723.5832553,
        1753104723.5930579,
        1753104723.6031716,
        1753104723.6138394,
        1753104723.6239777,
        1753104723.6340578,
        1753104723.6442816,
        1753104723.6543703,
        1753104723.6641812,
        1753104723.674337,
        1753104723.6843836,
        1753104723.6944623,
        1753104723.7044415,
        1753104723.7145271,
        1753104723.7245524,
        1753104723.7346668,
        1753104723.7446775,
        1753104723.754791,
        1753104723.764812,
        1753104723.774924,
        1753104723.7849822,
        1753104723.794989,
        1753104723.8051245,
        1753104723.8151636,
        1753104723.8252351,
        1753104723.8352787,
        1753104723.845325,
        1753104723.8556635,
        1753104723.8654346,
        1753104723.8754845,
        1753104723.8855946,
        1753104723.895623,
        1753104723.905774,
        1753104723.915888,
        1753104723.9258065,
        1753104723.9359708,
        1753104723.9460738,
        1753104723.9560587,
        1753104723.9661138,
        1753104723.9761484,
        1753104723.9864297,
        1753104723.996262,
        1753104724.0063076,
        1753104724.0164297,
        1753104724.0266328,
        1753104724.036762,
        1753104724.0470893,
        1753104724.056914,
        1753104724.0668545,
        1753104724.0769224,
        1753104724.0870633,
        1753104724.0970142,
        1753104724.1071124,
        1753104724.117187,
        1753104724.1272428,
        1753104724.1372604,
        1753104724.1473334,
        1753104724.1573858,
        1753104724.1674783,
        1753104724.1775072,
        1753104724.187616,
        1753104724.1975613,
        1753104724.2076373,
        1753104724.2177126,
        1753104724.2277834,
        1753104724.2378109,
        1753104724.247922,
        1753104724.2580585,
        1753104724.2680342,
        1753104724.2780628,
        1753104724.288155,
        1753104724.298137,
        1753104724.308259,
        1753104724.318335,
        1753104724.3283103,
        1753104724.338493,
        1753104724.3485327,
        1753104724.3585658,
        1753104724.3685791,
        1753104724.3786483,
        1753104724.3888967,
        1753104724.3988385,
        1753104724.4089124,
        1753104724.4189947,
        1753104724.4290004,
        1753104724.439111,
        1753104724.4492357,
        1753104724.4591672,
        1753104724.469401,
        1753104724.4796326,
        1753104724.489776,
        1753104724.4997194,
        1753104724.5096273,
        1753104724.519799,
        1753104724.5298162,
        1753104724.5401838,
        1753104724.5502357,
        1753104724.5602887,
        1753104724.5703993,
        1753104724.5804145,
        1753104724.5903997,
        1753104724.6004298,
        1753104724.610508,
        1753104724.6206002,
        1753104724.6306636,
        1753104724.640678,
        1753104724.6508899,
        1753104724.660797,
        1753104724.6708767,
        1753104724.6809664,
        1753104724.691028,
        1753104724.7010374,
        1753104724.7110808,
        1753104724.72122,
        1753104724.7312438,
        1753104724.7412996,
        1753104724.7514274,
        1753104724.76144,
        1753104724.7715251,
        1753104724.7816544,
        1753104724.791674,
        1753104724.8016958,
        1753104724.8117852,
        1753104724.8218777,
        1753104724.83194,
        1753104724.8419402,
        1753104724.8520947,
        1753104724.8620653,
        1753104724.8720965,
        1753104724.8822324,
        1753104724.892256,
        1753104724.9023333,
        1753104724.9124203,
        1753104724.9224596,
        1753104724.93252,
        1753104724.9425418,
        1753104724.9526684,
        1753104724.9626942,
        1753104724.972765,
        1753104724.9828925,
        1753104724.9928606,
        1753104725.0028877,
        1753104725.0130162,
        1753104725.0231478,
        1753104725.033076,
        1753104725.0431848,
        1753104725.0532825,
        1753104725.063275,
        1753104725.0733051,
        1753104725.0834203,
        1753104725.0934417,
        1753104725.1036298,
        1753104725.1136703,
        1753104725.123623,
        1753104725.133682,
        1753104725.1437433,
        1753104725.153931,
        1753104725.1638412,
        1753104725.1739655,
        1753104725.1840901,
        1753104725.1941512,
        1753104725.2046692,
        1753104725.2145498,
        1753104725.2243106,
        1753104725.2343597,
        1753104725.2444274,
        1753104725.2545607,
        1753104725.2644384,
        1753104725.2745366,
        1753104725.2847092,
        1753104725.2946603,
        1753104725.3047447,
        1753104725.3148208,
        1753104725.3248906,
        1753104725.3350205,
        1753104725.3449728,
        1753104725.355104,
        1753104725.3650892,
        1753104725.3750918,
        1753104725.3852623,
        1753104725.39526,
        1753104725.406748,
        1753104725.4154022,
        1753104725.4255056,
        1753104725.435512,
        1753104725.44567,
        1753104725.4556568,
        1753104725.4657083,
        1753104725.4757936,
        1753104725.4859948,
        1753104725.4959216,
        1753104725.505942,
        1753104725.5160694,
        1753104725.5261593,
        1753104725.5362358,
        1753104725.5462646,
        1753104725.556294,
        1753104725.566363,
        1753104725.5764475,
        1753104725.5865386,
        1753104725.5965235,
        1753104725.6066558,
        1753104725.6175194,
        1753104725.627334,
        1753104725.6367657,
        1753104725.6468585,
        1753104725.6570628,
        1753104725.6669588,
        1753104725.6769595,
        1753104725.6870959,
        1753104725.6970983,
        1753104725.7071624,
        1753104725.7172217,
        1753104725.727218,
        1753104725.7373588,
        1753104725.7473705,
        1753104725.7574234,
        1753104725.7674978,
        1753104725.777548,
        1753104725.7877166,
        1753104725.797631,
        1753104725.8077312,
        1753104725.8178396,
        1753104725.8278677,
        1753104725.8379126,
        1753104725.8480453,
        1753104725.8580382,
        1753104725.8680687,
        1753104725.8780746,
        1753104725.8882055,
        1753104725.8982148,
        1753104725.9083524,
        1753104725.9184191,
        1753104725.9284558,
        1753104725.9385066,
        1753104725.948632,
        1753104725.9586425,
        1753104725.9686286,
        1753104725.978703,
        1753104725.988784,
        1753104725.9988434,
        1753104726.008987,
        1753104726.0190053,
        1753104726.0290446,
        1753104726.039229,
        1753104726.0492644,
        1753104726.0591667,
        1753104726.0692594,
        1753104726.0793247,
        1753104726.0894442,
        1753104726.099456,
        1753104726.1094937,
        1753104726.1196115,
        1753104726.1296182,
        1753104726.1396708,
        1753104726.1498082,
        1753104726.1597722,
        1753104726.1698742,
        1753104726.1799757,
        1753104726.190029,
        1753104726.2000914,
        1753104726.2101648,
        1753104726.2204313,
        1753104726.2302208,
        1753104726.240318,
        1753104726.2504828,
        1753104726.2604477,
        1753104726.2705052,
        1753104726.2806287,
        1753104726.2907188,
        1753104726.3007505,
        1753104726.310753,
        1753104726.32084,
        1753104726.330871,
        1753104726.3409543,
        1753104726.3510692,
        1753104726.3610072,
        1753104726.3711283,
        1753104726.3811657,
        1753104726.3913264,
        1753104726.4012985,
        1753104726.4113483,
        1753104726.4215038,
        1753104726.4314914,
        1753104726.4415226,
        1753104726.451647,
        1753104726.46166,
        1753104726.471773,
        1753104726.4819396,
        1753104726.4919589,
        1753104726.5020003,
        1753104726.5120623,
        1753104726.522116,
        1753104726.5322375,
        1753104726.5426357,
        1753104726.5527914,
        1753104726.5631347,
        1753104726.57282,
        1753104726.5829809,
        1753104726.5929492,
        1753104726.6029654,
        1753104726.6131,
        1753104726.6231773,
        1753104726.633179,
        1753104726.6432462,
        1753104726.6533163,
        1753104726.6633096,
        1753104726.6734314,
        1753104726.6835513,
        1753104726.693498,
        1753104726.7035959,
        1753104726.713643,
        1753104726.7237616,
        1753104726.7337713,
        1753104726.743801,
        1753104726.7538993,
        1753104726.7639737,
        1753104726.773983,
        1753104726.7840953,
        1753104726.7940676,
        1753104726.8041835,
        1753104726.814229,
        1753104726.824274,
        1753104726.8342981,
        1753104726.8443723
    ],
    "set_target_data": [
        {
            "head": [
                [
                    0.958998312594931,
                    -0.24790924282311108,
                    0.1373435246487692,
                    -0.007011625705317059
                ],
                [
                    0.2497292482679153,
                    0.9683070476093293,
                    0.004094399790727043,
                    -0.0018204924928516709
                ],
                [
                    -0.13400574241284308,
                    0.03037217267460675,
                    0.9905150135800097,
                    0.00510827051193008
                ],
                [
                    0.0,
                    0.0,
                    0.0,
                    1.0
                ]
            ],
            "antennas": [
                -0.0041675807898649995,
                -0.2100126225059046
            ],
            "body_yaw": -0.3140723397810006,
            "check_collision": false
        },
        {
            "head": [
                [
                    0.9590606213701941,
                    -0.24775169115418436,
                    0.13719265310962578,
                    -0.007049784552784804
                ],
                [
                    0.24958970284136703,
                    0.9683437667813839,
                    0.00391529963071835,
                    -0.0020435398344131276
                ],
                [
                    -0.13381967259179264,
                    0.030486863824963017,
                    0.9905366456429276,
                    0.005308193804533734
                ],
                [
                    0.0,
                    0.0,
                    0.0,
                    1.0
                ]
            ],
            "antennas": [
                -0.0041675807898649995,
                -0.2100126225059046
            ],
            "body_yaw": -0.3140723397810006,
            "check_collision": false
        },
        {
            "head": [
                [
                    0.9590559678890719,
                    -0.24778043728774626,
                    0.1371732676356754,
                    -0.0070628518085850585
                ],
                [
                    0.24962963991381118,
                    0.9683338131216837,
                    0.0038300446108510498,
                    -0.0020370212374072588
                ],
                [
                    -0.13377852343652302,
                    0.030569286264376425,
                    0.9905396637209588,
                    0.005318130911734831
                ],
                [
                    0.0,
                    0.0,
                    0.0,
                    1.0
                ]
            ],
            "antennas": [
                -0.0041675807898649995,
                -0.2100126225059046
            ],
            "body_yaw": -0.3140723397810006,
            "check_collision": false
        },
        {
            "head": [
                [
                    0.9590340071633974,
                    -0.24781164363804983,
                    0.1372703987811087,
                    -0.007043438366148805
                ],
                [
                    0.24966649415190215,
                    0.9683243792897723,
                    0.0038128953532932403,
                    -0.0020977211270417333
                ],
                [
                    -0.13386715355909606,
                    0.030615122904949436,
                    0.9905262739814124,
                    0.005361704794294764
                ],
                [
                    0.0,
                    0.0,
                    0.0,
                    1.0
                ]
            ],
            "antennas": [
                -0.0041675807898649995,
                -0.2100126225059046
            ],
            "body_yaw": -0.3140723397810006,
            "check_collision": false
        },
        {
            "head": [
                [
                    0.9590258294999334,
                    -0.2478363843210103,
                    0.13728286476706925,
                    -0.007044839133603178
                ],
                [
                    0.24969743858867433,
                    0.9683165617955969,
                    0.0037716461405385825,
                    -0.0021016003500539063
                ],
                [
                    -0.13386802274710774,
                    0.03066207362594231,
                    0.9905247042485802,
                    0.005367506140622869
                ],
                [
                    0.0,
                    0.0,
                    0.0,
                    1.0
                ]
            ],
            "antennas": [
                -0.0041675807898649995,
                -0.2100126225059046
            ],
            "body_yaw": -0.3140723397810006,
            "check_collision": false
        },
        {
            "head": [
                [
                    0.9590023083847964,
                    -0.24788166701911873,
                    0.13736539472681814,
                    -0.0069889816670294785
                ],
                [
                    0.2497659354634254,
                    0.9682994663331507,
                    0.0036222894715290943,
                    -0.0023043766494963234
                ],
                [
                    -0.13390873755924904,
                    0.03083541234941207,
                    0.9905138198685215,
                    0.0054204285251342466
                ],
                [
                    0.0,
                    0.0,
                    0.0,
                    1.0
                ]
            ],
            "antennas": [
                -0.0041675807898649995,
                -0.2100126225059046
            ],
            "body_yaw": -0.3140723397810006,
            "check_collision": false
        },
        {
            "head": [
                [
                    0.958967090577743,
                    -0.24794212629519619,
                    0.13750207706458856,
                    -0.006985847244288631
                ],
                [
                    0.24981422568360878,
                    0.9682865293156264,
                    0.0037483052167143326,
                    -0.0023243758069961488
                ],
                [
                    -0.13407077173999576,
                    0.030755473563508162,
                    0.9904943861582085,
                    0.005420372524363226
                ],
                [
                    0.0,
                    0.0,
                    0.0,
                    1.0
                ]
            ],
            "antennas": [
                -0.0041675807898649995,
                -0.2100126225059046
            ],
            "body_yaw": -0.3140723397810006,
            "check_collision": false
        },
        {
            "head": [
                [
                    0.9588794586802762,
                    -0.24822605962079203,
                    0.1376008976938551,
                    -0.006953907908115946
                ],
                [
                    0.2500761034146826,
                    0.9682181083431054,
                    0.003954387111435146,
                    -0.002280751234603728
                ],
                [
                    -0.13420926280234438,
                    0.030618915748816488,
                    0.9904798613684266,
                    0.005366904143537243
                ],
                [
                    0.0,
                    0.0,
                    0.0,
                    1.0
                ]
            ],
            "antennas": [
                -0.0041675807898649995,
                -0.2100126225059046
            ],
            "body_yaw": -0.3140723397810006,
            "check_collision": false
        },
        {
            "head": [
                [
                    0.9588852866178843,
                    -0.24820573926262332,
                    0.13759694075390047,
                    -0.006961822689272559
                ],
                [
                    0.25005162101561995,
                    0.968224315268963,
                    0.003982731400482475,
                    -0.0022849761594081735
                ],
                [
                    -0.1342132405360906,
                    0.030587355541829356,
                    0.9904802975050837,
                    0.005368288317266101
                ],
                [
                    0.0,
                    0.0,
                    0.0,
                    1.0
                ]
            ],
            "antennas": [
                -0.0041675807898649995,
                -0.2100126225059046
            ],
            "body_yaw": -0.3140723397810006,
            "check_collision": false
        },
        {
            "head": [
                [
                    0.9588819832225255,
                    -0.2482040104684909,
                    0.13762307742015145,
                    -0.006937987674139147
                ],
                [
                    0.2500431998492979,
                    0.9682262611508696,
                    0.004037997886507114,
                    -0.002293979080674349
                ],
                [
                    -0.13425252496828433,
                    0.030539751229580032,
                    0.9904764424934471,
                    0.005356505607899353
                ],
                [
                    0.0,
                    0.0,
                    0.0,
                    1.0
                ]
            ],
            "antennas": [
                -0.0041675807898649995,
                -0.2100126225059046
            ],
            "body_yaw": -0.3140723397810006,
            "check_collision": false
        },
        {
            "head": [
                [
                    0.9588681900139797,
                    -0.24824783520716334,
                    0.13764013402446132,
                    -0.006942731523793419
                ],
                [
                    0.25008633789365886,
                    0.9682150690973295,
                    0.004050132317873352,
                    -0.002305182695664579
                ],
                [
                    -0.13427068845527415,
                    0.030538374020413588,
                    0.9904740228466046,
                    0.005363908658453598
                ],
                [
                    0.0,
                    0.0,
                    0.0,
                    1.0
                ]
            ],
            "antennas": [
                -0.0041675807898649995,
                -0.2100126225059046
            ],
            "body_yaw": -0.3140723397810006,
            "check_collision": false
        },
        {
            "head": [
                [
                    0.958823777375843,
                    -0.24831194973780718,
                    0.137833738816477,
                    -0.006924234902048822
                ],
                [
                    0.2501442947567919,
                    0.9681996976918535,
                    0.004144537372353997,
                    -0.0023171347431473494
                ],
                [
                    -0.13447972240954134,
                    0.03050444241110367,
                    0.9904467089418999,
                    0.005450221791092891
                ],
                [
                    0.0,
                    0.0,
                    0.0,
                    1.0
                ]
            ],
            "antennas": [
                -0.0041675807898649995,
                -0.2100126225059046
            ],
            "body_yaw": -0.3140723397810006,
            "check_collision": false
        },
        {
            "head": [
                [
                    0.9588144222583,
                    -0.24833449717483747,
                    0.13785819229339522,
                    -0.0069248400392601835
                ],
                [
                    0.25015768308340286,
                    0.9681959160861365,
                    0.004219202350021363,
                    -0.0023367060048562777
                ],
                [
                    -0.13452151227155398,
                    0.030440853914555373,
                    0.9904429903579138,
                    0.005465945156129415
                ],
                [
                    0.0,
                    0.0,
                    0.0,
                    1.0
                ]
            ],
            "antennas": [
                -0.0041675807898649995,
                -0.2100126225059046
            ],
            "body_yaw": -0.3140723397810006,
            "check_collision": false
        },
        {
            "head": [
                [
                    0.9588084033089379,
                    -0.24834034111929545,
                    0.13788952359377143,
                    -0.006913695080457766
                ],
                [
                    0.2501720838059423,
                    0.9681924350644678,
                    0.004163792517532995,
                    -0.002444655829356464
                ],
                [
                    -0.13453763127228707,
                    0.030503830197016926,
                    0.9904388633908475,
                    0.005514788384142544
                ],
                [
                    0.0,
                    0.0,
                    0.0,
                    1.0
                ]
            ],
            "antennas": [
                -0.0041675807898649995,
                -0.2100126225059046
            ],
            "body_yaw": -0.3140723397810006,
            "check_collision": false
        },
        {
            "head": [
                [
                    0.9588057186266816,
                    -0.24834620636989466,
                    0.1378976276462151,
                    -0.006913525007719693
                ],
                [
                    0.2501693619682502,
                    0.9681928545127778,
                    0.004229279229062712,
                    -0.002474561412188875
                ],
                [
                    -0.13456182319354587,
                    0.030442704414694603,
                    0.9904374576351341,
                    0.005532547463754978
                ],
                [
                    0.0,
                    0.0,
                    0.0,
                    1.0
                ]
            ],
            "antennas": [
                -0.0041675807898649995,
                -0.2100126225059046
            ],
            "body_yaw": -0.3140723397810006,
            "check_collision": false
        },
        {
            "head": [
                [
                    0.9588471159884497,
                    -0.24818352118365375,
                    0.13790267573008,
                    -0.006948766088166039
                ],
                [
                    0.25000519579483443,
                    0.9682352567860792,
                    0.00422960896324651,
                    -0.002522494236553487
                ],
                [
                    -0.13457195189272989,
                    0.0304208370903624,
                    0.9904367533742388,
                    0.005606487120201731
                ],
                [
                    0.0,
                    0.0,
                    0.0,
                    1.0
                ]
            ],
            "antennas": [
                -0.0041675807898649995,
                -0.2100126225059046
            ],
            "body_yaw": -0.3140723397810006,
            "check_collision": false
        },
        {
            "head": [
                [
                    0.9588822111661357,
                    -0.24807274102386911,
                    0.1378579713692574,
                    -0.00695451239912407
                ],
                [
                    0.24990022380983096,
                    0.9682626195517353,
                    0.004168659089930797,
                    -0.0025400568671303993
                ],
                [
                    -0.13451685117091847,
                    0.030453484853396037,
                    0.9904432351282657,
                    0.005640005399364267
                ],
                [
                    0.0,
                    0.0,
                    0.0,
                    1.0
                ]
            ],
            "antennas": [
                -0.0041675807898649995,
                -0.2100126225059046
            ],
            "body_yaw": -0.3140723397810006,
            "check_collision": false
        },
        {
            "head": [
                [
                    0.958939786011211,
                    -0.2478959961912406,
                    0.13777540374509836,
                    -0.007003031988114316
                ],
                [
                    0.24974537463344637,
                    0.9683033830082852,
                    0.003975714264019605,
                    -0.0026045808207814224
                ],
                [
                    -0.13439395318976202,
                    0.030596299238013255,
                    0.9904555173348096,
                    0.005663216259733983
                ],
                [
                    0.0,
                    0.0,
                    0.0,
                    1.0
                ]
            ],
            "antennas": [
                -0.0041675807898649995,
                -0.2100126225059046
            ],
            "body_yaw": -0.3140723397810006,
            "check_collision": false
        },
        {
            "head": [
                [
                    0.9589658624914525,
                    -0.24780397238168253,
                    0.1377594492145038,
                    -0.007017694467960512
                ],
                [
                    0.24966521496917074,
                    0.9683244506729642,
                    0.003877971544547658,
                    -0.0026241381687656436
                ],
                [
                    -0.1343568197391665,
                    0.030674900175239182,
                    0.990458124046048,
                    0.005691506897867571
                ],
                [
                    0.0,
                    0.0,
                    0.0,
                    1.0
                ]
            ],
            "antennas": [
                -0.0041675807898649995,
                -0.2100126225059046
            ],
            "body_yaw": -0.3140723397810006,
            "check_collision": false
        },
        {
            "head": [
                [
                    0.9589807357019722,
                    -0.2477320471266332,
                    0.13778527272154903,
                    -0.006979253446714854
                ],
                [
                    0.24960738583427963,
                    0.9683397665464031,
                    0.0037748459351974965,
                    -0.0025677397092793795
                ],
                [
                    -0.1343581091318314,
                    0.030772217198391842,
                    0.9904549304027991,
                    0.005604548931992137
                ],
                [
                    0.0,
                    0.0,
                    0.0,
                    1.0
                ]
            ],
            "antennas": [
                -0.0041675807898649995,
                -0.2100126225059046
            ],
            "body_yaw": -0.3140723397810006,
            "check_collision": false
        },
        {
            "head": [
                [
                    0.9590265981008282,
                    -0.24755761403306448,
                    0.13777957711289657,
                    -0.006984383589196317
                ],
                [
                    0.2494354649524192,
                    0.968384191742121,
                    0.0037424601439852503,
                    -0.002587851498674477
                ],
                [
                    -0.13435003892490244,
                    0.030777994057688947,
                    0.9904558456199155,
                    0.005622518666139165
                ],
                [
                    0.0,
                    0.0,
                    0.0,
                    1.0
                ]
            ],
            "antennas": [
                -0.0041675807898649995,
                -0.2100126225059046
            ],
            "body_yaw": -0.3140723397810006,
            "check_collision": false
        },
        {
            "head": [
                [
                    0.9590583409843898,
                    -0.24741455580097602,
                    0.1378155875294056,
                    -0.0069808464762446815
                ],
                [
                    0.24929803569756862,
                    0.9684197471821283,
                    0.0036990086558507454,
                    -0.0026872865563157423
                ],
                [
                    -0.13437852501647474,
                    0.030809590154820043,
                    0.9904509988731842,
                    0.005683778613858492
                ],
                [
                    0.0,
                    0.0,
                    0.0,
                    1.0
                ]
            ],
            "antennas": [
                -0.0041675807898649995,
                -0.2100126225059046
            ],
            "body_yaw": -0.3140723397810006,
            "check_collision": false
        },
        {
            "head": [
                [
                    0.9590463690139395,
                    -0.24744522696171306,
                    0.13784383096477126,
                    -0.0069818706219540345
                ],
                [
                    0.24934582638668878,
                    0.9684078846812062,
                    0.0035815849578763343,
                    -0.0027135860662658978
                ],
                [
                    -0.13437529886373228,
                    0.030935877895051693,
                    0.990447500130191,
                    0.005700874395544786
                ],
                [
                    0.0,
                    0.0,
                    0.0,
                    1.0
                ]
            ],
            "antennas": [
                -0.0041675807898649995,
                -0.2100126225059046
            ],
            "body_yaw": -0.3140723397810006,
            "check_collision": false
        },
        {
            "head": [
                [
                    0.9590457438559178,
                    -0.24736209833889497,
                    0.1379972952533049,
                    -0.006936165934898122
                ],
                [
                    0.24927147175613232,
                    0.9684271550256728,
                    0.0035466572167159646,
                    -0.0027587626552532923
                ],
                [
                    -0.13451763661461152,
                    0.03099738237754953,
                    0.9904262555714882,
                    0.005680795110639791
                ],
                [
                    0.0,
                    0.0,
                    0.0,
                    1.0
                ]
            ],
            "antennas": [
                -0.0041675807898649995,
                -0.2100126225059046
            ],
            "body_yaw": -0.3140723397810006,
            "check_collision": false
        },
        {
            "head": [
                [
                    0.9590673376876514,
                    -0.2472531749621994,
                    0.13804241830622888,
                    -0.006941533248101043
                ],
                [
                    0.24917496997996413,
                    0.9684523103562847,
                    0.003457875222999311,
                    -0.002780090358594908
                ],
                [
                    -0.13454246956334576,
                    0.031080380253238192,
                    0.9904202814195142,
                    0.005691678259944766
                ],
                [
                    0.0,
                    0.0,
                    0.0,
                    1.0
                ]
            ],
            "antennas": [
                -0.0041675807898649995,
                -0.2100126225059046
            ],
            "body_yaw": -0.3140723397810006,
            "check_collision": false
        },
        {
            "head": [
                [
                    0.9591000997781091,
                    -0.24718854439732407,
                    0.13793049744111532,
                    -0.006899785631992703
                ],
                [
                    0.24911783493857143,
                    0.9684673121755103,
                    0.0033718782690642726,
                    -0.0027608583666348923
                ],
                [
                    -0.13441466780504305,
                    0.031126978110231636,
                    0.9904361707412473,
                    0.005628042355503515
                ],
                [
                    0.0,
                    0.0,
                    0.0,
                    1.0
                ]
            ],
            "antennas": [
                -0.0041675807898649995,
                -0.2100126225059046
            ],
            "body_yaw": -0.3140723397810006,
            "check_collision": false
        },
        {
            "head": [
                [
                    0.9591379569135043,
                    -0.24710881943725937,
                    0.13781005392971904,
                    -0.006904657956880875
                ],
                [
                    0.24905333010906006,
                    0.9684844002812868,
                    0.0032257050986221492,
                    -0.002776057288629981
                ],
                [
                    -0.13426398761162903,
                    0.031228156655807776,
                    0.9904534233685621,
                    0.005634584058910597
                ],
                [
                    0.0,
                    0.0,
                    0.0,
                    1.0
                ]
            ],
            "antennas": [
                -0.0041675807898649995,
                -0.2100126225059046
            ],
            "body_yaw": -0.3140723397810006,
            "check_collision": false
        },
        {
            "head": [
                [
                    0.959150477629709,
                    -0.24703858111867458,
                    0.13784883279002866,
                    -0.006891708484489851
                ],
                [
                    0.24900956802095145,
                    0.9684962710355279,
                    0.0030344726554063835,
                    -0.0027223472058099402
                ],
                [
                    -0.13425571234297776,
                    0.03141516240845007,
                    0.9904486313151886,
                    0.005548985435756881
                ],
                [
                    0.0,
                    0.0,
                    0.0,
                    1.0
                ]
            ],
            "antennas": [
                -0.0041675807898649995,
                -0.2100126225059046
            ],
            "body_yaw": -0.3140723397810006,
            "check_collision": false
        },
        {
