{
    "description": "An animated negative response, for example, when you don’t want to do something but want to explain it playfully.",
    "time": [
        1753104541.5408387,
        1753104541.5509503,
        1753104541.5609143,
        1753104541.5709345,
        1753104541.581094,
        1753104541.5910518,
        1753104541.6010969,
        1753104541.6114306,
        1753104541.621509,
        1753104541.6315668,
        1753104541.6415093,
        1753104541.6517286,
        1753104541.6616638,
        1753104541.6716375,
        1753104541.6817617,
        1753104541.6918037,
        1753104541.7019331,
        1753104541.711981,
        1753104541.721994,
        1753104541.7320774,
        1753104541.7421033,
        1753104541.7522345,
        1753104541.7622566,
        1753104541.7722604,
        1753104541.7824166,
        1753104541.7924497,
        1753104541.802464,
        1753104541.8125412,
        1753104541.8226254,
        1753104541.83265,
        1753104541.8427517,
        1753104541.852783,
        1753104541.8628259,
        1753104541.8728967,
        1753104541.8829858,
        1753104541.8930833,
        1753104541.9030833,
        1753104541.913076,
        1753104541.9231677,
        1753104541.9332032,
        1753104541.9432106,
        1753104541.9533558,
        1753104541.9634418,
        1753104541.9734328,
        1753104541.983619,
        1753104541.993567,
        1753104542.003667,
        1753104542.0137722,
        1753104542.0237207,
        1753104542.0338137,
        1753104542.043845,
        1753104542.0539823,
        1753104542.0639842,
        1753104542.074036,
        1753104542.0841198,
        1753104542.0941138,
        1753104542.1041996,
        1753104542.1143236,
        1753104542.1242964,
        1753104542.1343727,
        1753104542.144405,
        1753104542.1544726,
        1753104542.1645374,
        1753104542.1745636,
        1753104542.1849697,
        1753104542.1948955,
        1753104542.2049398,
        1753104542.2151024,
        1753104542.224978,
        1753104542.2349308,
        1753104542.2450414,
        1753104542.2551255,
        1753104542.2660632,
        1753104542.2753303,
        1753104542.2853076,
        1753104542.295365,
        1753104542.305365,
        1753104542.3154926,
        1753104542.3254583,
        1753104542.335547,
        1753104542.3456945,
        1753104542.3557274,
        1753104542.3657777,
        1753104542.3758507,
        1753104542.385966,
        1753104542.3959873,
        1753104542.4059656,
        1753104542.4161313,
        1753104542.4261167,
        1753104542.4362226,
        1753104542.4463122,
        1753104542.4563,
        1753104542.4664483,
        1753104542.4764314,
        1753104542.4867537,
        1753104542.496658,
        1753104542.5066366,
        1753104542.5171938,
        1753104542.5268767,
        1753104542.536961,
        1753104542.5474107,
        1753104542.557179,
        1753104542.5672832,
        1753104542.5771704,
        1753104542.587255,
        1753104542.597305,
        1753104542.6075096,
        1753104542.6174748,
        1753104542.6274621,
        1753104542.6375473,
        1753104542.647646,
        1753104542.6579013,
        1753104542.6677291,
        1753104542.677834,
        1753104542.6879234,
        1753104542.6979637,
        1753104542.707967,
        1753104542.7181501,
        1753104542.7280755,
        1753104542.7380996,
        1753104542.74823,
        1753104542.7582111,
        1753104542.7683115,
        1753104542.7783415,
        1753104542.7884216,
        1753104542.7984765,
        1753104542.8085558,
        1753104542.818746,
        1753104542.8286917,
        1753104542.838673,
        1753104542.8488543,
        1753104542.8588202,
        1753104542.8689194,
        1753104542.8789358,
        1753104542.889054,
        1753104542.8992016,
        1753104542.9093037,
        1753104542.9194014,
        1753104542.9294534,
        1753104542.9393795,
        1753104542.9494853,
        1753104542.959448,
        1753104542.9695396,
        1753104542.979627,
        1753104542.989658,
        1753104542.9997349,
        1753104543.0098517,
        1753104543.0199018,
        1753104543.0300148,
        1753104543.0399632,
        1753104543.050062,
        1753104543.0601764,
        1753104543.0700943,
        1753104543.0802312,
        1753104543.090223,
        1753104543.1002314,
        1753104543.11033,
        1753104543.1204007,
        1753104543.130481,
        1753104543.1404605,
        1753104543.1506007,
        1753104543.1606421,
        1753104543.1707308,
        1753104543.1808503,
        1753104543.190825,
        1753104543.200849,
        1753104543.2109358,
        1753104543.2210484,
        1753104543.231062,
        1753104543.2410696,
        1753104543.2511806,
        1753104543.261149,
        1753104543.2712104,
        1753104543.281296,
        1753104543.2913606,
        1753104543.3014956,
        1753104543.3115046,
        1753104543.321724,
        1753104543.3317673,
        1753104543.3417149,
        1753104543.3518403,
        1753104543.3618536,
        1753104543.3718717,
        1753104543.3820353,
        1753104543.3920026,
        1753104543.40208,
        1753104543.412109,
        1753104543.4221027,
        1753104543.4322245,
        1753104543.4422991,
        1753104543.4523776,
        1753104543.4623623,
        1753104543.4723983,
        1753104543.482701,
        1753104543.4926543,
        1753104543.5027587,
        1753104543.5128477,
        1753104543.5233612,
        1753104543.5329,
        1753104543.543418,
        1753104543.553,
        1753104543.5630672,
        1753104543.573076,
        1753104543.583275,
        1753104543.59469,
        1753104543.603313,
        1753104543.61346,
        1753104543.6234071,
        1753104543.6339893,
        1753104543.6435127,
        1753104543.653643,
        1753104543.6637843,
        1753104543.6736753,
        1753104543.6838355,
        1753104543.6938255,
        1753104543.7038825,
        1753104543.714056,
        1753104543.7240205,
        1753104543.7340908,
        1753104543.744087,
        1753104543.7541916,
        1753104543.7642565,
        1753104543.7742755,
        1753104543.7843716,
        1753104543.79438,
        1753104543.8044384,
        1753104543.8144999,
        1753104543.8245752,
        1753104543.834635,
        1753104543.8446944,
        1753104543.8547554,
        1753104543.8648198,
        1753104543.874886,
        1753104543.885057,
        1753104543.8950315,
        1753104543.9050825,
        1753104543.9150994,
        1753104543.9251497,
        1753104543.9354205,
        1753104543.9452739,
        1753104543.955292,
        1753104543.965437,
        1753104543.9755392,
        1753104543.985562,
        1753104543.995621,
        1753104544.0056043,
        1753104544.0157695,
        1753104544.025766,
        1753104544.0358005,
        1753104544.045866,
        1753104544.0559447,
        1753104544.0660594,
        1753104544.0760577,
        1753104544.086143,
        1753104544.0961833,
        1753104544.1062784,
        1753104544.1163805,
        1753104544.1263359,
        1753104544.1364145,
        1753104544.1465313,
        1753104544.1565778,
        1753104544.1666205,
        1753104544.1766531,
        1753104544.186841,
        1753104544.196836,
        1753104544.206832,
        1753104544.2169597,
        1753104544.2269685,
        1753104544.2370203,
        1753104544.2471905,
        1753104544.2571988,
        1753104544.26726,
        1753104544.2773201,
        1753104544.2874224,
        1753104544.2974086,
        1753104544.3074598,
        1753104544.3176036,
        1753104544.3275278,
        1753104544.3376427,
        1753104544.3477535,
        1753104544.3578448,
        1753104544.367902,
        1753104544.3779318,
        1753104544.3879879,
        1753104544.3980877,
        1753104544.4081798,
        1753104544.4181943,
        1753104544.4283004,
        1753104544.4382732,
        1753104544.4484205,
        1753104544.4583893,
        1753104544.4684353,
        1753104544.478648,
        1753104544.4888387,
        1753104544.4987404,
        1753104544.5087404,
        1753104544.5188427,
        1753104544.5288432,
        1753104544.5389802,
        1753104544.5495455,
        1753104544.5603347,
        1753104544.5693736,
        1753104544.579426,
        1753104544.5892901,
        1753104544.5992734,
        1753104544.6093233,
        1753104544.619499,
        1753104544.6295838,
        1753104544.6394844,
        1753104544.6496058,
        1753104544.6596298,
        1753104544.6697187,
        1753104544.6798596,
        1753104544.6898634,
        1753104544.6999383,
        1753104544.710046,
        1753104544.7200801,
        1753104544.7300797,
        1753104544.7401361,
        1753104544.7502353,
        1753104544.7602665,
        1753104544.7702923,
        1753104544.7803986,
        1753104544.7904122,
        1753104544.800477,
        1753104544.810505,
        1753104544.8206282,
        1753104544.8306565,
        1753104544.8407438,
        1753104544.8508499,
        1753104544.86087,
        1753104544.8709016,
        1753104544.8810315,
        1753104544.892144,
        1753104544.9013,
        1753104544.9111755,
        1753104544.921229,
        1753104544.93133,
        1753104544.9413292,
        1753104544.9514096,
        1753104544.9614415,
        1753104544.971485,
        1753104544.9820085,
        1753104544.9917316,
        1753104545.0017643,
        1753104545.0118465,
        1753104545.02187,
        1753104545.0319164,
        1753104545.0420325,
        1753104545.0520918,
        1753104545.0620792,
        1753104545.0721412,
        1753104545.0822132,
        1753104545.0922952,
        1753104545.1023068,
        1753104545.1124692,
        1753104545.1224635,
        1753104545.1325338,
        1753104545.14262,
        1753104545.1526582,
        1753104545.1627355,
        1753104545.1727943,
        1753104545.1829455,
        1753104545.1928668,
        1753104545.2029164,
        1753104545.2130108,
        1753104545.22314,
        1753104545.2330565,
        1753104545.2431154,
        1753104545.253213,
        1753104545.2632816,
        1753104545.273237,
        1753104545.2834074,
        1753104545.2933772,
        1753104545.30347,
        1753104545.31371,
        1753104545.3235974,
        1753104545.333655,
        1753104545.3437812,
        1753104545.353797,
        1753104545.363849,
        1753104545.3739283,
        1753104545.3840542,
        1753104545.394055,
        1753104545.4040508,
        1753104545.4141932,
        1753104545.4242678,
        1753104545.4342694,
        1753104545.4443274,
        1753104545.45445,
        1753104545.464483,
        1753104545.4747498,
        1753104545.4858904,
        1753104545.4948666,
        1753104545.5047636,
        1753104545.514855,
        1753104545.5250764,
        1753104545.535182,
        1753104545.5450401,
        1753104545.55509,
        1753104545.565174,
        1753104545.575161,
        1753104545.5852103,
        1753104545.5952516,
        1753104545.605331,
        1753104545.6156662,
        1753104545.626146,
        1753104545.6362274,
        1753104545.645849,
        1753104545.6558983,
        1753104545.665871,
        1753104545.675935,
        1753104545.6860926,
        1753104545.6960669,
        1753104545.7061448,
        1753104545.7162912,
        1753104545.7263422,
        1753104545.7363164,
        1753104545.7463825,
        1753104545.7564156,
        1753104545.7665498,
        1753104545.776569,
        1753104545.7866104,
        1753104545.7966537,
        1753104545.806969,
        1753104545.816998,
        1753104545.826863,
        1753104545.8369403,
        1753104545.847021,
        1753104545.8570752,
        1753104545.8670847,
        1753104545.8772554,
        1753104545.8873293,
        1753104545.8973255,
        1753104545.9073098,
        1753104545.917423,
        1753104545.927428,
        1753104545.9375658,
        1753104545.9476779,
        1753104545.9576204,
        1753104545.9677145,
        1753104545.977755,
        1753104545.9878914,
        1753104545.9978766,
        1753104546.0079067,
        1753104546.0181422,
        1753104546.0281134,
        1753104546.0380595,
        1753104546.0481515,
        1753104546.0581884,
        1753104546.068265,
        1753104546.0783367,
        1753104546.0883608,
        1753104546.09848,
        1753104546.1085992,
        1753104546.1186042,
        1753104546.1286163,
        1753104546.1386797,
        1753104546.148785,
        1753104546.158858,
        1753104546.1689084,
        1753104546.1789012,
        1753104546.1890416,
        1753104546.1990376,
        1753104546.209042,
        1753104546.2191398,
        1753104546.2292252,
        1753104546.2392635,
        1753104546.2493312,
        1753104546.2593582,
        1753104546.2695286,
        1753104546.2796223,
        1753104546.2895563,
        1753104546.299578,
        1753104546.309719,
        1753104546.3198454,
        1753104546.3299522,
        1753104546.3398302,
        1753104546.3499703,
        1753104546.3599987,
        1753104546.3700583,
        1753104546.3802025,
        1753104546.390162,
        1753104546.4002388,
        1753104546.410323,
        1753104546.420381,
        1753104546.430429,
        1753104546.4404037,
        1753104546.4505892,
        1753104546.460535,
        1753104546.4706266,
        1753104546.4808028,
        1753104546.490897,
        1753104546.5008588,
        1753104546.5108898,
        1753104546.5210762,
        1753104546.5310524,
        1753104546.5412917,
        1753104546.5517058,
        1753104546.5616808,
        1753104546.5715928,
        1753104546.58165,
        1753104546.5916936,
        1753104546.6017504,
        1753104546.6117866,
        1753104546.6219559,
        1753104546.6319823,
        1753104546.642005,
        1753104546.65211,
        1753104546.6621141,
        1753104546.6721735,
        1753104546.6821995,
        1753104546.6923048,
        1753104546.7023404,
        1753104546.7124562,
        1753104546.7224672,
        1753104546.7325318,
        1753104546.7425394,
        1753104546.75292,
        1753104546.7627149,
        1753104546.772775,
        1753104546.7828786,
        1753104546.7929602,
        1753104546.8029358,
        1753104546.8130918,
        1753104546.8233154,
        1753104546.833326,
        1753104546.8431797,
        1753104546.8533149,
        1753104546.8633163,
        1753104546.8734188,
        1753104546.8835344,
        1753104546.893499,
        1753104546.9036567,
        1753104546.9138994,
        1753104546.9237757,
        1753104546.9338145,
        1753104546.943814,
        1753104546.9539447,
        1753104546.9639583,
        1753104546.9739876,
        1753104546.9840975,
        1753104546.994128,
        1753104547.0041556,
        1753104547.0142884,
        1753104547.02432,
        1753104547.0343547,
        1753104547.044404,
        1753104547.0544667,
        1753104547.0645797,
        1753104547.0745945,
        1753104547.084752,
        1753104547.0947528,
        1753104547.1048834,
        1753104547.1150117,
        1753104547.1249483,
        1753104547.1350083,
        1753104547.1450262,
        1753104547.1551678,
        1753104547.1652145,
        1753104547.1752784,
        1753104547.185388,
        1753104547.1954277,
        1753104547.2053916,
        1753104547.2155068,
        1753104547.2255607,
        1753104547.2355754,
        1753104547.24567,
        1753104547.2558892,
        1753104547.2658505,
        1753104547.2759497,
        1753104547.2859988,
        1753104547.2960184,
        1753104547.3060446,
        1753104547.3161418,
        1753104547.326213,
        1753104547.336184,
        1753104547.34623,
        1753104547.3563547,
        1753104547.3663807,
        1753104547.3764398,
        1753104547.3865201,
        1753104547.3966708,
        1753104547.4066494,
        1753104547.4167666,
        1753104547.4267664,
        1753104547.4368525,
        1753104547.4469573,
        1753104547.4569254,
        1753104547.4670224,
        1753104547.477122,
        1753104547.4882822,
        1753104547.4990253,
        1753104547.5075228,
        1753104547.5178313,
        1753104547.5277622,
        1753104547.537833,
        1753104547.548073,
        1753104547.5580552,
        1753104547.5680704,
        1753104547.5782194,
        1753104547.5881891,
        1753104547.5982187,
        1753104547.608308,
        1753104547.618435,
        1753104547.6289005,
        1753104547.6386065,
        1753104547.648818
    ],
    "set_target_data": [
        {
            "head": [
                [
                    0.9970679548990158,
                    -0.06852823056717414,
                    -0.03404959513455708,
                    -0.01161976509744609
                ],
                [
                    0.06709866882748683,
                    0.9968833178464347,
                    -0.04148998964888182,
                    -0.007665388949963518
                ],
                [
                    0.03678670894595331,
                    0.03908365662034826,
                    0.9985585640462502,
                    -0.004658644475659779
                ],
                [
                    0.0,
                    0.0,
                    0.0,
                    1.0
                ]
            ],
            "antennas": [
                0.05586456342285101,
                -0.04027924408946202
            ],
            "body_yaw": -0.10184354114237483,
            "check_collision": false
        },
        {
            "head": [
                [
                    0.9970561350099582,
                    -0.06868019472093094,
                    -0.03408950706740605,
                    -0.011658022585928771
                ],
                [
                    0.06723874287565106,
                    0.9968622211801241,
                    -0.041769168537701955,
                    -0.007680940192936482
                ],
                [
                    0.03685125636265069,
                    0.03935407014431765,
                    0.9985455633407871,
                    -0.004561260396487521
                ],
                [
                    0.0,
                    0.0,
                    0.0,
                    1.0
                ]
            ],
            "antennas": [
                0.05586456342285101,
                -0.04027924408946202
            ],
            "body_yaw": -0.10184354114237483,
            "check_collision": false
        },
        {
            "head": [
                [
                    0.9970484903242745,
                    -0.06882743746124395,
                    -0.03401605201377493,
                    -0.011661402442986562
                ],
                [
                    0.06737026385886241,
                    0.9968320811720826,
                    -0.04227350817855169,
                    -0.007703673292758435
                ],
                [
                    0.03681786916257572,
                    0.039857067110531025,
                    0.9985268442619228,
                    -0.004546767043060673
                ],
                [
                    0.0,
                    0.0,
                    0.0,
                    1.0
                ]
            ],
            "antennas": [
                0.05586456342285101,
                -0.04027924408946202
            ],
            "body_yaw": -0.10184354114237483,
            "check_collision": false
        },
        {
            "head": [
                [
                    0.9970340912810849,
                    -0.06917300449054745,
                    -0.03373597891052844,
                    -0.011608272971255468
                ],
                [
                    0.06770119427280383,
                    0.9967796145416883,
                    -0.0429761367291087,
                    -0.00758573192578612
                ],
                [
                    0.03660012455357208,
                    0.04056470736827365,
                    0.9985063522075305,
                    -0.0045935533332363
                ],
                [
                    0.0,
                    0.0,
                    0.0,
                    1.0
                ]
            ],
            "antennas": [
                0.05586456342285101,
                -0.04027924408946202
            ],
            "body_yaw": -0.10184354114237483,
            "check_collision": false
        },
        {
            "head": [
                [
                    0.9970320906578414,
                    -0.06933271487769489,
                    -0.033466174656539435,
                    -0.01159787216576386
                ],
                [
                    0.06783865697575774,
                    0.996730592547754,
                    -0.04388670070908182,
                    -0.007600591038206712
                ],
                [
                    0.036399544202904685,
                    0.04148614861723504,
                    0.9984758247723022,
                    -0.004579381982535047
                ],
                [
                    0.0,
                    0.0,
                    0.0,
                    1.0
                ]
            ],
            "antennas": [
                0.05586456342285101,
                -0.04027924408946202
            ],
            "body_yaw": -0.10184354114237483,
            "check_collision": false
        },
        {
            "head": [
                [
                    0.9970167594129464,
                    -0.0696592897752526,
                    -0.03324401897657329,
                    -0.011578838567967976
                ],
                [
                    0.06814072037550864,
                    0.9966687277721321,
                    -0.04481394099816234,
                    -0.007663245361047226
                ],
                [
                    0.03625498140137597,
                    0.042414978829270006,
                    0.998442059357727,
                    -0.004547118629162017
                ],
                [
                    0.0,
                    0.0,
                    0.0,
                    1.0
                ]
            ],
            "antennas": [
                0.05586456342285101,
                -0.04027924408946202
            ],
            "body_yaw": -0.10184354114237483,
            "check_collision": false
        },
        {
            "head": [
                [
                    0.997012506340764,
                    -0.0697648352642971,
                    -0.033150112528522,
                    -0.01158912651984281
                ],
                [
                    0.06821318286844956,
                    0.9966173202803256,
                    -0.04583534226138904,
                    -0.007672133557012576
                ],
                [
                    0.03623567141731532,
                    0.04343713477899647,
                    0.998398813820974,
                    -0.004532571236278038
                ],
                [
                    0.0,
                    0.0,
                    0.0,
                    1.0
                ]
            ],
            "antennas": [
                0.05586456342285101,
                -0.04027924408946202
            ],
            "body_yaw": -0.10184354114237483,
            "check_collision": false
        },
        {
            "head": [
                [
                    0.9969992641691452,
                    -0.06990607193979598,
                    -0.03325068949858721,
                    -0.011578172936237793
                ],
                [
                    0.06831827302043217,
                    0.9965697001700073,
                    -0.04670595545075219,
                    -0.007666211166462754
                ],
                [
                    0.03640165954581026,
                    0.044294173533434705,
                    0.9983551198713317,
                    -0.004559503844307589
                ],
                [
                    0.0,
                    0.0,
                    0.0,
                    1.0
                ]
            ],
            "antennas": [
                0.05586456342285101,
                -0.04027924408946202
            ],
            "body_yaw": -0.10184354114237483,
            "check_collision": false
        },
        {
            "head": [
                [
                    0.9969900722900842,
                    -0.06999566776248406,
                    -0.03333770012308842,
                    -0.011628160450255595
                ],
                [
                    0.06835661822933287,
                    0.9965055884902723,
                    -0.04799984220708962,
                    -0.007746302788284098
                ],
                [
                    0.036580985487849556,
                    0.045576513712000964,
                    0.9982908458453367,
                    -0.004620865254954976
                ],
                [
                    0.0,
                    0.0,
                    0.0,
                    1.0
                ]
            ],
            "antennas": [
                0.05586456342285101,
                -0.04027924408946202
            ],
            "body_yaw": -0.10184354114237483,
            "check_collision": false
        },
        {
            "head": [
                [
                    0.9969623725963879,
                    -0.07035365635200284,
                    -0.03341243278908515,
                    -0.011659205535779114
                ],
                [
                    0.0686717564376174,
                    0.9964319101126872,
                    -0.04906769178343221,
                    -0.007770730848145682
                ],
                [
                    0.03674530575125749,
                    0.04662415197175856,
                    0.998236430390196,
                    -0.0046073253126126534
                ],
                [
                    0.0,
                    0.0,
                    0.0,
                    1.0
                ]
            ],
            "antennas": [
                0.05586456342285101,
                -0.04027924408946202
            ],
            "body_yaw": -0.10184354114237483,
            "check_collision": false
        },
        {
            "head": [
                [
                    0.9969264619226261,
                    -0.07089017050618662,
                    -0.033349861229677,
                    -0.01168545926350787
                ],
                [
                    0.06916994997013551,
                    0.9963420409881324,
                    -0.050180228982459295,
                    -0.007631609780417305
                ],
                [
                    0.03678515379285339,
                    0.04771918990518264,
                    0.9981832153343542,
                    -0.004654175583268083
                ],
                [
                    0.0,
                    0.0,
                    0.0,
                    1.0
                ]
            ],
            "antennas": [
                0.05586456342285101,
                -0.04027924408946202
            ],
            "body_yaw": -0.10184354114237483,
            "check_collision": false
        },
        {
            "head": [
                [
                    0.9968993638585858,
                    -0.07133230189900058,
                    -0.03321687890420294,
                    -0.011652817267923075
                ],
                [
                    0.06957492638197355,
                    0.9962539287189477,
                    -0.051356003845749135,
                    -0.0076810792200322515
                ],
                [
                    0.036755788078744925,
                    0.04888570565974755,
                    0.9981278474348156,
                    -0.004669921662117216
                ],
                [
                    0.0,
                    0.0,
                    0.0,
                    1.0
                ]
            ],
            "antennas": [
                0.05586456342285101,
                -0.04027924408946202
            ],
            "body_yaw": -0.10184354114237483,
            "check_collision": false
        },
        {
            "head": [
                [
                    0.9968844344906013,
                    -0.07157493289707129,
                    -0.03314292158417035,
                    -0.01165821631222659
                ],
                [
                    0.06977923217081691,
                    0.9961804600874293,
                    -0.05249142499160603,
                    -0.007698778773411087
                ],
                [
                    0.03677340109380626,
                    0.05001519689832197,
                    0.9980712384650791,
                    -0.004665126259600805
                ],
                [
                    0.0,
                    0.0,
                    0.0,
                    1.0
                ]
            ],
            "antennas": [
                0.05586456342285101,
                -0.04027924408946202
            ],
            "body_yaw": -0.10184354114237483,
            "check_collision": false
        },
        {
            "head": [
                [
                    0.9968617162610987,
                    -0.07192580238181502,
                    -0.033066563243084754,
                    -0.011646013311842063
                ],
                [
                    0.07008955401628388,
                    0.9960948224285693,
                    -0.05368946962669126,
                    -0.007644696167325018
                ],
                [
                    0.036799090624297426,
                    0.05120335616665252,
                    0.9980100416561427,
                    -0.004701339152017092
                ],
                [
                    0.0,
                    0.0,
                    0.0,
                    1.0
                ]
            ],
            "antennas": [
                0.05586456342285101,
                -0.04027924408946202
            ],
            "body_yaw": -0.10184354114237483,
            "check_collision": false
        },
        {
            "head": [
                [
                    0.9968454329182548,
                    -0.07219848565149825,
                    -0.03296303292549342,
                    -0.011645522347717655
                ],
                [
                    0.07033059882730577,
                    0.9960235525189445,
                    -0.05468719864953416,
                    -0.007651617625837617
                ],
                [
                    0.03678029008326793,
                    0.05219637436806734,
                    0.99795929213782,
                    -0.004700508609036036
                ],
                [
                    0.0,
                    0.0,
                    0.0,
                    1.0
                ]
            ],
            "antennas": [
                0.05586456342285101,
                -0.04027924408946202
            ],
            "body_yaw": -0.10184354114237483,
            "check_collision": false
        },
        {
            "head": [
                [
                    0.9968282688334925,
                    -0.07248733161418289,
                    -0.032847971168362196,
                    -0.011651216626099647
                ],
                [
                    0.07058503734309515,
                    0.9959449936275258,
                    -0.05577922706116721,
                    -0.007483468269904238
                ],
                [
                    0.03675805976511728,
                    0.05328373507668986,
                    0.9979026448599988,
                    -0.004772934591499967
                ],
                [
                    0.0,
                    0.0,
                    0.0,
                    1.0
                ]
            ],
            "antennas": [
                0.05586456342285101,
                -0.04027924408946202
            ],
            "body_yaw": -0.10184354114237483,
            "check_collision": false
        },
        {
            "head": [
                [
                    0.9968129401505843,
                    -0.07267410725018392,
                    -0.032900402485936,
                    -0.011657986859397635
                ],
                [
                    0.07073266051310176,
                    0.9958791567675841,
                    -0.05675910369820838,
                    -0.007475686550467117
                ],
                [
                    0.03688974227459598,
                    0.054251076037940875,
                    0.9978456632484001,
                    -0.004769198422538756
                ],
                [
                    0.0,
                    0.0,
                    0.0,
                    1.0
                ]
            ],
            "antennas": [
                0.05586456342285101,
                -0.04027924408946202
            ],
            "body_yaw": -0.10184354114237483,
            "check_collision": false
        },
        {
            "head": [
                [
                    0.9968024485255468,
                    -0.07275475364056243,
                    -0.03303974025587589,
                    -0.011723948837266119
                ],
                [
                    0.07078223876757249,
                    0.9958394822595059,
                    -0.05738989674297605,
                    -0.007523096876314908
                ],
                [
                    0.037077665629392534,
                    0.054867762810416845,
                    0.9978049785983505,
                    -0.004602199242458083
                ],
                [
                    0.0,
                    0.0,
                    0.0,
                    1.0
                ]
            ],
            "antennas": [
                0.05586456342285101,
                -0.04027924408946202
            ],
            "body_yaw": -0.10184354114237483,
            "check_collision": false
        },
        {
            "head": [
                [
                    0.9967807770723858,
                    -0.07303351087010185,
                    -0.033078523983967004,
                    -0.011743247060225497
                ],
                [
                    0.07103222227805292,
                    0.995780613466536,
                    -0.058098134586670305,
                    -0.007520336918921126
                ],
                [
                    0.03718206364919041,
                    0.055561462671498224,
                    0.9977627062626623,
                    -0.004580842128298013
                ],
                [
                    0.0,
                    0.0,
                    0.0,
                    1.0
                ]
            ],
            "antennas": [
                0.05586456342285101,
                -0.04027924408946202
            ],
            "body_yaw": -0.10184354114237483,
            "check_collision": false
        },
        {
            "head": [
                [
                    0.9967622130307244,
                    -0.0732939611734631,
                    -0.03306185006311052,
                    -0.011763433403181266
                ],
                [
                    0.07127608117663412,
                    0.995736071476063,
                    -0.05856104689568345,
                    -0.007601875939975444
                ],
                [
                    0.03721304779502188,
                    0.0560149195921895,
                    0.997736196525357,
                    -0.004481844593667628
                ],
                [
                    0.0,
                    0.0,
                    0.0,
                    1.0
                ]
            ],
            "antennas": [
                0.05586456342285101,
                -0.04027924408946202
            ],
            "body_yaw": -0.10184354114237483,
            "check_collision": false
        },
        {
            "head": [
                [
                    0.996748809993587,
                    -0.07343043376061895,
                    -0.03316294881483894,
                    -0.011781485775891998
                ],
                [
                    0.07139385075111174,
                    0.9957073097379973,
                    -0.058905614411937604,
                    -0.007609534477656431
                ],
                [
                    0.037346055364606535,
                    0.05634647044888652,
                    0.9977125575117597,
                    -0.004468084885380419
                ],
                [
                    0.0,
                    0.0,
                    0.0,
                    1.0
                ]
            ],
            "antennas": [
                0.05586456342285101,
                -0.04027924408946202
            ],
            "body_yaw": -0.10184354114237483,
            "check_collision": false
        },
        {
            "head": [
                [
                    0.9967446909587936,
                    -0.07349556469010836,
                    -0.03314246545357981,
                    -0.011786254123676617
                ],
                [
                    0.07144295582001599,
                    0.9956766351351667,
                    -0.05936280240699402,
                    -0.007386158238024286
                ],
                [
                    0.03736208116739319,
                    0.056801762444440664,
                    0.9976861403638155,
                    -0.0045682844662243705
                ],
                [
                    0.0,
                    0.0,
                    0.0,
                    1.0
                ]
            ],
            "antennas": [
                0.05586456342285101,
                -0.04027924408946202
            ],
            "body_yaw": -0.10184354114237483,
            "check_collision": false
        },
        {
            "head": [
                [
                    0.9967345624743319,
                    -0.07357512286273186,
                    -0.033270306052632044,
                    -0.011838839220118847
                ],
                [
                    0.07149327000957383,
                    0.9956381466945732,
                    -0.0599449179658583,
                    -0.007415332008408149
                ],
                [
                    0.037535640562538226,
                    0.05737056860733752,
                    0.9976470786531831,
                    -0.0046050356452269625
                ],
                [
                    0.0,
                    0.0,
                    0.0,
                    1.0
                ]
            ],
            "antennas": [
                0.05586456342285101,
                -0.04027924408946202
            ],
            "body_yaw": -0.10184354114237483,
            "check_collision": false
        },
        {
            "head": [
                [
