{
    "description": "TODO: Add a description of the recording. You can add as much as you want, even if the wording is not perfect.",
    "time": [
        1753104644.7289805,
        1753104644.7386963,
        1753104644.7487423,
        1753104644.7588584,
        1753104644.7688696,
        1753104644.7789323,
        1753104644.7890341,
        1753104644.7990456,
        1753104644.8090916,
        1753104644.8193452,
        1753104644.8291514,
        1753104644.8392284,
        1753104644.8493552,
        1753104644.8593295,
        1753104644.8695056,
        1753104644.8795333,
        1753104644.8895905,
        1753104644.8996272,
        1753104644.9097195,
        1753104644.9197805,
        1753104644.9297442,
        1753104644.9398434,
        1753104644.9498975,
        1753104644.959939,
        1753104644.9699905,
        1753104644.980024,
        1753104644.9900606,
        1753104645.000104,
        1753104645.010166,
        1753104645.0203333,
        1753104645.0303035,
        1753104645.040364,
        1753104645.050492,
        1753104645.0607069,
        1753104645.0705612,
        1753104645.0806432,
        1753104645.090737,
        1753104645.1007624,
        1753104645.110918,
        1753104645.1210084,
        1753104645.1309655,
        1753104645.1410022,
        1753104645.151131,
        1753104645.1611626,
        1753104645.1712298,
        1753104645.1812928,
        1753104645.191311,
        1753104645.2014422,
        1753104645.2115018,
        1753104645.221519,
        1753104645.23158,
        1753104645.2417057,
        1753104645.251932,
        1753104645.2618203,
        1753104645.2719085,
        1753104645.2819765,
        1753104645.2920225,
        1753104645.3020916,
        1753104645.3121078,
        1753104645.3221648,
        1753104645.3322177,
        1753104645.342297,
        1753104645.3523648,
        1753104645.3624065,
        1753104645.372476,
        1753104645.3825996,
        1753104645.3925893,
        1753104645.402691,
        1753104645.4127584,
        1753104645.4229207,
        1753104645.432841,
        1753104645.4429038,
        1753104645.4530747,
        1753104645.4630685,
        1753104645.4731047,
        1753104645.4832466,
        1753104645.4933128,
        1753104645.5033355,
        1753104645.5134182,
        1753104645.5234568,
        1753104645.5335271,
        1753104645.5436413,
        1753104645.5540879,
        1753104645.5640945,
        1753104645.5741396,
        1753104645.584204,
        1753104645.5942247,
        1753104645.6042726,
        1753104645.6144056,
        1753104645.6244655,
        1753104645.6344929,
        1753104645.644586,
        1753104645.65466,
        1753104645.6646905,
        1753104645.6747143,
        1753104645.684839,
        1753104645.6949399,
        1753104645.7051933,
        1753104645.7151744,
        1753104645.7252805,
        1753104645.7354066,
        1753104645.7453601,
        1753104645.755434,
        1753104645.7655494,
        1753104645.775566,
        1753104645.785548,
        1753104645.7955267,
        1753104645.805794,
        1753104645.8159838,
        1753104645.8258805,
        1753104645.8358283,
        1753104645.8458796,
        1753104645.856028,
        1753104645.8661077,
        1753104645.8760464,
        1753104645.8861294,
        1753104645.8961055,
        1753104645.9062705,
        1753104645.916794,
        1753104645.9264386,
        1753104645.9365132,
        1753104645.9465103,
        1753104645.956587,
        1753104645.966605,
        1753104645.976707,
        1753104645.9868188,
        1753104645.9968212,
        1753104646.0068388,
        1753104646.0169392,
        1753104646.0270443,
        1753104646.0370297,
        1753104646.0471003,
        1753104646.0571396,
        1753104646.0671813,
        1753104646.0773163,
        1753104646.0872977,
        1753104646.0973058,
        1753104646.107501,
        1753104646.1175745,
        1753104646.1275432,
        1753104646.1376338,
        1753104646.147742,
        1753104646.1577628,
        1753104646.1678433,
        1753104646.177881,
        1753104646.1880436,
        1753104646.1980002,
        1753104646.2080042,
        1753104646.2181785,
        1753104646.2281446,
        1753104646.2382855,
        1753104646.2484913,
        1753104646.258499,
        1753104646.2685082,
        1753104646.2785218,
        1753104646.2886274,
        1753104646.298744,
        1753104646.3087502,
        1753104646.318839,
        1753104646.3288293,
        1753104646.3389738,
        1753104646.349095,
        1753104646.3589864,
        1753104646.3691335,
        1753104646.3792126,
        1753104646.3891985,
        1753104646.3992767,
        1753104646.4093146,
        1753104646.419493,
        1753104646.4295163,
        1753104646.4396324,
        1753104646.4497178,
        1753104646.459641,
        1753104646.4697843,
        1753104646.4798696,
        1753104646.490002,
        1753104646.499904,
        1753104646.5099578,
        1753104646.5203745,
        1753104646.5305717,
        1753104646.5401988,
        1753104646.550263,
        1753104646.5602424,
        1753104646.570541,
        1753104646.5804136,
        1753104646.5904453,
        1753104646.6004827,
        1753104646.6106117,
        1753104646.62073,
        1753104646.6308484,
        1753104646.640864,
        1753104646.6509435,
        1753104646.6609945,
        1753104646.6709757,
        1753104646.6810827,
        1753104646.6911008,
        1753104646.7012308,
        1753104646.7112265,
        1753104646.7213326,
        1753104646.7313578,
        1753104646.741421,
        1753104646.751566,
        1753104646.7614703,
        1753104646.7716012,
        1753104646.781661,
        1753104646.791759,
        1753104646.801838,
        1753104646.8118336,
        1753104646.8219874,
        1753104646.8320146,
        1753104646.842072,
        1753104646.8521395,
        1753104646.8621333,
        1753104646.8722768,
        1753104646.8823693,
        1753104646.8923368,
        1753104646.9023669,
        1753104646.9125526,
        1753104646.9227588,
        1753104646.93278,
        1753104646.942643,
        1753104646.9527783,
        1753104646.9627392,
        1753104646.972849,
        1753104646.982962,
        1753104646.9929655,
        1753104647.0030918,
        1753104647.013069,
        1753104647.0231514,
        1753104647.0332289,
        1753104647.0433245,
        1753104647.0534513,
        1753104647.0633914,
        1753104647.0734627,
        1753104647.0836256,
        1753104647.0936553,
        1753104647.1036925,
        1753104647.1137712,
        1753104647.1238055,
        1753104647.1338851,
        1753104647.1438994,
        1753104647.1539984,
        1753104647.163999,
        1753104647.1741304,
        1753104647.1842334,
        1753104647.194173,
        1753104647.2042508,
        1753104647.214345,
        1753104647.2244391,
        1753104647.2344875,
        1753104647.2444851,
        1753104647.2546015,
        1753104647.264647,
        1753104647.2747054,
        1753104647.2849042,
        1753104647.2948446,
        1753104647.3049026,
        1753104647.3150187,
        1753104647.3249905,
        1753104647.3350785,
        1753104647.3451858,
        1753104647.3552182,
        1753104647.365309,
        1753104647.3753386,
        1753104647.3854425,
        1753104647.395426,
        1753104647.4055357,
        1753104647.4155948,
        1753104647.4256456,
        1753104647.4358156,
        1753104647.4457858,
        1753104647.4558828,
        1753104647.4659405,
        1753104647.476028,
        1753104647.4861937,
        1753104647.496094,
        1753104647.5061822,
        1753104647.5163682,
        1753104647.5262938,
        1753104647.5363371,
        1753104647.5463572,
        1753104647.5565083,
        1753104647.5665276,
        1753104647.5766032,
        1753104647.5866401,
        1753104647.596718,
        1753104647.6071038,
        1753104647.6178577,
        1753104647.6273324,
        1753104647.637425,
        1753104647.647449,
        1753104647.6573904,
        1753104647.6674442,
        1753104647.6776228,
        1753104647.6876736,
        1753104647.6976569,
        1753104647.7077186,
        1753104647.7178478,
        1753104647.7279015,
        1753104647.7379096,
        1753104647.747993,
        1753104647.7580287,
        1753104647.7680838,
        1753104647.778226,
        1753104647.7882276,
        1753104647.7982516,
        1753104647.8082936,
        1753104647.8184774,
        1753104647.8284404,
        1753104647.8384802,
        1753104647.848618,
        1753104647.8586779,
        1753104647.868701,
        1753104647.878767,
        1753104647.888876,
        1753104647.8989866,
        1753104647.9089868,
        1753104647.9191153,
        1753104647.9290752,
        1753104647.939293,
        1753104647.9492407,
        1753104647.9592376,
        1753104647.969296,
        1753104647.9793785,
        1753104647.9894557,
        1753104647.999444,
        1753104648.009518,
        1753104648.0196927,
        1753104648.0297124,
        1753104648.039785,
        1753104648.0498824,
        1753104648.0598736,
        1753104648.0701263,
        1753104648.0800118,
        1753104648.0900812,
        1753104648.1000924,
        1753104648.1102295,
        1753104648.1203127,
        1753104648.1302514,
        1753104648.1402826,
        1753104648.1504788,
        1753104648.1605213,
        1753104648.1705375,
        1753104648.1807168,
        1753104648.1906643,
        1753104648.2007172,
        1753104648.210759,
        1753104648.2208602,
        1753104648.2308962,
        1753104648.240923,
        1753104648.251056,
        1753104648.261093,
        1753104648.2711585,
        1753104648.2812448,
        1753104648.2912624,
        1753104648.3012824,
        1753104648.3114145,
        1753104648.3219898,
        1753104648.3315835,
        1753104648.3415964,
        1753104648.3520164,
        1753104648.3617651,
        1753104648.3718398,
        1753104648.3819692,
        1753104648.3919272,
        1753104648.4020534,
        1753104648.4121194,
        1753104648.422193,
        1753104648.4321785,
        1753104648.4422293,
        1753104648.4524407,
        1753104648.4623682,
        1753104648.47241,
        1753104648.4825406,
        1753104648.493398,
        1753104648.502867,
        1753104648.5127506,
        1753104648.5227969,
        1753104648.532846,
        1753104648.5429065,
        1753104648.5530238,
        1753104648.56304,
        1753104648.5731177,
        1753104648.5831892,
        1753104648.5932033,
        1753104648.603229,
        1753104648.613288,
        1753104648.6233623,
        1753104648.6334105,
        1753104648.6434355,
        1753104648.6535637,
        1753104648.6635458,
        1753104648.6736789,
        1753104648.683827,
        1753104648.6937757,
        1753104648.703854,
        1753104648.713965,
        1753104648.7239864,
        1753104648.7340066,
        1753104648.7442977,
        1753104648.7544405,
        1753104648.7643623,
        1753104648.774215,
        1753104648.7843986,
        1753104648.7944028,
        1753104648.8044538,
        1753104648.8145547,
        1753104648.8245645,
        1753104648.8347075,
        1753104648.8447623,
        1753104648.854805,
        1753104648.864805,
        1753104648.8748918,
        1753104648.8850968,
        1753104648.8950446,
        1753104648.9050946,
        1753104648.9151602,
        1753104648.9252408,
        1753104648.9353845,
        1753104648.945346,
        1753104648.9554415,
        1753104648.965478,
        1753104648.9755824,
        1753104648.985643,
        1753104648.9956486,
        1753104649.0057082,
        1753104649.0157917,
        1753104649.0258288,
        1753104649.0359356,
        1753104649.0459597,
        1753104649.0561218,
        1753104649.0661342,
        1753104649.0761101,
        1753104649.0862017,
        1753104649.0962162,
        1753104649.1064005,
        1753104649.116442,
        1753104649.1264114,
        1753104649.1365552,
        1753104649.1465988,
        1753104649.1566713,
        1753104649.1666965,
        1753104649.1767576,
        1753104649.1870055,
        1753104649.1969116,
        1753104649.2069485,
        1753104649.2170656,
        1753104649.227111,
        1753104649.237159,
        1753104649.2472007,
        1753104649.257236,
        1753104649.2672863,
        1753104649.2773645,
        1753104649.287425,
        1753104649.2974427,
        1753104649.3075092,
        1753104649.3176744,
        1753104649.3277197,
        1753104649.337713,
        1753104649.3478615,
        1753104649.3579915,
        1753104649.367901,
        1753104649.3779337,
        1753104649.3880482,
        1753104649.3981123,
        1753104649.4080737,
        1753104649.4181747,
        1753104649.4281719,
        1753104649.4383256,
        1753104649.4485302,
        1753104649.4584591,
        1753104649.4684112,
        1753104649.4786043,
        1753104649.4888244,
        1753104649.4986987,
        1753104649.5092587,
        1753104649.5188699,
        1753104649.5290825,
        1753104649.5391273,
        1753104649.54924,
        1753104649.5592072,
        1753104649.569306,
        1753104649.5793285,
        1753104649.5894027,
        1753104649.5994833,
        1753104649.609518,
        1753104649.6197007,
        1753104649.629852,
        1753104649.639929,
        1753104649.6501112,
        1753104649.6600344,
        1753104649.6701107,
        1753104649.6801853,
        1753104649.6902406,
        1753104649.7002637,
        1753104649.710303,
        1753104649.7204287,
        1753104649.7304127,
        1753104649.7404928,
        1753104649.7506547,
        1753104649.7605996,
        1753104649.770661,
        1753104649.7807667,
        1753104649.790805,
        1753104649.8008199,
        1753104649.810924,
        1753104649.8211281,
        1753104649.8310757,
        1753104649.8411243,
        1753104649.8512886,
        1753104649.8614297,
        1753104649.8715847,
        1753104649.8816714,
        1753104649.8917766,
        1753104649.9017353,
        1753104649.9117327,
        1753104649.921758,
        1753104649.9318695,
        1753104649.9418302,
        1753104649.9520185,
        1753104649.9620938,
        1753104649.971999,
        1753104649.9820478,
        1753104649.9920616,
        1753104650.0022154,
        1753104650.0123267,
        1753104650.022301,
        1753104650.0322816,
        1753104650.0423207,
        1753104650.052563,
        1753104650.0624619,
        1753104650.0724938,
        1753104650.0826032,
        1753104650.0926068,
        1753104650.1026762,
        1753104650.1128397,
        1753104650.1228461,
        1753104650.1328719,
        1753104650.1429265,
        1753104650.153014,
        1753104650.1630208,
        1753104650.1730669,
        1753104650.1831565,
        1753104650.1931558,
        1753104650.203244,
        1753104650.2133071,
        1753104650.2234354,
        1753104650.2334244,
        1753104650.243432,
        1753104650.2535806,
        1753104650.2635674,
        1753104650.2736537,
        1753104650.2837982,
        1753104650.2937827,
        1753104650.3038847,
        1753104650.3139358,
        1753104650.3239367,
        1753104650.3340356,
        1753104650.3440914,
        1753104650.3541763,
        1753104650.3641539,
        1753104650.374208,
        1753104650.384468,
        1753104650.3944578,
        1753104650.4044533,
        1753104650.414548,
        1753104650.4245687,
        1753104650.4346814,
        1753104650.4446886,
        1753104650.454868,
        1753104650.4648533,
        1753104650.474882,
        1753104650.485123,
        1753104650.4960504,
        1753104650.5052834,
        1753104650.5152247,
        1753104650.5254238,
        1753104650.535924,
        1753104650.5459833,
        1753104650.5560708,
        1753104650.566095,
        1753104650.5761325,
        1753104650.586002,
        1753104650.596017,
        1753104650.606189,
        1753104650.6162174,
        1753104650.6261914,
        1753104650.6362715,
        1753104650.6462886,
        1753104650.6564338,
        1753104650.6663938,
        1753104650.6764972,
        1753104650.6866732,
        1753104650.6966188,
        1753104650.7066514,
        1753104650.7168546,
        1753104650.726783,
        1753104650.7368662,
        1753104650.7469783,
        1753104650.7570193,
        1753104650.7670221,
        1753104650.777213,
        1753104650.7873244,
        1753104650.7972155,
        1753104650.8072302,
        1753104650.8173876,
        1753104650.8274956,
        1753104650.8376675,
        1753104650.8476562,
        1753104650.8578465,
        1753104650.8679023,
        1753104650.8779113,
        1753104650.8881154,
        1753104650.8981261,
        1753104650.9079576,
        1753104650.9180465,
        1753104650.9280386,
        1753104650.938094,
        1753104650.9481578,
        1753104650.9582002,
        1753104650.9682233,
        1753104650.978289,
        1753104650.9884164,
        1753104650.9984863,
        1753104651.008534,
        1753104651.0185907,
        1753104651.0286305,
        1753104651.0386777,
        1753104651.0488646,
        1753104651.0588222,
        1753104651.06889,
        1753104651.0789506,
        1753104651.089213,
        1753104651.0990312,
        1753104651.1091645,
        1753104651.1193027,
        1753104651.1292734,
        1753104651.1393135,
        1753104651.1494033,
        1753104651.159436,
        1753104651.1694963,
        1753104651.1796227,
        1753104651.1896138,
        1753104651.1996799,
        1753104651.2097347,
        1753104651.219865,
        1753104651.2298443,
        1753104651.2399182,
        1753104651.2500238,
        1753104651.26004,
        1753104651.2701035,
        1753104651.2801611,
        1753104651.2902794,
        1753104651.3002572,
        1753104651.310286,
        1753104651.320401,
        1753104651.3304436,
        1753104651.3404837,
        1753104651.3506167,
        1753104651.360626,
        1753104651.3707764,
        1753104651.3808155,
        1753104651.3908372,
        1753104651.4008863,
        1753104651.4109588,
        1753104651.4210958,
        1753104651.4310663,
        1753104651.4411237,
        1753104651.4511564,
        1753104651.461235,
        1753104651.4712515,
        1753104651.4814603,
        1753104651.4914613,
        1753104651.5015142,
        1753104651.511571,
        1753104651.5216036,
        1753104651.5316565,
        1753104651.5417616,
        1753104651.5518095,
        1753104651.561859,
        1753104651.571868,
        1753104651.5819867,
        1753104651.5920029,
        1753104651.6035485,
        1753104651.6121764,
        1753104651.6221945,
        1753104651.6322815,
        1753104651.64231,
        1753104651.6524582,
        1753104651.6624236,
        1753104651.6724856,
        1753104651.6826246,
        1753104651.6926026,
        1753104651.7026563,
        1753104651.712721,
        1753104651.7228284,
        1753104651.7329335,
        1753104651.7429419,
        1753104651.7530282,
        1753104651.7630439,
        1753104651.7731476,
        1753104651.7831938,
        1753104651.7931852,
        1753104651.8032582,
        1753104651.8133242,
        1753104651.823418,
        1753104651.8334239,
        1753104651.8435109,
        1753104651.8536744,
        1753104651.8636148,
        1753104651.8736794,
        1753104651.8838022,
        1753104651.893758,
        1753104651.9039354,
        1753104651.913937,
        1753104651.923949,
        1753104651.9341083,
        1753104651.944112,
        1753104651.9542272,
        1753104651.9641936,
        1753104651.9742458,
        1753104651.9843903,
        1753104651.9943974,
        1753104652.004422,
        1753104652.0145397,
        1753104652.0245821,
        1753104652.0346732,
        1753104652.0446625,
        1753104652.0547996,
        1753104652.0648227,
        1753104652.0749164,
        1753104652.0849593,
        1753104652.0950925,
        1753104652.1054215,
        1753104652.1152358,
        1753104652.125419,
        1753104652.1352575,
        1753104652.1453028,
        1753104652.1553564,
        1753104652.1654472,
        1753104652.175525,
        1753104652.1855774,
        1753104652.1956034,
        1753104652.205796,
        1753104652.2158732,
        1753104652.2258053,
        1753104652.235854,
        1753104652.2459846,
        1753104652.256038,
        1753104652.26605,
        1753104652.2760525,
        1753104652.2861578,
        1753104652.296199,
        1753104652.3062823,
        1753104652.316356,
        1753104652.3263457,
        1753104652.3364823,
        1753104652.3465316,
        1753104652.3565035,
        1753104652.3667564,
        1753104652.3769505,
        1753104652.3869328,
        1753104652.396839,
        1753104652.4068773,
        1753104652.4169855,
        1753104652.4270465,
        1753104652.4370267,
        1753104652.4471304,
        1753104652.4572022,
        1753104652.4672327,
        1753104652.4773467,
        1753104652.4874935,
        1753104652.498182,
        1753104652.5074918,
        1753104652.5176542,
        1753104652.5277016,
        1753104652.5376725,
        1753104652.5478587,
        1753104652.5579758,
        1753104652.5680256,
        1753104652.5780995,
        1753104652.5881677,
        1753104652.598134,
        1753104652.6081817,
        1753104652.6183434,
        1753104652.628291,
        1753104652.6383343,
        1753104652.6484673,
        1753104652.658483,
        1753104652.6685157,
        1753104652.678597,
        1753104652.6888745,
        1753104652.6987872,
        1753104652.7088246,
        1753104652.7189362,
        1753104652.7289038,
        1753104652.7390182,
        1753104652.7491107,
        1753104652.759048,
        1753104652.7691212,
        1753104652.7791905,
        1753104652.789275,
        1753104652.7992604,
        1753104652.8093538,
        1753104652.819538,
        1753104652.8295376,
        1753104652.8395147,
        1753104652.8496225,
        1753104652.8596213,
        1753104652.8697429,
        1753104652.879773,
        1753104652.8899233,
        1753104652.8998902,
        1753104652.9099698,
        1753104652.9200556,
        1753104652.930052,
        1753104652.9401214,
        1753104652.950258,
        1753104652.9602478,
        1753104652.9703314,
        1753104652.9803689,
        1753104652.9904802,
        1753104653.0005424,
        1753104653.0105307,
        1753104653.020691,
        1753104653.0306723,
        1753104653.0407238,
        1753104653.050868,
        1753104653.060849,
        1753104653.0710046,
        1753104653.0810404,
        1753104653.0910356,
        1753104653.101123,
        1753104653.1111887,
        1753104653.1213076,
        1753104653.1312706,
        1753104653.1413233,
        1753104653.1514611,
        1753104653.1614416,
        1753104653.1715164,
        1753104653.1816282,
        1753104653.1916773,
        1753104653.2017107,
        1753104653.211812,
        1753104653.2218683,
        1753104653.2319012,
        1753104653.2419963,
        1753104653.2521305,
        1753104653.2620254,
        1753104653.2721262,
        1753104653.2822657,
        1753104653.292354,
        1753104653.3022847,
        1753104653.3126438,
        1753104653.3226829,
        1753104653.3325434,
        1753104653.3426175,
        1753104653.352666,
        1753104653.3626955,
        1753104653.3728466,
        1753104653.383003,
        1753104653.3929567
    ],
    "set_target_data": [
        {
            "head": [
                [
                    0.9890443509475698,
                    0.06272119824578595,
                    0.1336312955460395,
                    -0.011547943928402988
                ],
                [
                    -0.050773384379656276,
                    0.9945543005834467,
                    -0.09101541973537501,
                    0.005139907517349156
                ],
                [
                    -0.13861217586249705,
                    0.08323337360448411,
                    0.9868428802099554,
                    0.007057532309589387
                ],
                [
                    0.0,
                    0.0,
                    0.0,
                    1.0
                ]
            ],
            "antennas": [
                0.16764199587885292,
                -0.45843921320733017
            ],
            "body_yaw": -0.1675490515568107,
            "check_collision": false
        },
        {
            "head": [
                [
                    0.9891225549785012,
                    0.06224812051384433,
                    0.13327318832119112,
                    -0.01155397318374094
                ],
                [
                    -0.05031011864399079,
                    0.9945661048110078,
                    -0.09114359617157308,
                    0.005318544959563833
                ],
                [
                    -0.1382225133429042,
                    0.08344719679865306,
                    0.986879477014097,
                    0.00703449334410966
                ],
                [
                    0.0,
                    0.0,
                    0.0,
                    1.0
                ]
            ],
            "antennas": [
                0.16764199587885292,
                -0.45843921320733017
            ],
            "body_yaw": -0.1675490515568107,
            "check_collision": false
        },
        {
            "head": [
                [
                    0.9891907939998124,
                    0.06159028815104919,
                    0.13307219646301496,
                    -0.011537127795458816
                ],
                [
                    -0.04967279456277476,
                    0.9946027382211496,
                    -0.09109339494889541,
                    0.005303467927910609
                ],
                [
                    -0.1379644394267773,
                    0.08349867980071181,
                    0.9869112340657558,
                    0.007040765240620361
                ],
                [
                    0.0,
                    0.0,
                    0.0,
                    1.0
                ]
            ],
            "antennas": [
                0.16764199587885292,
                -0.45843921320733017
            ],
            "body_yaw": -0.1675490515568107,
            "check_collision": false
        },
        {
            "head": [
                [
                    0.9891826324034616,
                    0.06080945452864862,
                    0.13349131054599184,
                    -0.011476428735412304
                ],
                [
                    -0.04885099967007935,
                    0.9946427895821696,
                    -0.09110049924909196,
                    0.005294730119580482
                ],
                [
                    -0.13831594117306983,
                    0.08359384769304566,
                    0.9868539755431296,
                    0.0070556729877190305
                ],
                [
                    0.0,
                    0.0,
                    0.0,
                    1.0
                ]
            ],
            "antennas": [
                0.16764199587885292,
                -0.45843921320733017
            ],
            "body_yaw": -0.1675490515568107,
            "check_collision": false
        },
        {
            "head": [
                [
                    0.989195852879073,
                    0.060026674372316055,
                    0.13374738506095601,
                    -0.011424751347134865
                ],
                [
                    -0.048027727001721754,
                    0.9946735218415772,
                    -0.09120264462350702,
                    0.005261159017615542
                ],
                [
                    -0.13850957398639197,
                    0.08379369493627525,
                    0.9868098675038849,
                    0.00705042227936048
                ],
                [
                    0.0,
                    0.0,
                    0.0,
                    1.0
                ]
            ],
            "antennas": [
                0.16764199587885292,
                -0.45843921320733017
            ],
            "body_yaw": -0.1675490515568107,
            "check_collision": false
        },
        {
            "head": [
                [
                    0.9892452323787224,
                    0.059419975192794044,
                    0.13365304622063462,
                    -0.01140388231846478
                ],
                [
                    -0.047402034988106675,
                    0.9946880249081751,
                    -0.09137165962846366,
                    0.005226611124702213
                ],
                [
                    -0.1383723863166118,
                    0.08405355228877151,
                    0.9868070140877014,
                    0.007080554116923321
                ],
                [
                    0.0,
                    0.0,
                    0.0,
                    1.0
                ]
            ],
            "antennas": [
                0.16764199587885292,
                -0.45843921320733017
            ],
            "body_yaw": -0.1675490515568107,
            "check_collision": false
        },
        {
            "head": [
                [
                    0.9892730648537968,
                    0.05902280190459366,
                    0.13362302200633844,
                    -0.01138971137035829
                ],
                [
                    -0.04702272139446,
                    0.9947174713262337,
                    -0.09124700494264075,
                    0.005221876787419144
                ],
                [
                    -0.13830280845823165,
                    0.08398488610264591,
                    0.9868226142924021,
                    0.007089717286145603
                ],
                [
                    0.0,
                    0.0,
                    0.0,
                    1.0
                ]
            ],
            "antennas": [
                0.16764199587885292,
                -0.45843921320733017
            ],
            "body_yaw": -0.1675490515568107,
            "check_collision": false
        },
        {
            "head": [
                [
                    0.9893000117363483,
                    0.05864353855983033,
                    0.1335905017718052,
                    -0.011394844471482304
                ],
                [
                    -0.04663035234896544,
                    0.994726898099053,
                    -0.09134554416088092,
                    0.005070795413112582
                ],
                [
                    -0.13824289138423113,
                    0.08413877574232825,
                    0.9868179008298896,
                    0.007091545869919114
                ],
                [
                    0.0,
                    0.0,
                    0.0,
                    1.0
                ]
            ],
            "antennas": [
                0.16764199587885292,
                -0.45843921320733017
            ],
            "body_yaw": -0.1675490515568107,
            "check_collision": false
        },
        {
            "head": [
                [
                    0.9893392352648231,
                    0.05812828631206277,
                    0.13352520322410286,
                    -0.011397201540654047
                ],
                [
                    -0.04610969280695163,
                    0.9947457973885878,
                    -0.09140401964351014,
                    0.005072006215587843
                ],
                [
                    -0.13813679377654478,
                    0.08427277679159201,
                    0.9868213238965658,
                    0.007102741043691907
                ],
                [
                    0.0,
                    0.0,
                    0.0,
                    1.0
                ]
            ],
            "antennas": [
                0.16764199587885292,
                -0.45843921320733017
            ],
            "body_yaw": -0.1675490515568107,
            "check_collision": false
        },
        {
            "head": [
                [
                    0.9893390571280394,
                    0.057715057973223,
                    0.13370565479496244,
                    -0.011418119621579672
                ],
                [
                    -0.04567788378913168,
                    0.9947651822160966,
                    -0.09140986370804234,
                    0.005144403634599962
                ],
                [
                    -0.1382814556386674,
                    0.08432795701144315,
                    0.986796349148459,
                    0.006974546045965813
                ],
                [
                    0.0,
                    0.0,
                    0.0,
                    1.0
                ]
            ],
            "antennas": [
                0.16764199587885292,
                -0.45843921320733017
            ],
            "body_yaw": -0.1675490515568107,
            "check_collision": false
        },
        {
            "head": [
                [
                    0.9893277648064158,
                    0.057129743121529526,
                    0.13404016649500575,
                    -0.01141219314382414
                ],
                [
                    -0.045071042530628484,
                    0.9947996977975854,
                    -0.0913354388341932,
                    0.005135520800498047
                ],
                [
                    -0.13856108728045943,
                    0.08431935550453656,
                    0.9867578585341776,
                    0.00695684960727827
                ],
                [
                    0.0,
                    0.0,
                    0.0,
                    1.0
                ]
            ],
            "antennas": [
                0.16764199587885292,
                -0.45843921320733017
            ],
            "body_yaw": -0.1675490515568107,
            "check_collision": false
        },
        {
            "head": [
                [
                    0.9893337388672189,
                    0.056424789067663655,
                    0.13429443889334877,
                    -0.011463581269649154
                ],
                [
                    -0.04432746365720894,
                    0.9948247106451374,
                    -0.09142686178327106,
                    0.005111225469924874
                ],
                [
                    -0.1387581677045663,
                    0.0844987471415298,
                    0.9867148182868155,
                    0.00691420253999786
                ],
                [
                    0.0,
                    0.0,
                    0.0,
                    1.0
                ]
            ],
            "antennas": [
                0.16764199587885292,
                -0.45843921320733017
            ],
            "body_yaw": -0.1675490515568107,
            "check_collision": false
        },
        {
            "head": [
                [
                    0.9893206374262562,
                    0.05574391168961562,
                    0.1346747662780465,
                    -0.011458761810579582
                ],
                [
                    -0.043620053054546165,
                    0.9948625153210849,
                    -0.0913557145477094,
                    0.005092596414904754
                ],
                [
                    -0.13907540161374585,
                    0.08450557329871398,
                    0.9866695701943133,
                    0.006879342722593829
                ],
                [
                    0.0,
                    0.0,
                    0.0,
                    1.0
                ]
            ],
            "antennas": [
                0.16764199587885292,
                -0.45843921320733017
            ],
            "body_yaw": -0.1675490515568107,
            "check_collision": false
        },
        {
            "head": [
                [
                    0.989345473517487,
                    0.055072958936143675,
                    0.1347683316824737,
                    -0.011478100829409412
                ],
                [
                    -0.042960643069210845,
                    0.9949064125090634,
                    -0.091189985718965,
                    0.0052082364271682224
                ],
                [
                    -0.1391039797329296,
                    0.08442866540673855,
                    0.9866721255209846,
                    0.006768043383023836
                ],
                [
                    0.0,
                    0.0,
                    0.0,
                    1.0
                ]
            ],
            "antennas": [
                0.16764199587885292,
                -0.45843921320733017
            ],
            "body_yaw": -0.1675490515568107,
            "check_collision": false
        },
        {
            "head": [
                [
                    0.9893823368634541,
                    0.05434859182152767,
                    0.13479177300424547,
                    -0.011509537762391647
                ],
                [
                    -0.04228367043282162,
                    0.9949701222612864,
                    -0.09081050061578619,
                    0.005188942886668525
                ],
                [
                    -0.1390492096969256,
                    0.08414681440421945,
                    0.9867039226172575,
                    0.0067249149743433545
                ],
                [
                    0.0,
                    0.0,
                    0.0,
                    1.0
                ]
            ],
            "antennas": [
                0.16764199587885292,
                -0.45843921320733017
            ],
            "body_yaw": -0.1675490515568107,
            "check_collision": false
        },
        {
            "head": [
                [
                    0.9894210683328767,
                    0.05360204405367362,
                    0.13480641829044057,
                    -0.011566749919702853
                ],
                [
                    -0.04158618426925982,
                    0.9950347747690361,
                    -0.09042337241143478,
                    0.005230108955508642
                ],
                [
                    -0.13898395165252844,
                    0.08386070518187819,
                    0.986737474361568,
                    0.006707173429097768
                ],
                [
                    0.0,
                    0.0,
                    0.0,
                    1.0
                ]
            ],
            "antennas": [
                0.16764199587885292,
                -0.45843921320733017
            ],
            "body_yaw": -0.1675490515568107,
            "check_collision": false
