{
    "description": "Used to say 'oops, I forgot something,' or 'ah yes, that’s right.'",
    "time": [
        1753104915.2583027,
        1753104915.2684455,
        1753104915.2783234,
        1753104915.28854,
        1753104915.29841,
        1753104915.3087409,
        1753104915.3185248,
        1753104915.3285856,
        1753104915.3386242,
        1753104915.3488774,
        1753104915.3588085,
        1753104915.368867,
        1753104915.3789663,
        1753104915.3890624,
        1753104915.399019,
        1753104915.4090748,
        1753104915.419269,
        1753104915.429208,
        1753104915.439276,
        1753104915.4493845,
        1753104915.459404,
        1753104915.4694467,
        1753104915.479565,
        1753104915.4897153,
        1753104915.4996564,
        1753104915.5097556,
        1753104915.5198307,
        1753104915.5301392,
        1753104915.5399077,
        1753104915.5499938,
        1753104915.5601,
        1753104915.5700455,
        1753104915.5801868,
        1753104915.5902474,
        1753104915.600218,
        1753104915.6109805,
        1753104915.6205225,
        1753104915.6304648,
        1753104915.6404936,
        1753104915.6505823,
        1753104915.6606407,
        1753104915.6706302,
        1753104915.6807408,
        1753104915.6908314,
        1753104915.7008443,
        1753104915.7109406,
        1753104915.7210412,
        1753104915.7310114,
        1753104915.741062,
        1753104915.7511551,
        1753104915.7612402,
        1753104915.7712371,
        1753104915.7813585,
        1753104915.7913942,
        1753104915.8013992,
        1753104915.8114922,
        1753104915.821583,
        1753104915.8315573,
        1753104915.8416538,
        1753104915.8517506,
        1753104915.8618488,
        1753104915.8718956,
        1753104915.881943,
        1753104915.8920457,
        1753104915.9020362,
        1753104915.9121792,
        1753104915.922121,
        1753104915.9321766,
        1753104915.942346,
        1753104915.9523017,
        1753104915.9623585,
        1753104915.9725065,
        1753104915.9825242,
        1753104915.9925928,
        1753104916.0025635,
        1753104916.0126727,
        1753104916.022739,
        1753104916.032994,
        1753104916.0428624,
        1753104916.0529847,
        1753104916.0629835,
        1753104916.073045,
        1753104916.0832279,
        1753104916.0931807,
        1753104916.103369,
        1753104916.113443,
        1753104916.1234708,
        1753104916.1334307,
        1753104916.143542,
        1753104916.1535904,
        1753104916.1636684,
        1753104916.173699,
        1753104916.1837993,
        1753104916.1938705,
        1753104916.2039094,
        1753104916.21407,
        1753104916.2239902,
        1753104916.234036,
        1753104916.2441132,
        1753104916.2542052,
        1753104916.2642128,
        1753104916.2743208,
        1753104916.2846184,
        1753104916.2946239,
        1753104916.304466,
        1753104916.314621,
        1753104916.3246613,
        1753104916.3346384,
        1753104916.3447523,
        1753104916.3548486,
        1753104916.364893,
        1753104916.3750103,
        1753104916.3853765,
        1753104916.3953846,
        1753104916.4051814,
        1753104916.4153361,
        1753104916.4252398,
        1753104916.4353185,
        1753104916.4453735,
        1753104916.4555023,
        1753104916.465448,
        1753104916.475542,
        1753104916.485828,
        1753104916.4958398,
        1753104916.50581,
        1753104916.515888,
        1753104916.526294,
        1753104916.536405,
        1753104916.5471537,
        1753104916.5575254,
        1753104916.5671303,
        1753104916.5772984,
        1753104916.5872362,
        1753104916.597274,
        1753104916.6073482,
        1753104916.6174395,
        1753104916.6275012,
        1753104916.6375256,
        1753104916.6476014,
        1753104916.6577437,
        1753104916.6676652,
        1753104916.6777816,
        1753104916.6878717,
        1753104916.6979587,
        1753104916.7079644,
        1753104916.7180474,
        1753104916.7280955,
        1753104916.7381947,
        1753104916.7482786,
        1753104916.7583659,
        1753104916.7683275,
        1753104916.7784142,
        1753104916.788565,
        1753104916.7985163,
        1753104916.8086424,
        1753104916.8186731,
        1753104916.8287344,
        1753104916.8387942,
        1753104916.8488731,
        1753104916.858928,
        1753104916.8689523,
        1753104916.879074,
        1753104916.8891084,
        1753104916.899107,
        1753104916.9094627,
        1753104916.9193408,
        1753104916.929319,
        1753104916.9394133,
        1753104916.9494677,
        1753104916.9595819,
        1753104916.96963,
        1753104916.9798617,
        1753104916.989767,
        1753104916.9998102,
        1753104917.010074,
        1753104917.019953,
        1753104917.02995,
        1753104917.0400345,
        1753104917.0501275,
        1753104917.060156,
        1753104917.0701582,
        1753104917.0802917,
        1753104917.0903375,
        1753104917.100343,
        1753104917.110551,
        1753104917.1205409,
        1753104917.130538,
        1753104917.1405878,
        1753104917.1507106,
        1753104917.1607964,
        1753104917.1708522,
        1753104917.1810074,
        1753104917.1909935,
        1753104917.200996,
        1753104917.211083,
        1753104917.2211275,
        1753104917.2311134,
        1753104917.2411883,
        1753104917.2512825,
        1753104917.2614608,
        1753104917.2713692,
        1753104917.2815764,
        1753104917.2915516,
        1753104917.3015964,
        1753104917.311659,
        1753104917.3217149,
        1753104917.3317642,
        1753104917.3418818,
        1753104917.351995,
        1753104917.3619392,
        1753104917.3719897,
        1753104917.3821533,
        1753104917.392194,
        1753104917.4021425,
        1753104917.4122775,
        1753104917.4223223,
        1753104917.4323883,
        1753104917.4424717,
        1753104917.4524994,
        1753104917.4625287,
        1753104917.4725795,
        1753104917.4830651,
        1753104917.49284,
        1753104917.5028453,
        1753104917.5129328,
        1753104917.522965,
        1753104917.5330577,
        1753104917.5430655,
        1753104917.553122,
        1753104917.5631454,
        1753104917.573211,
        1753104917.58335,
        1753104917.593379,
        1753104917.6033988,
        1753104917.6135633,
        1753104917.6235697,
        1753104917.6335733,
        1753104917.6438203,
        1753104917.653806,
        1753104917.6637967,
        1753104917.6738505,
        1753104917.6839442,
        1753104917.6940074,
        1753104917.7040613,
        1753104917.7143495,
        1753104917.7241635,
        1753104917.7341251,
        1753104917.7443047,
        1753104917.7543294,
        1753104917.7643611,
        1753104917.7746062,
        1753104917.784708,
        1753104917.7945898,
        1753104917.8046272,
        1753104917.814771,
        1753104917.8248997,
        1753104917.8348198,
        1753104917.8448956,
        1753104917.8549726,
        1753104917.8650227,
        1753104917.875037,
        1753104917.885147,
        1753104917.89521,
        1753104917.9052114,
        1753104917.9154282,
        1753104917.9253867,
        1753104917.9354234,
        1753104917.9454606,
        1753104917.95583,
        1753104917.9657707,
        1753104917.9756267,
        1753104917.985741,
        1753104917.99587,
        1753104918.0058498,
        1753104918.01605,
        1753104918.0259886,
        1753104918.036008,
        1753104918.0462134,
        1753104918.0561488,
        1753104918.0661688,
        1753104918.0762837,
        1753104918.0863621,
        1753104918.0963519,
        1753104918.1064706,
        1753104918.1167588,
        1753104918.1267512,
        1753104918.1366296,
        1753104918.1468222,
        1753104918.1567922,
        1753104918.1668942,
        1753104918.176962,
        1753104918.1870205,
        1753104918.1969976,
        1753104918.2070546,
        1753104918.2171686,
        1753104918.227318,
        1753104918.2372043,
        1753104918.2473202,
        1753104918.257416,
        1753104918.26744,
        1753104918.2774525,
        1753104918.2875328,
        1753104918.2975874,
        1753104918.3077385,
        1753104918.3177717,
        1753104918.3278074,
        1753104918.337866,
        1753104918.3479624,
        1753104918.358014,
        1753104918.368057,
        1753104918.3781638,
        1753104918.3882544,
        1753104918.3982453,
        1753104918.4083118,
        1753104918.4184153,
        1753104918.428525,
        1753104918.4384804,
        1753104918.4485772,
        1753104918.4587307,
        1753104918.46868,
        1753104918.4789617,
        1753104918.4890325,
        1753104918.499153,
        1753104918.5090408,
        1753104918.519356,
        1753104918.529236,
        1753104918.5396643,
        1753104918.5498438,
        1753104918.5600584,
        1753104918.5700753,
        1753104918.5802097,
        1753104918.5902345,
        1753104918.600142,
        1753104918.6102512,
        1753104918.6203065,
        1753104918.630327,
        1753104918.6403658,
        1753104918.6505327,
        1753104918.6605403,
        1753104918.6705658,
        1753104918.680665,
        1753104918.6906915,
        1753104918.7007208,
        1753104918.7108066,
        1753104918.7209046,
        1753104918.7309778,
        1753104918.7409558,
        1753104918.7511303,
        1753104918.7611513,
        1753104918.7711587,
        1753104918.7814648,
        1753104918.7913334,
        1753104918.801314,
        1753104918.8114548,
        1753104918.821523,
        1753104918.8315306,
        1753104918.8419042,
        1753104918.8517644,
        1753104918.8617435,
        1753104918.8717694,
        1753104918.881883,
        1753104918.891997,
        1753104918.9020007,
        1753104918.912051,
        1753104918.9221315,
        1753104918.9322312,
        1753104918.942352,
        1753104918.9531608,
        1753104918.963221,
        1753104918.9731612,
        1753104918.9829764,
        1753104918.9927049,
        1753104919.0026572,
        1753104919.0126343,
        1753104919.0227652,
        1753104919.032754,
        1753104919.0428064,
        1753104919.0529313,
        1753104919.0629885,
        1753104919.073031,
        1753104919.0830498,
        1753104919.0932357,
        1753104919.103158,
        1753104919.113437,
        1753104919.1233132,
        1753104919.133337,
        1753104919.1434667,
        1753104919.1534786,
        1753104919.1634743,
        1753104919.1735897,
        1753104919.1836343,
        1753104919.193718,
        1753104919.2037573,
        1753104919.2138402,
        1753104919.2239473,
        1753104919.2339528,
        1753104919.2440228,
        1753104919.2540941,
        1753104919.264125,
        1753104919.274152,
        1753104919.2842243,
        1753104919.2942705,
        1753104919.3043098,
        1753104919.31443,
        1753104919.324482,
        1753104919.3345113,
        1753104919.344673,
        1753104919.3546813,
        1753104919.3646462,
        1753104919.3747766,
        1753104919.3848507,
        1753104919.394918,
        1753104919.4049146,
        1753104919.4150786,
        1753104919.4252434,
        1753104919.4351928,
        1753104919.4451816,
        1753104919.455264,
        1753104919.465254,
        1753104919.4753726,
        1753104919.4856513,
        1753104919.4958053,
        1753104919.505645,
        1753104919.515638,
        1753104919.525887,
        1753104919.5358424,
        1753104919.5458677,
        1753104919.5558932,
        1753104919.5659263,
        1753104919.57604
    ],
    "set_target_data": [
        {
            "head": [
                [
                    0.9651766712697193,
                    -0.2585942046112544,
                    0.03953518152452075,
                    0.0052521765277642705
                ],
                [
                    0.26080401193132063,
                    0.9629641577737175,
                    -0.06842001318095725,
                    -0.007139049051760367
                ],
                [
                    -0.020377943891169977,
                    0.07634833452425469,
                    0.9968729463768894,
                    0.005951340536531348
                ],
                [
                    0.0,
                    0.0,
                    0.0,
                    1.0
                ]
            ],
            "antennas": [
                0.0,
                0.0
            ],
            "body_yaw": -0.3140723397810006,
            "check_collision": false
        },
        {
            "head": [
                [
                    0.9649866671841693,
                    -0.259384695825381,
                    0.038991175006200536,
                    0.005359827720131974
                ],
                [
                    0.26153743144567126,
                    0.9628138656532262,
                    -0.0677320607887594,
                    -0.0069457989426584665
                ],
                [
                    -0.01997258394876282,
                    0.07555818736223083,
                    0.9969413504379,
                    0.0062846588974178625
                ],
                [
                    0.0,
                    0.0,
                    0.0,
                    1.0
                ]
            ],
            "antennas": [
                0.0,
                0.0
            ],
            "body_yaw": -0.3140723397810006,
            "check_collision": false
        },
        {
            "head": [
                [
                    0.9647239518728543,
                    -0.260415609576387,
                    0.03861873860940469,
                    0.005575048759282894
                ],
                [
                    0.2625161287052814,
                    0.9626243542889836,
                    -0.06663058381336291,
                    -0.006844584576686371
                ],
                [
                    -0.01982369421714579,
                    0.074418161887245,
                    0.997030068919142,
                    0.006344538956883307
                ],
                [
                    0.0,
                    0.0,
                    0.0,
                    1.0
                ]
            ],
            "antennas": [
                0.0,
                0.0
            ],
            "body_yaw": -0.3140723397810006,
            "check_collision": false
        },
        {
            "head": [
                [
                    0.9645671274856901,
                    -0.26103016617557234,
                    0.038386311627427186,
                    0.005764349153101915
                ],
                [
                    0.2630881664398507,
                    0.962551013435651,
                    -0.06542295631748019,
                    -0.006648702308621824
                ],
                [
                    -0.01987141799978769,
                    0.07320381738922216,
                    0.9971190138926864,
                    0.006667689215318131
                ],
                [
                    0.0,
                    0.0,
                    0.0,
                    1.0
                ]
            ],
            "antennas": [
                0.0,
                0.0
            ],
            "body_yaw": -0.3140723397810006,
            "check_collision": false
        },
        {
            "head": [
                [
                    0.9644348425174428,
                    -0.2614765101201831,
                    0.0386712967680851,
                    0.006099598126154302
                ],
                [
                    0.2635263046875241,
                    0.9625242223174234,
                    -0.06403911453149361,
                    -0.006666081642344907
                ],
                [
                    -0.020477335668825744,
                    0.07195245727290556,
                    0.99719783524449,
                    0.006918528366237133
                ],
                [
                    0.0,
                    0.0,
                    0.0,
                    1.0
                ]
            ],
            "antennas": [
                0.0,
                0.0
            ],
            "body_yaw": -0.3140723397810006,
            "check_collision": false
        },
        {
            "head": [
                [
                    0.9644292527957938,
                    -0.26143550414280775,
                    0.039085720222900834,
                    0.006396693620008099
                ],
                [
                    0.2634809328389049,
                    0.9626432000567063,
                    -0.0624168840533137,
                    -0.006448022093699457
                ],
                [
                    -0.021307613242393136,
                    0.07049501087438939,
                    0.9972845326483974,
                    0.007235977071005819
                ],
                [
                    0.0,
                    0.0,
                    0.0,
                    1.0
                ]
            ],
            "antennas": [
                0.0,
                0.0
            ],
            "body_yaw": -0.3140723397810006,
            "check_collision": false
        },
        {
            "head": [
                [
                    0.9643054760870031,
                    -0.2617888468935034,
                    0.039768686561017265,
                    0.006714052254157277
                ],
                [
                    0.26385289045184473,
                    0.9626252008416741,
                    -0.06110953202842909,
                    -0.00678075255226155
                ],
                [
                    -0.022284545964084766,
                    0.0694213392747261,
                    0.9973384965318838,
                    0.007829664505242197
                ],
                [
                    0.0,
                    0.0,
                    0.0,
                    1.0
                ]
            ],
            "antennas": [
                0.0,
                0.0
            ],
            "body_yaw": -0.3140723397810006,
            "check_collision": false
        },
        {
            "head": [
                [
                    0.9644184802978742,
                    -0.26129546833261036,
                    0.04027000234393735,
                    0.0069997710201124014
                ],
                [
                    0.26336041814378025,
                    0.9628546822637121,
                    -0.05959992447964617,
                    -0.0065923263782133226
                ],
                [
                    -0.023200970132133385,
                    0.06808479324847878,
                    0.9974097332156129,
                    0.0081564776777881
                ],
                [
                    0.0,
                    0.0,
                    0.0,
                    1.0
                ]
            ],
            "antennas": [
                0.0,
                0.0
            ],
            "body_yaw": -0.3140723397810006,
            "check_collision": false
        },
        {
            "head": [
                [
                    0.9644032906814791,
                    -0.2612568231708923,
                    0.04087988832405267,
                    0.007229501495733008
                ],
                [
                    0.2633310114674578,
                    0.9629453296926058,
                    -0.05825006800617381,
                    -0.006823256799585269
                ],
                [
                    -0.024146869823220403,
                    0.06694149960862349,
                    0.9974646682002769,
                    0.008891096715926751
                ],
                [
                    0.0,
                    0.0,
                    0.0,
                    1.0
                ]
            ],
            "antennas": [
                0.0,
                0.0
            ],
            "body_yaw": -0.3140723397810006,
            "check_collision": false
        },
        {
            "head": [
                [
                    0.9643521553860995,
                    -0.26140659614274964,
                    0.04112799405813071,
                    0.007392504359591384
                ],
                [
                    0.2634731646649563,
                    0.9629651150366952,
                    -0.05727197153754323,
                    -0.0067295736692185755
                ],
                [
                    -0.02463355239540274,
                    0.06606647194625836,
                    0.9975111073972847,
                    0.009256941301608536
                ],
                [
                    0.0,
                    0.0,
                    0.0,
                    1.0
                ]
            ],
            "antennas": [
                0.0,
                0.0
            ],
            "body_yaw": -0.3140723397810006,
            "check_collision": false
        },
        {
            "head": [
                [
                    0.9642015553829639,
                    -0.2619584489999955,
                    0.04114768030629401,
                    0.007524794758328741
                ],
                [
                    0.26398672102081894,
                    0.9629159556518974,
                    -0.05571241760746528,
                    -0.006879760990861541
                ],
                [
                    -0.025027419398502216,
                    0.06458044091293476,
                    0.9975986141378412,
                    0.010077738701374519
                ],
                [
                    0.0,
                    0.0,
                    0.0,
                    1.0
                ]
            ],
            "antennas": [
                0.0,
                0.0
            ],
            "body_yaw": -0.3140723397810006,
            "check_collision": false
        },
        {
            "head": [
                [
                    0.9641890736072737,
                    -0.26205501376747475,
                    0.04082401371345381,
                    0.007631951849037309
                ],
                [
                    0.26401849053399973,
                    0.9630069147628625,
                    -0.053962197648552306,
                    -0.006833267584816746
                ],
                [
                    -0.025172743046715372,
                    0.06280805583873562,
                    0.9977081141943582,
                    0.01048089493956206
                ],
                [
                    0.0,
                    0.0,
                    0.0,
                    1.0
                ]
            ],
            "antennas": [
                0.0,
                0.0
            ],
            "body_yaw": -0.3140723397810006,
            "check_collision": false
        },
        {
            "head": [
                [
                    0.9642982482483079,
                    -0.26167779012902653,
                    0.04066475843323944,
                    0.007709180013753413
                ],
                [
                    0.2635886156036417,
                    0.9632185205592186,
                    -0.05226015093611368,
                    -0.005980213571957079
                ],
                [
                    -0.0254937276481913,
                    0.06111313938016069,
                    0.9978052184899119,
                    0.01082937308401555
                ],
                [
                    0.0,
                    0.0,
                    0.0,
                    1.0
                ]
            ],
            "antennas": [
                0.0,
                0.0
            ],
            "body_yaw": -0.3140723397810006,
            "check_collision": false
        },
        {
            "head": [
                [
                    0.9643311879543234,
                    -0.2616163826530266,
                    0.040276894941745786,
                    0.007791699373873341
                ],
                [
                    0.2634687811916118,
                    0.9633247493139919,
                    -0.050888394517227376,
                    -0.005950959537053701
                ],
                [
                    -0.025486492030286117,
                    0.05968497035837052,
                    0.997891849369114,
                    0.011210327123862331
                ],
                [
                    0.0,
                    0.0,
                    0.0,
                    1.0
                ]
            ],
            "antennas": [
                0.0,
                0.0
            ],
            "body_yaw": -0.3140723397810006,
            "check_collision": false
        },
        {
            "head": [
                [
                    0.9643204583128897,
                    -0.2616522066083106,
                    0.040301072643547,
                    0.007977216213625314
                ],
                [
                    0.26347030758265083,
                    0.9633965957805402,
                    -0.0495014773594698,
                    -0.005425435531220917
                ],
                [
                    -0.025873745409620827,
                    0.05835342333975513,
                    0.997960634134939,
                    0.011332447418670734
                ],
                [
                    0.0,
                    0.0,
                    0.0,
                    1.0
                ]
            ],
            "antennas": [
                0.0,
                0.0
            ],
            "body_yaw": -0.3140723397810006,
            "check_collision": false
        },
        {
            "head": [
                [
                    0.9643154788150877,
                    -0.2617282192847588,
                    0.03992488631990988,
                    0.008088807879473175
                ],
                [
                    0.26349399521055555,
                    0.9634499317660951,
                    -0.048323322194226526,
                    -0.005446904323523259
                ],
                [
                    -0.025818051932867698,
                    0.05711889538442161,
                    0.9980334964240708,
                    0.011643011377173053
                ],
                [
                    0.0,
                    0.0,
                    0.0,
                    1.0
                ]
            ],
            "antennas": [
                0.0,
                0.0
            ],
            "body_yaw": -0.3140723397810006,
            "check_collision": false
        },
        {
            "head": [
                [
                    0.9644606059151563,
                    -0.26123994885192586,
                    0.039616016478355956,
                    0.008195255982538374
                ],
                [
                    0.2629609725295778,
                    0.9636486209359579,
                    -0.04725317232234843,
                    -0.004352140968763925
                ],
                [
                    -0.025831503325762353,
                    0.0559912894303217,
                    0.998097043850878,
                    0.01130951646510986
                ],
                [
                    0.0,
                    0.0,
                    0.0,
                    1.0
                ]
            ],
            "antennas": [
                0.0,
                0.0
            ],
            "body_yaw": -0.3140723397810006,
            "check_collision": false
        },
        {
            "head": [
                [
                    0.964520731400179,
                    -0.26096529891967585,
                    0.03996087410240166,
                    0.008412482700728318
                ],
                [
                    0.26267909733583455,
                    0.9637748002859224,
                    -0.04623663219419704,
                    -0.004114196875467017
                ],
                [
                    -0.02644712691569531,
                    0.05509307663939778,
                    0.998130904433036,
                    0.011245772742321471
                ],
                [
                    0.0,
                    0.0,
                    0.0,
                    1.0
                ]
            ],
            "antennas": [
                0.0,
                0.0
            ],
            "body_yaw": -0.3140723397810006,
            "check_collision": false
        },
        {
            "head": [
                [
                    0.9646447055576466,
                    -0.2604854123351924,
                    0.04009915211281284,
                    0.008558712132263698
                ],
                [
                    0.2621791870332618,
                    0.9639605088089626,
                    -0.04519083251439725,
                    -0.004157983923147701
                ],
                [
                    -0.026882446432191662,
                    0.05410626042641602,
                    0.9981732548292854,
                    0.011425953667591195
                ],
                [
                    0.0,
                    0.0,
                    0.0,
                    1.0
                ]
            ],
            "antennas": [
                0.0,
                0.0
            ],
            "body_yaw": -0.3140723397810006,
            "check_collision": false
        },
        {
            "head": [
                [
                    0.9646805843318521,
                    -0.2603126911700664,
                    0.04035682134353181,
                    0.00868264023182305
                ],
                [
                    0.26198546561507385,
                    0.964072443382024,
                    -0.04390831035085097,
                    -0.0043196275406981515
                ],
                [
                    -0.027477008927630032,
                    0.05293039511671276,
                    0.9982201096217103,
                    0.011543490017506876
                ],
                [
                    0.0,
                    0.0,
                    0.0,
                    1.0
                ]
            ],
            "antennas": [
                0.0,
                0.0
            ],
            "body_yaw": -0.3140723397810006,
            "check_collision": false
        },
        {
            "head": [
                [
                    0.9647682823950693,
                    -0.2599787046049057,
                    0.040413295292802236,
                    0.00877177419166507
                ],
                [
                    0.2616457213129556,
                    0.9641794127124893,
                    -0.04358413266341964,
                    -0.0044000499667046795
                ],
                [
                    -0.027634720970026273,
                    0.05262255460688491,
                    0.9982320316156732,
                    0.011690829959932982
                ],
                [
                    0.0,
                    0.0,
                    0.0,
                    1.0
                ]
            ],
            "antennas": [
                0.0,
                0.0
            ],
            "body_yaw": -0.3140723397810006,
            "check_collision": false
        },
        {
            "head": [
                [
                    0.9647666948138011,
                    -0.26002939688992965,
                    0.04012402436338636,
                    0.008814160866011379
                ],
                [
                    0.26169212092229976,
                    0.9641486091072119,
                    -0.04398514981010399,
                    -0.004507112104966488
                ],
                [
                    -0.027248090304508296,
                    0.052935548638776524,
                    0.9982261112919604,
                    0.011733758562806564
                ],
                [
                    0.0,
                    0.0,
                    0.0,
                    1.0
                ]
            ],
            "antennas": [
                0.0,
                0.0
            ],
            "body_yaw": -0.3140723397810006,
            "check_collision": false
        },
        {
            "head": [
                [
                    0.9646762458485363,
                    -0.2604049087446484,
                    0.03986256636577125,
                    0.008867807237678778
                ],
                [
                    0.26206241763741966,
                    0.9640329605430815,
                    -0.044314108910954345,
                    -0.004614522090640713
                ],
                [
                    -0.026889216381382045,
                    0.05319524873738872,
                    0.9982220372012243,
                    0.011847128815945409
                ],
                [
                    0.0,
                    0.0,
                    0.0,
                    1.0
                ]
            ],
            "antennas": [
                0.0,
                0.0
            ],
            "body_yaw": -0.3140723397810006,
            "check_collision": false
        },
        {
            "head": [
                [
                    0.9644743130935431,
                    -0.261082856587534,
                    0.04031180197945935,
                    0.00898620443414412
                ],
                [
                    0.2627870280064058,
                    0.9637962047175558,
                    -0.04516473938367935,
                    -0.005010176814092885
                ],
                [
                    -0.02706062257780607,
                    0.0541536496288879,
                    0.9981658704531893,
                    0.012150496721384131
                ],
                [
                    0.0,
                    0.0,
                    0.0,
                    1.0
                ]
            ],
            "antennas": [
                0.0,
                0.0
            ],
            "body_yaw": -0.3140723397810006,
            "check_collision": false
        },
        {
            "head": [
                [
                    0.9644180924809127,
                    -0.2612670993861724,
                    0.04046289255371009,
                    0.009030492820356574
                ],
                [
                    0.2629958947289088,
                    0.9637104731367125,
                    -0.04577426484777211,
                    -0.005112877570637832
                ],
                [
                    -0.027035203924104065,
                    0.05478710381968717,
                    0.9981319907726796,
                    0.012248001416961864
                ],
                [
                    0.0,
                    0.0,
                    0.0,
                    1.0
                ]
            ],
            "antennas": [
                0.0,
                0.0
            ],
            "body_yaw": -0.3140723397810006,
            "check_collision": false
        },
        {
            "head": [
                [
                    0.9644578081930107,
                    -0.26109454772226864,
                    0.04062971037600716,
                    0.009067180073192207
                ],
                [
                    0.26284069337751587,
                    0.9637386842640446,
                    -0.0460707972346402,
                    -0.0052171244876559435
                ],
                [
                    -0.02712758965261961,
                    0.05511248136958307,
                    0.9981115710565263,
                    0.012337424730713588
                ],
                [
                    0.0,
                    0.0,
                    0.0,
                    1.0
                ]
            ],
            "antennas": [
                0.0,
                0.0
            ],
            "body_yaw": -0.3140723397810006,
            "check_collision": false
        },
        {
            "head": [
                [
                    0.9645322996769331,
                    -0.2607766896682794,
                    0.040901845992336205,
                    0.009028061125104726
                ],
                [
                    0.262547114120246,
                    0.9638029232841271,
                    -0.046399762241865435,
                    -0.0053739698147245284
                ],
                [
                    -0.0273213423363019,
                    0.05549273100708802,
                    0.9980852173328275,
                    0.012568276481230491
                ],
                [
                    0.0,
                    0.0,
                    0.0,
                    1.0
                ]
            ],
            "antennas": [
                0.0,
                0.0
            ],
            "body_yaw": -0.3140723397810006,
            "check_collision": false
        },
        {
            "head": [
                [
                    0.9644998657354984,
                    -0.26082759136311406,
                    0.041339769954874074,
                    0.009082790689507188
                ],
                [
                    0.2626298781766222,
                    0.963767249907602,
                    -0.04667156623116846,
                    -0.005515326439504406
                ],
                [
                    -0.02766868419600218,
                    0.055871778110725565,
                    0.9980545016809491,
                    0.012783787538180548
                ],
                [
                    0.0,
                    0.0,
                    0.0,
                    1.0
                ]
            ],
            "antennas": [
                0.0,
                0.0
            ],
            "body_yaw": -0.3140723397810006,
            "check_collision": false
        },
        {
            "head": [
                [
                    0.9646150983818225,
                    -0.26037722428485066,
                    0.04148991501007543,
                    0.009124001669071803
                ],
                [
                    0.26219759135951937,
                    0.9638686509428724,
                    -0.04700688050523301,
                    -0.005641021327370394
                ],
                [
                    -0.02775130734025361,
                    0.056222102444530866,
                    0.9980325346087787,
                    0.012894002711841936
                ],
                [
                    0.0,
                    0.0,
                    0.0,
                    1.0
                ]
            ],
            "antennas": [
                0.0,
                0.0
            ],
            "body_yaw": -0.3140723397810006,
            "check_collision": false
        },
        {
            "head": [
                [
                    0.9646886424360053,
