{
    "description": "TODO: Add a description of the recording. You can add as much as you want, even if the wording is not perfect.",
    "time": [
        1753104793.9316077,
        1753104793.941711,
        1753104793.9517646,
        1753104793.961729,
        1753104793.9719145,
        1753104793.9820175,
        1753104793.9918988,
        1753104794.0019524,
        1753104794.012054,
        1753104794.022139,
        1753104794.0321128,
        1753104794.042169,
        1753104794.0523,
        1753104794.0623224,
        1753104794.072329,
        1753104794.0823991,
        1753104794.0924907,
        1753104794.1025498,
        1753104794.1127565,
        1753104794.1227012,
        1753104794.1327102,
        1753104794.1428704,
        1753104794.1529217,
        1753104794.1629083,
        1753104794.172967,
        1753104794.1831157,
        1753104794.19314,
        1753104794.2031374,
        1753104794.213294,
        1753104794.2233598,
        1753104794.2334464,
        1753104794.2434478,
        1753104794.2535715,
        1753104794.2636566,
        1753104794.2736385,
        1753104794.2838068,
        1753104794.2938185,
        1753104794.303885,
        1753104794.313937,
        1753104794.3239884,
        1753104794.3339999,
        1753104794.344047,
        1753104794.3542023,
        1753104794.3642344,
        1753104794.3742561,
        1753104794.3844304,
        1753104794.3944333,
        1753104794.4044461,
        1753104794.4146197,
        1753104794.4245903,
        1753104794.43473,
        1753104794.4446795,
        1753104794.4548068,
        1753104794.4648435,
        1753104794.4748948,
        1753104794.4851437,
        1753104794.4951055,
        1753104794.505126,
        1753104794.5151708,
        1753104794.5253506,
        1753104794.535323,
        1753104794.5458307,
        1753104794.5560257,
        1753104794.5659788,
        1753104794.5760214,
        1753104794.5861807,
        1753104794.5961132,
        1753104794.6062727,
        1753104794.6162815,
        1753104794.6262872,
        1753104794.636307,
        1753104794.6464078,
        1753104794.6564763,
        1753104794.6664753,
        1753104794.676561,
        1753104794.6866515,
        1753104794.696759,
        1753104794.7067523,
        1753104794.716912,
        1753104794.726931,
        1753104794.7369585,
        1753104794.7470677,
        1753104794.7570717,
        1753104794.767115,
        1753104794.7771804,
        1753104794.78731,
        1753104794.7974837,
        1753104794.8076017,
        1753104794.817777,
        1753104794.8277578,
        1753104794.8378115,
        1753104794.8477094,
        1753104794.857761,
        1753104794.8677673,
        1753104794.8778832,
        1753104794.8880727,
        1753104794.898108,
        1753104794.908053,
        1753104794.9181912,
        1753104794.9281623,
        1753104794.9383905,
        1753104794.9484117,
        1753104794.958386,
        1753104794.968435,
        1753104794.9785862,
        1753104794.9886708,
        1753104794.9985807,
        1753104795.0086763,
        1753104795.0188346,
        1753104795.0288317,
        1753104795.0388677,
        1753104795.0489976,
        1753104795.0590992,
        1753104795.069102,
        1753104795.079128,
        1753104795.0891955,
        1753104795.0992024,
        1753104795.1094997,
        1753104795.119426,
        1753104795.1294405,
        1753104795.1395524,
        1753104795.1495981,
        1753104795.1596506,
        1753104795.1696806,
        1753104795.1797855,
        1753104795.189917,
        1753104795.1999679,
        1753104795.2099063,
        1753104795.2200344,
        1753104795.2300897,
        1753104795.2400863,
        1753104795.2502077,
        1753104795.2601943,
        1753104795.2702944,
        1753104795.280469,
        1753104795.290443,
        1753104795.3004704,
        1753104795.3105795,
        1753104795.320797,
        1753104795.3307426,
        1753104795.3407323,
        1753104795.3508663,
        1753104795.3609266,
        1753104795.3709366,
        1753104795.3810513,
        1753104795.3910851,
        1753104795.401198,
        1753104795.4111514,
        1753104795.421265,
        1753104795.4313486,
        1753104795.4414203,
        1753104795.4514768,
        1753104795.4615495,
        1753104795.471629,
        1753104795.4817321,
        1753104795.4918437,
        1753104795.5018516,
        1753104795.5118992,
        1753104795.5219014,
        1753104795.5319743,
        1753104795.5420334,
        1753104795.5521498,
        1753104795.5622787,
        1753104795.5721908,
        1753104795.582241,
        1753104795.5923193,
        1753104795.6023607,
        1753104795.612583,
        1753104795.6224632,
        1753104795.6325226,
        1753104795.6427572,
        1753104795.6526957,
        1753104795.6626627,
        1753104795.672783,
        1753104795.6828704,
        1753104795.692967,
        1753104795.7030125,
        1753104795.7130742,
        1753104795.723155,
        1753104795.733139,
        1753104795.7431722,
        1753104795.7532763,
        1753104795.7633054,
        1753104795.773345,
        1753104795.7834976,
        1753104795.7935305,
        1753104795.803567,
        1753104795.813748,
        1753104795.823715,
        1753104795.8338227,
        1753104795.843842,
        1753104795.854059,
        1753104795.8639631,
        1753104795.8740118,
        1753104795.8840983,
        1753104795.8941953,
        1753104795.9043233,
        1753104795.9143076,
        1753104795.9242542,
        1753104795.9343321,
        1753104795.9443877,
        1753104795.9544606,
        1753104795.9644449,
        1753104795.9745142,
        1753104795.984666,
        1753104795.9947753,
        1753104796.0047164,
        1753104796.0148075,
        1753104796.0248241,
        1753104796.0349102,
        1753104796.0449083,
        1753104796.055025,
        1753104796.0650675,
        1753104796.075159,
        1753104796.085159,
        1753104796.0951705,
        1753104796.105318,
        1753104796.1154017,
        1753104796.125379,
        1753104796.1354523,
        1753104796.1454995,
        1753104796.1557255,
        1753104796.1656508,
        1753104796.1757054,
        1753104796.185851,
        1753104796.1958287,
        1753104796.2058985,
        1753104796.2159693,
        1753104796.22599,
        1753104796.2360413,
        1753104796.2461345,
        1753104796.256131,
        1753104796.2661304,
        1753104796.2762527,
        1753104796.2864554,
        1753104796.2963653,
        1753104796.306422,
        1753104796.3165894,
        1753104796.3266509,
        1753104796.3366501,
        1753104796.3468242,
        1753104796.3567853,
        1753104796.3668487,
        1753104796.3769066,
        1753104796.3870628,
        1753104796.3972356,
        1753104796.4072003,
        1753104796.4172843,
        1753104796.427929,
        1753104796.437354,
        1753104796.447374,
        1753104796.4574833,
        1753104796.4675348,
        1753104796.4774864,
        1753104796.4877567,
        1753104796.4977183,
        1753104796.507954,
        1753104796.5179772,
        1753104796.5278864,
        1753104796.537975,
        1753104796.5480635,
        1753104796.5581374,
        1753104796.568221,
        1753104796.578186,
        1753104796.5882542,
        1753104796.598248,
        1753104796.6082978,
        1753104796.6184509,
        1753104796.6284754,
        1753104796.6385717,
        1753104796.648718,
        1753104796.6586757,
        1753104796.6687253,
        1753104796.6787832,
        1753104796.6889646,
        1753104796.6988409,
        1753104796.7089546,
        1753104796.7190905,
        1753104796.7290895,
        1753104796.73911,
        1753104796.7491982,
        1753104796.7592113,
        1753104796.769322,
        1753104796.7794242,
        1753104796.78942,
        1753104796.7994628,
        1753104796.8095834,
        1753104796.8196764,
        1753104796.829641,
        1753104796.839971,
        1753104796.8499136,
        1753104796.8599682,
        1753104796.8699453,
        1753104796.8799982,
        1753104796.8901103,
        1753104796.9000745,
        1753104796.9101107,
        1753104796.9202363,
        1753104796.9302666,
        1753104796.9403071,
        1753104796.950423,
        1753104796.9604135,
        1753104796.970515,
        1753104796.9805763,
        1753104796.9905946,
        1753104797.0006611,
        1753104797.0107307,
        1753104797.0209224,
        1753104797.0309486,
        1753104797.0409193,
        1753104797.0513399,
        1753104797.0611336,
        1753104797.071142,
        1753104797.0812356,
        1753104797.091212,
        1753104797.1013002,
        1753104797.1114368,
        1753104797.121409,
        1753104797.1314647,
        1753104797.1415777,
        1753104797.151872,
        1753104797.1616495,
        1753104797.1717503,
        1753104797.1818304,
        1753104797.1919293,
        1753104797.2018836,
        1753104797.211919,
        1753104797.222012,
        1753104797.2321036,
        1753104797.2421386,
        1753104797.2522066,
        1753104797.2622242,
        1753104797.272319,
        1753104797.2825606,
        1753104797.2924666,
        1753104797.3024924,
        1753104797.312541,
        1753104797.3226702,
        1753104797.332672,
        1753104797.342804,
        1753104797.3528774,
        1753104797.3628592,
        1753104797.3729506,
        1753104797.3830805,
        1753104797.393047,
        1753104797.4031267,
        1753104797.4133365,
        1753104797.4232538,
        1753104797.4332516,
        1753104797.4433086,
        1753104797.4534223,
        1753104797.46347,
        1753104797.473511,
        1753104797.483722,
        1753104797.4937184,
        1753104797.50376,
        1753104797.5138843,
        1753104797.5238447,
        1753104797.5339627,
        1753104797.5440912,
        1753104797.554147,
        1753104797.5640538,
        1753104797.5741215,
        1753104797.584277,
        1753104797.5942724,
        1753104797.6043162,
        1753104797.614431,
        1753104797.624901,
        1753104797.6349053,
        1753104797.64497,
        1753104797.6550586,
        1753104797.665063,
        1753104797.675195,
        1753104797.6851556,
        1753104797.695169,
        1753104797.7053194,
        1753104797.715532,
        1753104797.7254112,
        1753104797.7354858,
        1753104797.7455213,
        1753104797.7556267,
        1753104797.765585,
        1753104797.7756987,
        1753104797.7858076,
        1753104797.7958605,
        1753104797.8059208,
        1753104797.816017,
        1753104797.826048,
        1753104797.8361466,
        1753104797.8463528,
        1753104797.8563833,
        1753104797.8662448,
        1753104797.87654,
        1753104797.8864594,
        1753104797.8964286,
        1753104797.906708,
        1753104797.9168677,
        1753104797.9267216,
        1753104797.937424,
        1753104797.9469635,
        1753104797.9569144,
        1753104797.9669287,
        1753104797.976968,
        1753104797.98709,
        1753104797.9970741
    ],
    "set_target_data": [
        {
            "head": [
                [
                    0.9853724484140086,
                    -0.1570135477833145,
                    -0.06624110294279972,
                    -0.011425609245831688
                ],
                [
                    0.15281929668820488,
                    0.9861624412303153,
                    -0.06426431409722844,
                    0.0003284267611706129
                ],
                [
                    0.0754148557401271,
                    0.053201365764063244,
                    0.9957319991918177,
                    0.008649601833859766
                ],
                [
                    0.0,
                    0.0,
                    0.0,
                    1.0
                ]
            ],
            "antennas": [
                0.03867868640787482,
                -0.05111564869854487
            ],
            "body_yaw": -0.3140723397810006,
            "check_collision": false
        },
        {
            "head": [
                [
                    0.9853436672549479,
                    -0.15720782498130842,
                    -0.06620843726608373,
                    -0.01143973847130767
                ],
                [
                    0.15302091824230557,
                    0.9861358579062921,
                    -0.06419243204383965,
                    0.00031796843870541636
                ],
                [
                    0.07538206670589688,
                    0.053120330534246765,
                    0.9957388083745055,
                    0.008908128701661688
                ],
                [
                    0.0,
                    0.0,
                    0.0,
                    1.0
                ]
            ],
            "antennas": [
                0.03867868640787482,
                -0.05111564869854487
            ],
            "body_yaw": -0.3140723397810006,
            "check_collision": false
        },
        {
            "head": [
                [
                    0.9852890351561794,
                    -0.1576054979546145,
                    -0.06607589738689014,
                    -0.011459197851562044
                ],
                [
                    0.15339694128847706,
                    0.9860523599339659,
                    -0.06457648079599736,
                    0.0002919628589136805
                ],
                [
                    0.07533190296510738,
                    0.05349065790522956,
                    0.9957227796492962,
                    0.008918241984490594
                ],
                [
                    0.0,
                    0.0,
                    0.0,
                    1.0
                ]
            ],
            "antennas": [
                0.03867868640787482,
                -0.05111564869854487
            ],
            "body_yaw": -0.3140723397810006,
            "check_collision": false
        },
        {
            "head": [
                [
                    0.9852438760168662,
                    -0.1579467092603073,
                    -0.0659343749883351,
                    -0.011485064508206811
                ],
                [
                    0.15372943961870505,
                    0.9859861760679359,
                    -0.06479598751040676,
                    9.849135336720304e-05
                ],
                [
                    0.07524469526671856,
                    0.05370379536652728,
                    0.9957179009124268,
                    0.009144759148673909
                ],
                [
                    0.0,
                    0.0,
                    0.0,
                    1.0
                ]
            ],
            "antennas": [
                0.03867868640787482,
                -0.05111564869854487
            ],
            "body_yaw": -0.3140723397810006,
            "check_collision": false
        },
        {
            "head": [
                [
                    0.9852091358516027,
                    -0.15822145919868386,
                    -0.06579459311810673,
                    -0.011488994014454447
                ],
                [
                    0.15399239059933179,
                    0.9859280832450823,
                    -0.06505504059010986,
                    8.682282819643826e-05
                ],
                [
                    0.07516184053122185,
                    0.05396095363980547,
                    0.9957102556518346,
                    0.009163248678622227
                ],
                [
                    0.0,
                    0.0,
                    0.0,
                    1.0
                ]
            ],
            "antennas": [
                0.03867868640787482,
                -0.05111564869854487
            ],
            "body_yaw": -0.3140723397810006,
            "check_collision": false
        },
        {
            "head": [
                [
                    0.9851812072772478,
                    -0.15851348397013781,
                    -0.06550926825567295,
                    -0.011412238220122058
                ],
                [
                    0.1542894696494173,
                    0.985872299951387,
                    -0.06519637830327896,
                    0.00014915354535536207
                ],
                [
                    0.0749182780304405,
                    0.05412285643063933,
                    0.9957198240613382,
                    0.009060800126949764
                ],
                [
                    0.0,
                    0.0,
                    0.0,
                    1.0
                ]
            ],
            "antennas": [
                0.03867868640787482,
                -0.05111564869854487
            ],
            "body_yaw": -0.3140723397810006,
            "check_collision": false
        },
        {
            "head": [
                [
                    0.985165648779438,
                    -0.15869824333554572,
                    -0.06529557433089198,
                    -0.011400874120806183
                ],
                [
                    0.15448527550491303,
                    0.9858410130455856,
                    -0.06520580226808756,
                    0.00014258867171306454
                ],
                [
                    0.07471910142099031,
                    0.05415131170586485,
                    0.9957332430542701,
                    0.00907643395760771
                ],
                [
                    0.0,
                    0.0,
                    0.0,
                    1.0
                ]
            ],
            "antennas": [
                0.03867868640787482,
                -0.05111564869854487
            ],
            "body_yaw": -0.3140723397810006,
            "check_collision": false
        },
        {
            "head": [
                [
                    0.9851863500495894,
                    -0.15858285386517393,
                    -0.06526357434238808,
                    -0.011369191691463748
                ],
                [
                    0.1543828151290881,
                    0.9858669891137715,
                    -0.06505556216469444,
                    0.0001519670977165199
                ],
                [
                    0.0746579002436134,
                    0.054016277507095097,
                    0.9957451680502852,
                    0.008956241303175128
                ],
                [
                    0.0,
                    0.0,
                    0.0,
                    1.0
                ]
            ],
            "antennas": [
                0.03867868640787482,
                -0.05111564869854487
            ],
            "body_yaw": -0.3140723397810006,
            "check_collision": false
        },
        {
            "head": [
                [
                    0.9852057652252639,
                    -0.15844995399768821,
                    -0.06529327871253476,
                    -0.01137264117718
                ],
                [
                    0.1542759996164074,
                    0.9859080994506254,
                    -0.06468489298139338,
                    0.00015436529301116064
                ],
                [
                    0.07462249063962229,
                    0.05365474364663897,
                    0.995767368603206,
                    0.008967068618405183
                ],
                [
                    0.0,
                    0.0,
                    0.0,
                    1.0
                ]
            ],
            "antennas": [
                0.03867868640787482,
                -0.05111564869854487
            ],
            "body_yaw": -0.3140723397810006,
            "check_collision": false
        },
        {
            "head": [
                [
                    0.9852119583965412,
                    -0.15839077131727014,
                    -0.06534340512991318,
                    -0.011338998873456511
                ],
                [
                    0.1542090104137328,
                    0.9859141492088581,
                    -0.06475238603318441,
                    0.00023120496089573423
                ],
                [
                    0.0746791680434978,
                    0.05371828321245491,
                    0.995759693856423,
                    0.008762209604731841
                ],
                [
                    0.0,
                    0.0,
                    0.0,
                    1.0
                ]
            ],
            "antennas": [
                0.03867868640787482,
                -0.05111564869854487
            ],
            "body_yaw": -0.3140723397810006,
            "check_collision": false
        },
        {
            "head": [
                [
                    0.985202697134328,
                    -0.15847942918403435,
                    -0.06526803264040307,
                    -0.011338870407145788
                ],
                [
                    0.1543147545307974,
                    0.9859089457611321,
                    -0.06457946424578925,
                    0.0002249317369673521
                ],
                [
                    0.07458285388308636,
                    0.05355204191882959,
                    0.9957758667054442,
                    0.008757848602324425
                ],
                [
                    0.0,
                    0.0,
                    0.0,
                    1.0
                ]
            ],
            "antennas": [
                0.03867868640787482,
                -0.05111564869854487
            ],
            "body_yaw": -0.3140723397810006,
            "check_collision": false
        },
        {
            "head": [
                [
                    0.9851524724621403,
                    -0.15884611302764226,
                    -0.06513461735315035,
                    -0.011360324419936368
                ],
                [
                    0.15465757593171373,
                    0.9858277305323377,
                    -0.06499784550572874,
                    -6.537164936354703e-05
                ],
                [
                    0.07453616711810465,
                    0.053959226175602906,
                    0.9957573809427034,
                    0.008763049505928766
                ],
                [
                    0.0,
                    0.0,
                    0.0,
                    1.0
                ]
            ],
            "antennas": [
                0.03867868640787482,
                -0.05111564869854487
            ],
            "body_yaw": -0.3140723397810006,
            "check_collision": false
        },
        {
            "head": [
                [
                    0.9851001497290004,
                    -0.15922497859895907,
                    -0.06500077841120042,
                    -0.0113610041529486
                ],
                [
                    0.15502841469221607,
                    0.9857557516682627,
                    -0.06520574124229228,
                    -8.586179838475187e-05
                ],
                [
                    0.07445727393558829,
                    0.05415721783012416,
                    0.9957525345762276,
                    0.008749338945632845
                ],
                [
                    0.0,
                    0.0,
                    0.0,
                    1.0
                ]
            ],
            "antennas": [
                0.03867868640787482,
                -0.05111564869854487
            ],
            "body_yaw": -0.3140723397810006,
            "check_collision": false
        },
        {
            "head": [
                [
                    0.9850795852415151,
                    -0.15935317187275885,
                    -0.06499828731971033,
                    -0.011399125730268196
                ],
                [
                    0.15515744792856215,
                    0.9857359977236807,
                    -0.06519746271133003,
                    -0.00014454869974124312
                ],
                [
                    0.07446057408253148,
                    0.05413972114622245,
                    0.9957532392623731,
                    0.00877573275011334
                ],
                [
                    0.0,
                    0.0,
                    0.0,
                    1.0
                ]
            ],
            "antennas": [
                0.03867868640787482,
                -0.05111564869854487
            ],
            "body_yaw": -0.3140723397810006,
            "check_collision": false
        },
        {
            "head": [
                [
                    0.9850507914948293,
                    -0.1595459900579169,
                    -0.06496164431300626,
                    -0.011407906079389123
                ],
                [
                    0.15534159001323125,
                    0.9856974322724397,
                    -0.06534188873670957,
                    -0.00015323375831151266
                ],
                [
                    0.07445756232627838,
                    0.054273834100406454,
                    0.9957461636102196,
                    0.008758463844301956
                ],
                [
                    0.0,
                    0.0,
                    0.0,
                    1.0
                ]
            ],
            "antennas": [
                0.03867868640787482,
                -0.05111564869854487
            ],
            "body_yaw": -0.3140723397810006,
            "check_collision": false
        },
        {
            "head": [
                [
                    0.9850263405639339,
                    -0.15973364557400424,
                    -0.06487118672309866,
                    -0.011480313222928185
                ],
                [
                    0.15553681196568878,
                    0.9856688735838183,
                    -0.06530828256474605,
                    -7.263717476480057e-05
                ],
                [
                    0.07437343960564627,
                    0.05424052101192549,
                    0.9957542655502812,
                    0.008840882864015687
                ],
                [
                    0.0,
                    0.0,
                    0.0,
                    1.0
                ]
            ],
            "antennas": [
                0.03867868640787482,
                -0.05111564869854487
            ],
            "body_yaw": -0.3140723397810006,
            "check_collision": false
        },
        {
            "head": [
                [
                    0.9850259381393939,
                    -0.1597419090957546,
                    -0.06485694774695122,
                    -0.01150026912225515
                ],
                [
                    0.15554398465899333,
                    0.9856660801756745,
                    -0.06533335463240576,
                    -5.931418777107569e-05
                ],
                [
                    0.07436376825450641,
                    0.05426694085319829,
                    0.9957535483750111,
                    0.008822199539894382
                ],
                [
                    0.0,
                    0.0,
                    0.0,
                    1.0
                ]
            ],
            "antennas": [
                0.03867868640787482,
                -0.05111564869854487
            ],
            "body_yaw": -0.3140723397810006,
            "check_collision": false
        },
        {
            "head": [
                [
                    0.9850153451521297,
                    -0.15987023212223814,
                    -0.06470145822168889,
                    -0.011521487216085653
                ],
                [
                    0.15568948898001064,
                    0.9856507662738491,
                    -0.06521771204908855,
                    -1.173642713049323e-05
                ],
                [
                    0.07419941263901216,
                    0.0541671101772689,
                    0.9957712444829233,
                    0.008944376825023248
                ],
                [
                    0.0,
                    0.0,
                    0.0,
                    1.0
                ]
            ],
            "antennas": [
                0.03867868640787482,
                -0.05111564869854487
            ],
            "body_yaw": -0.3140723397810006,
            "check_collision": false
        },
        {
            "head": [
                [
                    0.985015322492881,
                    -0.15996543624263096,
                    -0.06446606597234097,
                    -0.011517072274199422
                ],
                [
                    0.15579309823862167,
                    0.98563041034636,
                    -0.06527790393140084,
                    1.0465936641415878e-05
                ],
                [
                    0.07398192343712504,
                    0.05425636744356173,
                    0.9957825674294427,
                    0.008935187573696768
                ],
                [
                    0.0,
                    0.0,
                    0.0,
                    1.0
                ]
            ],
            "antennas": [
                0.03867868640787482,
                -0.05111564869854487
            ],
            "body_yaw": -0.3140723397810006,
            "check_collision": false
        },
        {
            "head": [
                [
                    0.9850106348635166,
                    -0.1600627035237438,
                    -0.06429603523112684,
                    -0.011526490453830456
                ],
                [
                    0.15589774639609405,
                    0.9856121202113796,
                    -0.0653042200860587,
                    5.400109547192488e-05
                ],
                [
                    0.07382372162382062,
                    0.05430174429149894,
                    0.9957918350200053,
                    0.00900741711797598
                ],
                [
                    0.0,
                    0.0,
                    0.0,
                    1.0
                ]
            ],
            "antennas": [
                0.03867868640787482,
                -0.05111564869854487
            ],
            "body_yaw": -0.3140723397810006,
            "check_collision": false
        },
        {
            "head": [
                [
                    0.9850485412867611,
                    -0.15993363544480912,
                    -0.06403595523009421,
                    -0.011514897872519005
                ],
                [
                    0.1557813432953377,
                    0.9856292198767199,
                    -0.06532391603622884,
                    7.746534756263772e-05
                ],
                [
                    0.07356319997066389,
                    0.05437162107768191,
                    0.9958073018568707,
                    0.00900202839742864
                ],
                [
                    0.0,
                    0.0,
                    0.0,
                    1.0
                ]
            ],
            "antennas": [
                0.03867868640787482,
                -0.05111564869854487
            ],
            "body_yaw": -0.3140723397810006,
            "check_collision": false
        },
        {
            "head": [
                [
                    0.9850770161209587,
                    -0.15982992484540254,
                    -0.06385661621274721,
                    -0.011509461704220061
                ],
                [
                    0.15568556592173444,
                    0.9856427272926576,
                    -0.06534844067551869,
                    2.9854973631662763e-05
                ],
                [
                    0.07338444572154507,
                    0.054431693515868865,
                    0.9958172090635594,
                    0.008934450840192731
                ],
                [
                    0.0,
                    0.0,
                    0.0,
                    1.0
                ]
            ],
            "antennas": [
                0.03867868640787482,
                -0.05111564869854487
            ],
            "body_yaw": -0.3140723397810006,
            "check_collision": false
        },
        {
            "head": [
                [
                    0.9850809275082288,
                    -0.15978985699131215,
                    -0.06389654029932337,
                    -0.01151854670934161
                ],
                [
                    0.15564673186457528,
                    0.9856519531438992,
                    -0.06530177733793423,
                    4.332489965491596e-05
                ],
                [
                    0.073414311407273,
                    0.054382247712945295,
                    0.9958177092290954,
                    0.00893579500809244
                ],
                [
                    0.0,
                    0.0,
                    0.0,
                    1.0
                ]
            ],
            "antennas": [
                0.03867868640787482,
                -0.05111564869854487
            ],
            "body_yaw": -0.3140723397810006,
            "check_collision": false
        },
        {
            "head": [
                [
                    0.9850656860511354,
                    -0.15981400526906106,
                    -0.06407088172068684,
                    -0.011544189910975179
                ],
                [
                    0.15566507635285057,
                    0.9856523776863877,
                    -0.06525162346816812,
                    -5.21921217334038e-05
                ],
                [
                    0.0735797402052149,
                    0.05430353654257623,
                    0.9958097949660377,
                    0.008868125064466381
                ],
                [
                    0.0,
                    0.0,
                    0.0,
                    1.0
                ]
            ],
            "antennas": [
                0.03867868640787482,
                -0.05111564869854487
            ],
            "body_yaw": -0.3140723397810006,
            "check_collision": false
        },
        {
            "head": [
                [
                    0.985030207669276,
                    -0.15992975421808944,
                    -0.06432700595212508,
                    -0.011559829675858231
                ],
                [
                    0.1557762114475161,
                    0.9856431028039344,
                    -0.06512638360980728,
                    -4.3132710329688386e-05
                ],
                [
                    0.0738191162645692,
                    0.05413083789093353,
                    0.9958014814525753,
                    0.008880309565855338
                ],
                [
                    0.0,
                    0.0,
                    0.0,
                    1.0
                ]
            ],
            "antennas": [
                0.03867868640787482,
                -0.05111564869854487
            ],
            "body_yaw": -0.3140723397810006,
            "check_collision": false
        },
        {
            "head": [
                [
                    0.9850316803737639,
                    -0.15995579185888426,
                    -0.06423965528267155,
                    -0.011580669670166535
                ],
                [
                    0.1558001414014769,
                    0.9856331812050803,
                    -0.06521923065195938,
                    -6.500019924481168e-05
                ],
                [
                    0.07374892947913865,
                    0.05423446098516127,
                    0.995801043704178,
                    0.008791383300165934
                ],
                [
                    0.0,
                    0.0,
                    0.0,
                    1.0
                ]
            ],
            "antennas": [
                0.03867868640787482,
                -0.05111564869854487
            ],
            "body_yaw": -0.3140723397810006,
            "check_collision": false
        },
        {
            "head": [
                [
                    0.9849888851932243,
                    -0.1601897854002577,
                    -0.06431274134437732,
                    -0.01158326403695957
                ],
                [
                    0.156036956730994,
                    0.98560165869871,
                    -0.0651293981584478,
                    -6.14618779229949e-05
                ],
                [
                    0.07381980885872909,
                    0.05411656884699092,
                    0.9958022056594822,
                    0.008811067129782135
                ],
                [
                    0.0,
                    0.0,
                    0.0,
                    1.0
                ]
            ],
            "antennas": [
                0.03867868640787482,
                -0.05111564869854487
            ],
            "body_yaw": -0.3140723397810006,
            "check_collision": false
        },
        {
            "head": [
                [
                    0.984970716730851,
                    -0.16021408313801488,
                    -0.06453010729077444,
                    -0.011665884985025531
                ],
                [
                    0.15606360170481048,
                    0.9856099990902971,
                    -0.06493906309877577,
                    -1.6509084207448903e-05
                ],
                [
                    0.07400567144236903,
                    0.05389227456203502,
                    0.9958005740794159,
                    0.008869134457911598
                ],
                [
                    0.0,
                    0.0,
                    0.0,
                    1.0
                ]
            ],
            "antennas": [
                0.03867868640787482,
                -0.05111564869854487
            ],
            "body_yaw": -0.3140723397810006,
            "check_collision": false
        },
        {
            "head": [
                [
                    0.984968885616558,
                    -0.16024107938145543,
                    -0.06449101368362944,
                    -0.011655461558404094
                ],
                [
                    0.15611179381057244,
                    0.9856192457638313,
                    -0.06468237946443978,
                    4.56020790096177e-06
                ],
                [
                    0.07392835856774649,
                    0.05364232338930302,
                    0.9958198124866146,
                    0.008886279595477442
                ],
                [
                    0.0,
                    0.0,
                    0.0,
                    1.0
                ]
