{
    "description": "TODO: Add a description of the recording. You can add as much as you want, even if the wording is not perfect.",
    "time": [
        1753105055.8553991,
        1753105055.865314,
        1753105055.8754086,
        1753105055.8854506,
        1753105055.8955183,
        1753105055.9055212,
        1753105055.915614,
        1753105055.9257257,
        1753105055.935779,
        1753105055.945829,
        1753105055.9559062,
        1753105055.9659245,
        1753105055.976084,
        1753105055.9860754,
        1753105055.9961028,
        1753105056.0061393,
        1753105056.0162756,
        1753105056.0262709,
        1753105056.036307,
        1753105056.04648,
        1753105056.0565498,
        1753105056.0664864,
        1753105056.0765557,
        1753105056.0866027,
        1753105056.0968344,
        1753105056.1068544,
        1753105056.116868,
        1753105056.126919,
        1753105056.1369684,
        1753105056.147148,
        1753105056.1570609,
        1753105056.1670983,
        1753105056.1772096,
        1753105056.1872897,
        1753105056.1973112,
        1753105056.207327,
        1753105056.2173626,
        1753105056.2276802,
        1753105056.237484,
        1753105056.2475893,
        1753105056.2576718,
        1753105056.2677324,
        1753105056.277867,
        1753105056.2878423,
        1753105056.2979777,
        1753105056.3080022,
        1753105056.318055,
        1753105056.3280606,
        1753105056.3382792,
        1753105056.3483891,
        1753105056.3582885,
        1753105056.3682513,
        1753105056.3783588,
        1753105056.3884423,
        1753105056.3985379,
        1753105056.4085667,
        1753105056.4186006,
        1753105056.4286954,
        1753105056.4387152,
        1753105056.4491272,
        1753105056.4589422,
        1753105056.4689348,
        1753105056.4790273,
        1753105056.4891815,
        1753105056.4991634,
        1753105056.5091398,
        1753105056.519218,
        1753105056.529327,
        1753105056.5394595,
        1753105056.54967,
        1753105056.5597515,
        1753105056.5698867,
        1753105056.5798266,
        1753105056.589925,
        1753105056.599922,
        1753105056.610022,
        1753105056.620168,
        1753105056.6301563,
        1753105056.640167,
        1753105056.6503377,
        1753105056.6602924,
        1753105056.6703076,
        1753105056.6803885,
        1753105056.6904812,
        1753105056.7005243,
        1753105056.7105958,
        1753105056.7209373,
        1753105056.7307584,
        1753105056.74076,
        1753105056.750887,
        1753105056.7609143,
        1753105056.770974,
        1753105056.7811153,
        1753105056.791118,
        1753105056.8011546,
        1753105056.8113368,
        1753105056.8213189,
        1753105056.8313303,
        1753105056.8413801,
        1753105056.8514552,
        1753105056.861583,
        1753105056.8715909,
        1753105056.881633,
        1753105056.891744,
        1753105056.901789,
        1753105056.9118657,
        1753105056.9218545,
        1753105056.931975,
        1753105056.941992,
        1753105056.9522035,
        1753105056.9620993,
        1753105056.9721243,
        1753105056.9821694,
        1753105056.992244,
        1753105057.0023227,
        1753105057.0123854,
        1753105057.0225098,
        1753105057.0324812,
        1753105057.0425768,
        1753105057.0526366,
        1753105057.0627956,
        1753105057.0727627,
        1753105057.0827677,
        1753105057.0929558,
        1753105057.1029496,
        1753105057.1130593,
        1753105057.1231678,
        1753105057.1330633,
        1753105057.1431227,
        1753105057.1531885,
        1753105057.1632912,
        1753105057.173359,
        1753105057.1833558,
        1753105057.1934164,
        1753105057.2035203,
        1753105057.2136676,
        1753105057.2236435,
        1753105057.23362,
        1753105057.243936,
        1753105057.253871,
        1753105057.2638693,
        1753105057.2740388,
        1753105057.28404,
        1753105057.2941802,
        1753105057.3040519,
        1753105057.3141558,
        1753105057.3241844,
        1753105057.3342857,
        1753105057.3443282,
        1753105057.3543637,
        1753105057.3644416,
        1753105057.374557,
        1753105057.3845506,
        1753105057.3946586,
        1753105057.4046528,
        1753105057.4147654,
        1753105057.4248254,
        1753105057.4349263,
        1753105057.4449365,
        1753105057.4549394,
        1753105057.465035,
        1753105057.4750335,
        1753105057.4853294,
        1753105057.4952626,
        1753105057.5053492,
        1753105057.5153546,
        1753105057.5254707,
        1753105057.5355701,
        1753105057.5455477,
        1753105057.555661,
        1753105057.565814,
        1753105057.5757623,
        1753105057.5857925,
        1753105057.5958486,
        1753105057.6059272,
        1753105057.6160762,
        1753105057.6260557,
        1753105057.63608,
        1753105057.6462245,
        1753105057.6565986,
        1753105057.6663716,
        1753105057.676362,
        1753105057.6864324,
        1753105057.6964884,
        1753105057.7065191,
        1753105057.7166066,
        1753105057.7266192,
        1753105057.736699,
        1753105057.7468784,
        1753105057.7568662,
        1753105057.7668555,
        1753105057.7770233,
        1753105057.7871299,
        1753105057.7970653,
        1753105057.8073797,
        1753105057.8173718,
        1753105057.8273787,
        1753105057.8372307,
        1753105057.847348,
        1753105057.8574264,
        1753105057.8674242,
        1753105057.877521,
        1753105057.8875546,
        1753105057.8976226,
        1753105057.9077194,
        1753105057.9177792,
        1753105057.9278438,
        1753105057.9378793,
        1753105057.9480147,
        1753105057.958063,
        1753105057.9680142,
        1753105057.9781146,
        1753105057.988162,
        1753105057.9982247,
        1753105058.0082462,
        1753105058.0183032,
        1753105058.0284152,
        1753105058.0384748,
        1753105058.0485556,
        1753105058.0585766,
        1753105058.0685766,
        1753105058.0787234,
        1753105058.0887809,
        1753105058.0987756,
        1753105058.1089637,
        1753105058.1190178,
        1753105058.1289992,
        1753105058.1390457,
        1753105058.1492052,
        1753105058.1591537,
        1753105058.1692238,
        1753105058.1792512,
        1753105058.1893523,
        1753105058.1994352,
        1753105058.2094345,
        1753105058.219543,
        1753105058.229584,
        1753105058.2396522,
        1753105058.2498462,
        1753105058.259789,
        1753105058.2698293,
        1753105058.2798893,
        1753105058.2900467,
        1753105058.3000007,
        1753105058.3100488,
        1753105058.3201559,
        1753105058.3302436,
        1753105058.3402903,
        1753105058.3503726,
        1753105058.360466,
        1753105058.3706014,
        1753105058.3805835,
        1753105058.3906302,
        1753105058.4006395,
        1753105058.4107566,
        1753105058.4208584,
        1753105058.430851,
        1753105058.4408898,
        1753105058.4510303,
        1753105058.4610193,
        1753105058.471074,
        1753105058.481213,
        1753105058.4924896,
        1753105058.5014167,
        1753105058.5114033,
        1753105058.5214553,
        1753105058.5314894,
        1753105058.5416179,
        1753105058.5517101,
        1753105058.5618846,
        1753105058.5719771,
        1753105058.5820541,
        1753105058.5920897,
        1753105058.6020904,
        1753105058.612369,
        1753105058.6224587,
        1753105058.63246,
        1753105058.6424747,
        1753105058.6525493,
        1753105058.662535,
        1753105058.6725333,
        1753105058.6827328,
        1753105058.6933076,
        1753105058.7027595,
        1753105058.713033,
        1753105058.7231157,
        1753105058.732874,
        1753105058.7430334,
        1753105058.7530887,
        1753105058.7631292,
        1753105058.7732325,
        1753105058.7832682,
        1753105058.7933197,
        1753105058.8033555,
        1753105058.8134642,
        1753105058.8235855,
        1753105058.8336263,
        1753105058.8436441,
        1753105058.8537302,
        1753105058.8637543,
        1753105058.8738403,
        1753105058.8839638,
        1753105058.8939617,
        1753105058.9039857,
        1753105058.9140513,
        1753105058.9241424,
        1753105058.9341543,
        1753105058.9441993,
        1753105058.9542732,
        1753105058.9645033,
        1753105058.9743528,
        1753105058.9844668,
        1753105058.9945123,
        1753105059.004592,
        1753105059.014698,
        1753105059.0246823,
        1753105059.0347252,
        1753105059.044878,
        1753105059.054944,
        1753105059.0649395,
        1753105059.0749884,
        1753105059.085111,
        1753105059.0951102,
        1753105059.1051443,
        1753105059.1152701,
        1753105059.125275,
        1753105059.1353393,
        1753105059.14541,
        1753105059.1554868,
        1753105059.1655085,
        1753105059.175638,
        1753105059.1856594,
        1753105059.1956956,
        1753105059.2057295,
        1753105059.215851,
        1753105059.225982,
        1753105059.235932,
        1753105059.2460368,
        1753105059.25608,
        1753105059.2662077,
        1753105059.2762408,
        1753105059.2862966,
        1753105059.2963068,
        1753105059.306349,
        1753105059.3164682,
        1753105059.3265252,
        1753105059.3365319,
        1753105059.3467324,
        1753105059.3567815,
        1753105059.366766,
        1753105059.376955,
        1753105059.3871949,
        1753105059.396992,
        1753105059.40711,
        1753105059.4172175,
        1753105059.427365,
        1753105059.4371603,
        1753105059.4472716,
        1753105059.4573333,
        1753105059.4673753,
        1753105059.4774473,
        1753105059.4876006,
        1753105059.4976747,
        1753105059.5077486,
        1753105059.5177872,
        1753105059.527813,
        1753105059.5378172,
        1753105059.5479202,
        1753105059.5580206,
        1753105059.568024,
        1753105059.578107,
        1753105059.588141,
        1753105059.598187,
        1753105059.6088336,
        1753105059.6183414,
        1753105059.62839,
        1753105059.6385403,
        1753105059.6486082,
        1753105059.658527,
        1753105059.6685975,
        1753105059.6787238,
        1753105059.6887567,
        1753105059.6988308,
        1753105059.7088795,
        1753105059.7189682,
        1753105059.7290413,
        1753105059.7390897,
        1753105059.7491434,
        1753105059.7592156,
        1753105059.7693114,
        1753105059.7793236,
        1753105059.7894003,
        1753105059.7993848,
        1753105059.8095088,
        1753105059.8196452,
        1753105059.8297057,
        1753105059.8397417,
        1753105059.8498247,
        1753105059.8598428,
        1753105059.8698354,
        1753105059.8799496,
        1753105059.890053,
        1753105059.9000342,
        1753105059.9103134,
        1753105059.9202347,
        1753105059.930262,
        1753105059.9403849,
        1753105059.9503858,
        1753105059.9604206,
        1753105059.970482,
        1753105059.9806266,
        1753105059.9906538,
        1753105060.0006618,
        1753105060.010776,
        1753105060.0209334,
        1753105060.030915,
        1753105060.040957,
        1753105060.0510075,
        1753105060.0610976,
        1753105060.0711055,
        1753105060.0811872,
        1753105060.0912807,
        1753105060.101317,
        1753105060.111482,
        1753105060.1214347,
        1753105060.131494,
        1753105060.1415718,
        1753105060.1516802,
        1753105060.1616783,
        1753105060.1717253,
        1753105060.1818187,
        1753105060.1918435,
        1753105060.2018974,
        1753105060.2119803,
        1753105060.2220602,
        1753105060.2321188,
        1753105060.2421415,
        1753105060.2522078,
        1753105060.262249,
        1753105060.2722976,
        1753105060.2824063,
        1753105060.2924178,
        1753105060.3024776,
        1753105060.312669,
        1753105060.322707,
        1753105060.3326612,
        1753105060.3427618,
        1753105060.3529055,
        1753105060.3630755,
        1753105060.373013,
        1753105060.3830667,
        1753105060.3930953,
        1753105060.4032161,
        1753105060.413216,
        1753105060.4233515,
        1753105060.4332752,
        1753105060.4434676,
        1753105060.453517,
        1753105060.4634945,
        1753105060.4735634,
        1753105060.4837997,
        1753105060.4938548,
        1753105060.5037906,
        1753105060.5138962,
        1753105060.5239778,
        1753105060.5344968,
        1753105060.5443478,
        1753105060.5545018,
        1753105060.5645728,
        1753105060.5746691,
        1753105060.5847123,
        1753105060.5946786,
        1753105060.604935,
        1753105060.6150174,
        1753105060.6248825,
        1753105060.634905,
        1753105060.6449828,
        1753105060.6550627,
        1753105060.6651397,
        1753105060.6750977,
        1753105060.6852105,
        1753105060.6952417,
        1753105060.7052257,
        1753105060.7154882,
        1753105060.7254508,
        1753105060.7354834,
        1753105060.745609,
        1753105060.7557259,
        1753105060.765714,
        1753105060.77583,
        1753105060.7859375,
        1753105060.7959285,
        1753105060.8059828,
        1753105060.8160577,
        1753105060.8260975,
        1753105060.836358,
        1753105060.8463042,
        1753105060.8563223,
        1753105060.8663473,
        1753105060.8764327,
        1753105060.886466,
        1753105060.8965023,
        1753105060.9065979,
        1753105060.9166617,
        1753105060.9266686,
        1753105060.9367375,
        1753105060.9468322,
        1753105060.956903,
        1753105060.9668822,
        1753105060.9769862,
        1753105060.9870453,
        1753105060.9971251,
        1753105061.0071485,
        1753105061.017262,
        1753105061.0273118,
        1753105061.0373209,
        1753105061.047446,
        1753105061.057451,
        1753105061.06748,
        1753105061.077738,
        1753105061.087672,
        1753105061.097677,
        1753105061.107823,
        1753105061.1178856,
        1753105061.127953,
        1753105061.1378887,
        1753105061.1480172,
        1753105061.158091,
        1753105061.168159,
        1753105061.178172,
        1753105061.1881878,
        1753105061.198222,
        1753105061.2083418,
        1753105061.2184038,
        1753105061.22845,
        1753105061.2385223
    ],
    "set_target_data": [
        {
            "head": [
                [
                    0.9832164528959997,
                    -0.17518701877409587,
                    -0.05094031024299772,
                    -0.004537340039859165
                ],
                [
                    0.17459615234787235,
                    0.984512368734703,
                    -0.015861254480727595,
                    -0.005252694070674611
                ],
                [
                    0.05293005138791029,
                    0.0067010642011874535,
                    0.998575738438825,
                    -0.0006862120493091317
                ],
                [
                    0.0,
                    0.0,
                    0.0,
                    1.0
                ]
            ],
            "antennas": [
                0.0,
                0.0
            ],
            "body_yaw": -0.3140723397810006,
            "check_collision": false
        },
        {
            "head": [
                [
                    0.9837082615457019,
                    -0.17243309732835593,
                    -0.05084174576548882,
                    -0.004527749572878111
                ],
                [
                    0.1717877479553358,
                    0.9849901436755041,
                    -0.016834087873825405,
                    -0.005076329942225004
                ],
                [
                    0.052981372379043726,
                    0.007825842309897319,
                    0.9985648353376828,
                    -0.0007778451436584177
                ],
                [
                    0.0,
                    0.0,
                    0.0,
                    1.0
                ]
            ],
            "antennas": [
                0.0,
                0.0
            ],
            "body_yaw": -0.3140723397810006,
            "check_collision": false
        },
        {
            "head": [
                [
                    0.9843990251674747,
                    -0.1684690823167255,
                    -0.05076147705382692,
                    -0.004492609815163896
                ],
                [
                    0.16779275562574544,
                    0.9856698933729935,
                    -0.0173335644802414,
                    -0.0050199011761833875
                ],
                [
                    0.052954229376365285,
                    0.008545735862532534,
                    0.9985603737329674,
                    -0.0008074387205734834
                ],
                [
                    0.0,
                    0.0,
                    0.0,
                    1.0
                ]
            ],
            "antennas": [
                0.0,
                0.0
            ],
            "body_yaw": -0.3140723397810006,
            "check_collision": false
        },
        {
            "head": [
                [
                    0.9850399859125262,
                    -0.1646205941176795,
                    -0.050953764785271756,
                    -0.00449097059663206
                ],
                [
                    0.16388496544547881,
                    0.9863092924730348,
                    -0.018322054532066104,
                    -0.004824576336679827
                ],
                [
                    0.05327235919672405,
                    0.009697400357003613,
                    0.9985329319416218,
                    -0.0007495167218961596
                ],
                [
                    0.0,
                    0.0,
                    0.0,
                    1.0
                ]
            ],
            "antennas": [
                0.0,
                0.0
            ],
            "body_yaw": -0.3140723397810006,
            "check_collision": false
        },
        {
            "head": [
                [
                    0.9857088715216793,
                    -0.16047615363347315,
                    -0.05123889848995276,
                    -0.004461245390167318
                ],
                [
                    0.15970184190083084,
                    0.9869845232625208,
                    -0.018891070211525706,
                    -0.004788300245428503
                ],
                [
                    0.05360356608416824,
                    0.010438149034224659,
                    0.9985077379508882,
                    -0.0007642873475433576
                ],
                [
                    0.0,
                    0.0,
                    0.0,
                    1.0
                ]
            ],
            "antennas": [
                0.0,
                0.0
            ],
            "body_yaw": -0.3140723397810006,
            "check_collision": false
        },
        {
            "head": [
                [
                    0.9862293468194775,
                    -0.1571676163304434,
                    -0.05147830464412362,
                    -0.004443564565824232
                ],
                [
                    0.15634808599869543,
                    0.9875074693896237,
                    -0.019602905505198318,
                    -0.004693181619114473
                ],
                [
                    0.053916152278989576,
                    0.011284426290589195,
                    0.998481702509726,
                    -0.000692766800460487
                ],
                [
                    0.0,
                    0.0,
                    0.0,
                    1.0
                ]
            ],
            "antennas": [
                0.0,
                0.0
            ],
            "body_yaw": -0.3140723397810006,
            "check_collision": false
        },
        {
            "head": [
                [
                    0.9866991557101661,
                    -0.15406374429503822,
                    -0.05185690710637006,
                    -0.0044221149360372525
                ],
                [
                    0.1531989837344096,
                    0.9879872254066223,
                    -0.0202808731584296,
                    -0.004666227947326126
                ],
                [
                    0.05435850902655191,
                    0.01206669495418188,
                    0.9984485702174615,
                    -0.0007025978791496135
                ],
                [
                    0.0,
                    0.0,
                    0.0,
                    1.0
                ]
            ],
            "antennas": [
                0.0,
                0.0
            ],
            "body_yaw": -0.3140723397810006,
            "check_collision": false
        },
        {
            "head": [
                [
                    0.9871426503917154,
                    -0.15126609401594368,
                    -0.05165226595977471,
                    -0.004327820869366866
                ],
                [
                    0.15037498217701403,
                    0.9884113410351735,
                    -0.020745738075874966,
                    -0.004625657694040653
                ],
                [
                    0.054191812231021805,
                    0.012711794295448027,
                    0.9984496270583249,
                    -0.0006912518104729704
                ],
                [
                    0.0,
                    0.0,
                    0.0,
                    1.0
                ]
            ],
            "antennas": [
                0.0,
                0.0
            ],
            "body_yaw": -0.3140723397810006,
            "check_collision": false
        },
        {
            "head": [
                [
                    0.9874305368982753,
                    -0.14955438810479704,
                    -0.05113139739322195,
                    -0.004294279752051801
                ],
                [
                    0.14863923224949122,
                    0.9886625710450648,
                    -0.02127673026674938,
                    -0.004611025557011338
                ],
                [
                    0.053733727183824256,
                    0.01340916153836398,
                    0.998465262765697,
                    -0.000701190692676823
                ],
                [
                    0.0,
                    0.0,
                    0.0,
                    1.0
                ]
            ],
            "antennas": [
                0.0,
                0.0
            ],
            "body_yaw": -0.3140723397810006,
            "check_collision": false
        },
        {
            "head": [
                [
                    0.9877919553491676,
                    -0.14721171577653933,
                    -0.05094863772070305,
                    -0.004266319342926865
                ],
                [
                    0.14626112011716572,
                    0.9890029307140434,
                    -0.021929153679639705,
                    -0.00449372516329679
                ],
                [
                    0.05361658036037054,
                    0.014209636770889994,
                    0.9984604892199287,
                    -0.0007061997634964512
                ],
                [
                    0.0,
                    0.0,
                    0.0,
                    1.0
                ]
            ],
            "antennas": [
                0.0,
                0.0
            ],
            "body_yaw": -0.3140723397810006,
            "check_collision": false
        },
        {
            "head": [
                [
                    0.9881128972797576,
                    -0.14503301227335866,
                    -0.05097379307368668,
                    -0.00424929784535618
                ],
                [
                    0.14405993594325942,
                    0.989317863666223,
                    -0.022291242381813455,
                    -0.00443823447427015
                ],
                [
                    0.05366225009657378,
                    0.014682982728878757,
                    0.9984511870556098,
                    -0.0007110666970640556
                ],
                [
                    0.0,
                    0.0,
                    0.0,
                    1.0
                ]
            ],
            "antennas": [
                0.0,
                0.0
            ],
            "body_yaw": -0.3140723397810006,
            "check_collision": false
        },
        {
            "head": [
                [
                    0.9882335322759863,
                    -0.14390737610945892,
                    -0.05181845990202387,
                    -0.004185508898024319
                ],
                [
                    0.14292470620300024,
                    0.9894842432998489,
                    -0.022213973487684613,
                    -0.004310415648837409
                ],
                [
                    0.05447030422269543,
                    0.014546455328230968,
                    0.9984094283385302,
                    -0.0007872772667987249
                ],
                [
                    0.0,
                    0.0,
                    0.0,
                    1.0
                ]
            ],
            "antennas": [
                0.0,
                0.0
            ],
            "body_yaw": -0.3140723397810006,
            "check_collision": false
        },
        {
            "head": [
                [
                    0.9883095987298383,
                    -0.1432258357709249,
                    -0.05225415797987407,
                    -0.004179394859644525
                ],
                [
                    0.14222880730437087,
                    0.9895815895759225,
                    -0.022343767479236526,
                    -0.004266926477498812
                ],
                [
                    0.05490995748716004,
                    0.014650513305345399,
                    0.998383823501086,
                    -0.0007883616351663236
                ],
                [
                    0.0,
                    0.0,
                    0.0,
                    1.0
                ]
            ],
            "antennas": [
                0.0,
                0.0
            ],
            "body_yaw": -0.3140723397810006,
            "check_collision": false
        },
        {
            "head": [
                [
                    0.9883621703599589,
                    -0.14279873759027265,
                    -0.052428434498619336,
                    -0.004198831530019417
                ],
                [
                    0.14178196387742506,
                    0.9896388591335956,
                    -0.02264515868382911,
                    -0.004338961534971524
                ],
                [
                    0.05511891617595628,
                    0.014948211778661818,
                    0.9983678961406002,
                    -0.0008119365493651776
                ],
                [
                    0.0,
                    0.0,
                    0.0,
                    1.0
                ]
            ],
            "antennas": [
                0.0,
                0.0
            ],
            "body_yaw": -0.3140723397810006,
            "check_collision": false
        },
        {
            "head": [
                [
                    0.9883776291358559,
                    -0.14265575284658275,
                    -0.05252616875005664,
                    -0.004183686845982207
                ],
                [
                    0.1416161579583655,
                    0.9896537702771107,
                    -0.023027782815794918,
                    -0.0042981159841479
                ],
                [
                    0.055267766635680116,
                    0.015321591173075,
                    0.9983540067606427,
                    -0.0008338734673260517
                ],
                [
                    0.0,
                    0.0,
                    0.0,
                    1.0
                ]
            ],
            "antennas": [
                0.0,
                0.0
            ],
            "body_yaw": -0.3140723397810006,
            "check_collision": false
        },
        {
            "head": [
                [
                    0.9884420480855328,
                    -0.1421928652942291,
                    -0.05256906538920454,
                    -0.0042147944842387194
                ],
                [
                    0.14113299131078955,
                    0.9897147440202723,
                    -0.023371012655758024,
                    -0.004452863539592667
                ],
                [
                    0.05535157034941145,
                    0.015681662166499435,
                    0.9983437730218735,
                    -0.0008698636759623679
                ],
                [
                    0.0,
                    0.0,
                    0.0,
                    1.0
                ]
            ],
            "antennas": [
                0.0,
                0.0
            ],
            "body_yaw": -0.3140723397810006,
            "check_collision": false
        },
        {
            "head": [
                [
                    0.9885469434034163,
                    -0.14146561666579216,
                    -0.05255872895276412,
                    -0.00417740248195643
                ],
                [
                    0.14038754249216873,
                    0.9898132868971565,
                    -0.02368533290576825,
                    -0.004403813433429941
                ],
                [
                    0.05537398848532127,
                    0.016035472653299007,
                    0.9983369095731225,
                    -0.0009165936061654723
                ],
                [
                    0.0,
                    0.0,
                    0.0,
                    1.0
                ]
            ],
            "antennas": [
                0.0,
                0.0
            ],
            "body_yaw": -0.3140723397810006,
            "check_collision": false
        },
        {
            "head": [
                [
                    0.9887034258754368,
                    -0.14034507120440576,
                    -0.05261935623708165,
                    -0.004195212553491617
                ],
                [
                    0.13926987664691093,
                    0.9899734414771971,
                    -0.023589968811947856,
                    -0.004363496137521017
                ],
                [
                    0.055402501034960874,
                    0.015995191728289327,
                    0.9983359738688405,
                    -0.0009623569100193907
                ],
                [
                    0.0,
                    0.0,
                    0.0,
                    1.0
                ]
            ],
            "antennas": [
                0.0,
                0.0
            ],
            "body_yaw": -0.3140723397810006,
            "check_collision": false
        },
        {
            "head": [
                [
                    0.9888756223117702,
                    -0.13910729435964606,
                    -0.052670335611688435,
                    -0.004187517287650051
                ],
                [
                    0.1380386263403813,
                    0.9901496958285066,
                    -0.023428988214948505,
                    -0.004314574035629577
                ],
                [
                    0.05541065994526419,
                    0.015897814524467997,
                    0.9983370764715571,
                    -0.000997087458276924
                ],
                [
                    0.0,
                    0.0,
                    0.0,
                    1.0
                ]
            ],
            "antennas": [
                0.0,
                0.0
            ],
            "body_yaw": -0.3140723397810006,
            "check_collision": false
        },
        {
            "head": [
                [
                    0.9890143363385389,
                    -0.13802804625346485,
                    -0.05290464029072856,
                    -0.004201451271503391
                ],
                [
                    0.13695481772880094,
                    0.9903004314041267,
                    -0.023418656273833455,
                    -0.004278187287592099
                ],
                [
                    0.055623919474547305,
                    0.01591584142458124,
                    0.9983249298570267,
                    -0.0009848212024710645
                ],
                [
                    0.0,
                    0.0,
                    0.0,
                    1.0
                ]
            ],
            "antennas": [
                0.0,
                0.0
            ],
            "body_yaw": -0.3140723397810006,
            "check_collision": false
        },
        {
            "head": [
                [
                    0.9891378837273734,
                    -0.13707010038191875,
                    -0.05308516324382104,
                    -0.004202321529033978
                ],
                [
                    0.13599204458422337,
                    0.9904328091610908,
                    -0.023431055184782165,
                    -0.004253290770172408
                ],
                [
                    0.055788984442585135,
                    0.015957384452360248,
                    0.9983150560300611,
                    -0.0010058879353618266
                ],
                [
                    0.0,
                    0.0,
                    0.0,
                    1.0
                ]
            ],
            "antennas": [
                0.0,
                0.0
            ],
            "body_yaw": -0.3140723397810006,
            "check_collision": false
        },
        {
            "head": [
                [
                    0.9892218913363123,
                    -0.13642480586967812,
                    -0.05318197104686983,
                    -0.004217731222401606
                ],
                [
                    0.13533489365692666,
                    0.9905188059479572,
                    -0.02360003437077604,
                    -0.004161060516574885
                ],
                [
                    0.05589737256685518,
                    0.016148294239767165,
                    0.9983059232185635,
                    -0.0009929888509632723
                ],
                [
                    0.0,
                    0.0,
                    0.0,
                    1.0
                ]
            ],
            "antennas": [
                0.0,
                0.0
            ],
            "body_yaw": -0.3140723397810006,
            "check_collision": false
        },
        {
            "head": [
                [
                    0.9893008225042569,
                    -0.1358493553212188,
                    -0.05318679583515303,
                    -0.004196328069678651
                ],
                [
                    0.13473900766595817,
                    0.990591639687724,
                    -0.023950014488082514,
                    -0.004151275650325012
                ],
                [
                    0.055939989324220306,
                    0.016527432940288463,
                    0.998297331236947,
                    -0.0010135550858157982
                ],
                [
                    0.0,
                    0.0,
                    0.0,
                    1.0
                ]
            ],
            "antennas": [
                0.0,
                0.0
            ],
            "body_yaw": -0.3140723397810006,
            "check_collision": false
        },
        {
            "head": [
                [
                    0.9894157473354149,
                    -0.13504627285545592,
                    -0.05309409677687792,
                    -0.0042098490755512405
                ],
                [
                    0.13390491308702993,
                    0.9906909657609952,
                    -0.024512947817464905,
                    -0.004246126411781518
                ],
                [
                    0.055910224251541844,
                    0.01714393616986887,
                    0.9982886016962961,
                    -0.0009594125309773105
                ],
                [
                    0.0,
                    0.0,
                    0.0,
                    1.0
                ]
            ],
            "antennas": [
                0.0,
                0.0
            ],
            "body_yaw": -0.3140723397810006,
            "check_collision": false
        },
        {
            "head": [
                [
                    0.9895708018061778,
                    -0.13387843002198863,
                    -0.053161961847975454,
                    -0.004170122085704761
                ],
                [
                    0.13269540052280498,
                    0.9908362557937781,
                    -0.025208032145704523,
                    -0.004222952525451976
                ],
                [
                    0.056049610995710424,
                    0.01789078476238555,
                    0.9982676799976123,
                    -0.0009942376950813347
                ],
                [
                    0.0,
                    0.0,
                    0.0,
                    1.0
                ]
            ],
            "antennas": [
                0.0,
                0.0
            ],
            "body_yaw": -0.3140723397810006,
            "check_collision": false
        },
        {
            "head": [
                [
                    0.9896880196600264,
                    -0.13287879455114895,
                    -0.05348691148353957,
                    -0.004173036547543085
                ],
                [
                    0.1316557832464603,
                    0.9909599608200669,
                    -0.025789741938452123,
                    -0.0041654133397264585
                ],
                [
                    0.056430297528681506,
                    0.01848193740181033,
                    0.9982354629598666,
                    -0.0009483814996752993
                ],
                [
                    0.0,
                    0.0,
                    0.0,
                    1.0
                ]
            ],
            "antennas": [
