{
    "description": "TODO: Add a description of the recording. You can add as much as you want, even if the wording is not perfect.",
    "time": [
        1753105211.8680246,
        1753105211.8780324,
        1753105211.887939,
        1753105211.89818,
        1753105211.9079916,
        1753105211.9181533,
        1753105211.9281662,
        1753105211.9381697,
        1753105211.9482796,
        1753105211.9582705,
        1753105211.9683564,
        1753105211.9784102,
        1753105211.988478,
        1753105211.9985468,
        1753105212.0086591,
        1753105212.0185788,
        1753105212.0287168,
        1753105212.0387385,
        1753105212.0488465,
        1753105212.0588875,
        1753105212.0689578,
        1753105212.0789957,
        1753105212.0890543,
        1753105212.0990815,
        1753105212.1091988,
        1753105212.119261,
        1753105212.1292644,
        1753105212.1392853,
        1753105212.1493893,
        1753105212.159429,
        1753105212.1694558,
        1753105212.1795423,
        1753105212.1896312,
        1753105212.1997058,
        1753105212.2099018,
        1753105212.2198102,
        1753105212.229859,
        1753105212.239921,
        1753105212.2501464,
        1753105212.259995,
        1753105212.2700431,
        1753105212.2801747,
        1753105212.2902932,
        1753105212.3002434,
        1753105212.310287,
        1753105212.3205676,
        1753105212.3306332,
        1753105212.340521,
        1753105212.350632,
        1753105212.360637,
        1753105212.3707867,
        1753105212.3807995,
        1753105212.3907647,
        1753105212.4009423,
        1753105212.41093,
        1753105212.4209776,
        1753105212.4310224,
        1753105212.4410274,
        1753105212.4512436,
        1753105212.4611506,
        1753105212.4712217,
        1753105212.4814095,
        1753105212.4914792,
        1753105212.501463,
        1753105212.5114827,
        1753105212.5216124,
        1753105212.531719,
        1753105212.5419352,
        1753105212.5523584,
        1753105212.5625067,
        1753105212.5721877,
        1753105212.5823357,
        1753105212.5923476,
        1753105212.6023552,
        1753105212.612391,
        1753105212.6224468,
        1753105212.6324723,
        1753105212.6425176,
        1753105212.6526473,
        1753105212.66268,
        1753105212.6726825,
        1753105212.6828566,
        1753105212.6929264,
        1753105212.7031147,
        1753105212.7130504,
        1753105212.7230446,
        1753105212.7330637,
        1753105212.7430894,
        1753105212.7532353,
        1753105212.7632358,
        1753105212.7732556,
        1753105212.7834058,
        1753105212.7935169,
        1753105212.8034794,
        1753105212.8135543,
        1753105212.823619,
        1753105212.8339067,
        1753105212.8439486,
        1753105212.8539288,
        1753105212.863903,
        1753105212.873943,
        1753105212.8841846,
        1753105212.8942955,
        1753105212.9042797,
        1753105212.914391,
        1753105212.9243052,
        1753105212.9343493,
        1753105212.9443998,
        1753105212.9544687,
        1753105212.9645393,
        1753105212.974486,
        1753105212.9847076,
        1753105212.99472,
        1753105213.0048764,
        1753105213.014889,
        1753105213.0248773,
        1753105213.034935,
        1753105213.04503,
        1753105213.0550966,
        1753105213.0651069,
        1753105213.075164,
        1753105213.085316,
        1753105213.0953388,
        1753105213.105407,
        1753105213.1154692,
        1753105213.1255066,
        1753105213.1355622,
        1753105213.1456058,
        1753105213.1558604,
        1753105213.1657267,
        1753105213.1757598,
        1753105213.1858656,
        1753105213.1958623,
        1753105213.2058818,
        1753105213.21602,
        1753105213.2259903,
        1753105213.2359736,
        1753105213.2460978,
        1753105213.2562575,
        1753105213.2662673,
        1753105213.2762737,
        1753105213.2863517,
        1753105213.2965136,
        1753105213.3064592,
        1753105213.3166006,
        1753105213.3266,
        1753105213.336723,
        1753105213.3467853,
        1753105213.3568478,
        1753105213.366956,
        1753105213.3769746,
        1753105213.3870323,
        1753105213.3971593,
        1753105213.4071488,
        1753105213.4172628,
        1753105213.4272637,
        1753105213.43731,
        1753105213.4474728,
        1753105213.4573884,
        1753105213.4674716,
        1753105213.4775784,
        1753105213.4878035,
        1753105213.4978943,
        1753105213.5079353,
        1753105213.5179863,
        1753105213.528053,
        1753105213.5381005,
        1753105213.548473,
        1753105213.5582461,
        1753105213.5682163,
        1753105213.5782866,
        1753105213.5883863,
        1753105213.598409,
        1753105213.6088815,
        1753105213.6190498,
        1753105213.628612,
        1753105213.6386614,
        1753105213.6487687,
        1753105213.658835,
        1753105213.6688619,
        1753105213.6788898,
        1753105213.6889613,
        1753105213.6990051,
        1753105213.7090552,
        1753105213.719156,
        1753105213.7291977,
        1753105213.739215,
        1753105213.7493887,
        1753105213.7593951,
        1753105213.769409,
        1753105213.7794826,
        1753105213.789574,
        1753105213.799584,
        1753105213.809641,
        1753105213.819753,
        1753105213.829831,
        1753105213.8399055,
        1753105213.8499155,
        1753105213.8601623,
        1753105213.870128,
        1753105213.8802328,
        1753105213.890781,
        1753105213.9006119,
        1753105213.9103076,
        1753105213.9203455,
        1753105213.9305336,
        1753105213.9404318,
        1753105213.9505754,
        1753105213.9605823,
        1753105213.9706492,
        1753105213.9806821,
        1753105213.9907541,
        1753105214.0008352,
        1753105214.0109315,
        1753105214.02098,
        1753105214.0309727,
        1753105214.0411623,
        1753105214.0510728,
        1753105214.061193,
        1753105214.0712123,
        1753105214.081348,
        1753105214.0913715,
        1753105214.1014037,
        1753105214.1115565,
        1753105214.1215434,
        1753105214.1316085,
        1753105214.141625,
        1753105214.1517496,
        1753105214.1618063,
        1753105214.1718264,
        1753105214.181942,
        1753105214.19193,
        1753105214.2020059,
        1753105214.212181,
        1753105214.2221618,
        1753105214.232191,
        1753105214.2422404,
        1753105214.2524552,
        1753105214.2624078,
        1753105214.2724018,
        1753105214.2825296,
        1753105214.2926157,
        1753105214.3026779,
        1753105214.3126678,
        1753105214.3227556,
        1753105214.3328948,
        1753105214.342913,
        1753105214.3529503,
        1753105214.3629797,
        1753105214.373026,
        1753105214.3832502,
        1753105214.3931158,
        1753105214.4033523,
        1753105214.4133282,
        1753105214.4233804,
        1753105214.4334233,
        1753105214.4434266,
        1753105214.453525,
        1753105214.4635992,
        1753105214.4735653,
        1753105214.48382,
        1753105214.49383,
        1753105214.5039825,
        1753105214.5139868,
        1753105214.5239677,
        1753105214.5340269,
        1753105214.544103,
        1753105214.5542357,
        1753105214.5642548,
        1753105214.574263,
        1753105214.5843928,
        1753105214.5943809,
        1753105214.6044226,
        1753105214.6145294,
        1753105214.624585,
        1753105214.6346636,
        1753105214.644734,
        1753105214.6547754,
        1753105214.6649344,
        1753105214.674875,
        1753105214.6850424,
        1753105214.6950228,
        1753105214.705033,
        1753105214.7151568,
        1753105214.725134,
        1753105214.735232,
        1753105214.7452736,
        1753105214.755376,
        1753105214.765454,
        1753105214.7754676,
        1753105214.785554,
        1753105214.7955906,
        1753105214.8056989,
        1753105214.8158894,
        1753105214.82582,
        1753105214.8358796,
        1753105214.8459537,
        1753105214.8560364,
        1753105214.8660753,
        1753105214.8760173,
        1753105214.886261,
        1753105214.8961875,
        1753105214.9062402,
        1753105214.9163353,
        1753105214.9263773,
        1753105214.9365094,
        1753105214.946539,
        1753105214.9565709,
        1753105214.966856,
        1753105214.9767253,
        1753105214.9869049,
        1753105214.9968176,
        1753105215.006867,
        1753105215.01703,
        1753105215.027162,
        1753105215.037093,
        1753105215.0470994,
        1753105215.0571551,
        1753105215.0673282,
        1753105215.0773015,
        1753105215.087378,
        1753105215.0974982,
        1753105215.1076255,
        1753105215.1176496,
        1753105215.127583,
        1753105215.1376374,
        1753105215.1477463,
        1753105215.1577885,
        1753105215.1678345,
        1753105215.1779323,
        1753105215.1880448,
        1753105215.1983318,
        1753105215.208176,
        1753105215.2183404,
        1753105215.2282233,
        1753105215.2382424,
        1753105215.2483587,
        1753105215.2583425,
        1753105215.268428,
        1753105215.2784557,
        1753105215.2885654,
        1753105215.2986255,
        1753105215.3086576,
        1753105215.318811,
        1753105215.328799,
        1753105215.3388073,
        1753105215.3489656,
        1753105215.3589523,
        1753105215.369025,
        1753105215.3791437,
        1753105215.3890984,
        1753105215.399237,
        1753105215.4092026,
        1753105215.419346,
        1753105215.4293442,
        1753105215.4394,
        1753105215.449566,
        1753105215.4595444,
        1753105215.469573,
        1753105215.4797199,
        1753105215.4899783,
        1753105215.4998507,
        1753105215.509835,
        1753105215.5199752,
        1753105215.5302896,
        1753105215.54027,
        1753105215.5501738,
        1753105215.560134,
        1753105215.5701926,
        1753105215.5802789,
        1753105215.5903525,
        1753105215.6003766,
        1753105215.6110165,
        1753105215.6210713,
        1753105215.6310492,
        1753105215.6411564,
        1753105215.6512325,
        1753105215.6611807,
        1753105215.67116,
        1753105215.6812222,
        1753105215.6913233,
        1753105215.7014406,
        1753105215.7116294,
        1753105215.7215266,
        1753105215.7315838,
        1753105215.7415981,
        1753105215.7517736,
        1753105215.7617733,
        1753105215.7718647,
        1753105215.782016,
        1753105215.7919936,
        1753105215.8020263,
        1753105215.8120775,
        1753105215.8221593,
        1753105215.8321855,
        1753105215.8421822,
        1753105215.8522835,
        1753105215.8623033,
        1753105215.872373,
        1753105215.8826413,
        1753105215.892573,
        1753105215.902627,
        1753105215.9127042,
        1753105215.922758,
        1753105215.932869,
        1753105215.9429321,
        1753105215.9529622,
        1753105215.9629574,
        1753105215.9730306,
        1753105215.9830787,
        1753105215.9931376,
        1753105216.0031936,
        1753105216.0132482,
        1753105216.0233145,
        1753105216.033425,
        1753105216.0434887,
        1753105216.0534906,
        1753105216.0635328,
        1753105216.0738575,
        1753105216.083764,
        1753105216.0937643,
        1753105216.103795,
        1753105216.1139588,
        1753105216.1241248,
        1753105216.1339889,
        1753105216.1440394,
        1753105216.1540544,
        1753105216.1641128,
        1753105216.1741347,
        1753105216.184283,
        1753105216.194357,
        1753105216.2044728,
        1753105216.2144594,
        1753105216.224543,
        1753105216.2347798,
        1753105216.2446663,
        1753105216.2548702,
        1753105216.2647448,
        1753105216.2748234,
        1753105216.2849848,
        1753105216.2949796,
        1753105216.3055792,
        1753105216.3151932,
        1753105216.3254116,
        1753105216.335233,
        1753105216.3452623,
        1753105216.3553457,
        1753105216.3654747,
        1753105216.3757353,
        1753105216.3858047,
        1753105216.3959293,
        1753105216.405671,
        1753105216.4158041,
        1753105216.4257913,
        1753105216.4358392,
        1753105216.4459472,
        1753105216.4560115,
        1753105216.4660244,
        1753105216.4760728,
        1753105216.486231,
        1753105216.496231,
        1753105216.506196,
        1753105216.5163214,
        1753105216.526402,
        1753105216.5364492,
        1753105216.5466213,
        1753105216.5567017,
        1753105216.5667179,
        1753105216.576839,
        1753105216.5868785,
        1753105216.5968695,
        1753105216.6069198,
        1753105216.6170294,
        1753105216.627192,
        1753105216.6370654,
        1753105216.6471474,
        1753105216.657241,
        1753105216.6673174,
        1753105216.6775157,
        1753105216.6875875,
        1753105216.697647,
        1753105216.707642,
        1753105216.7179027,
        1753105216.7278056,
        1753105216.7377481,
        1753105216.747796,
        1753105216.757844,
        1753105216.7678943,
        1753105216.7779436,
        1753105216.7880201,
        1753105216.7980795,
        1753105216.8080957,
        1753105216.8181858,
        1753105216.8282156,
        1753105216.8382723
    ],
    "set_target_data": [
        {
            "head": [
                [
                    0.9763938644292904,
                    -0.19520505077768482,
                    -0.09246626225666084,
                    -0.006527149581103602
                ],
                [
                    0.18604299136919142,
                    0.977527216938348,
                    -0.0991390211126311,
                    -0.003943809115408748
                ],
                [
                    0.10974072565478622,
                    0.07959603190894156,
                    0.9907681085082984,
                    -0.006252305725689351
                ],
                [
                    0.0,
                    0.0,
                    0.0,
                    1.0
                ]
            ],
            "antennas": [
                0.1887275738095553,
                -0.28029903631138486
            ],
            "body_yaw": -0.3140723397810006,
            "check_collision": false
        },
        {
            "head": [
                [
                    0.9764430810172783,
                    -0.19516772109367153,
                    -0.09202429123110903,
                    -0.006573093383323878
                ],
                [
                    0.1860394103118609,
                    0.9775262665911728,
                    -0.09915511048422354,
                    -0.00370513195992973
                ],
                [
                    0.10930803879084192,
                    0.07969917670482138,
                    0.9908076472697784,
                    -0.006321894860819906
                ],
                [
                    0.0,
                    0.0,
                    0.0,
                    1.0
                ]
            ],
            "antennas": [
                0.1887275738095553,
                -0.28029903631138486
            ],
            "body_yaw": -0.3140723397810006,
            "check_collision": false
        },
        {
            "head": [
                [
                    0.9765541710532786,
                    -0.19465143526545803,
                    -0.0919389457604405,
                    -0.006547489249696722
                ],
                [
                    0.18554543926023015,
                    0.9776348731698893,
                    -0.09900982139072204,
                    -0.003748038291853561
                ],
                [
                    0.10915512341696228,
                    0.07962960197810631,
                    0.9908300992201621,
                    -0.0062129224223371705
                ],
                [
                    0.0,
                    0.0,
                    0.0,
                    1.0
                ]
            ],
            "antennas": [
                0.1887275738095553,
                -0.28029903631138486
            ],
            "body_yaw": -0.3140723397810006,
            "check_collision": false
        },
        {
            "head": [
                [
                    0.9766778216766098,
                    -0.1941895660424912,
                    -0.09160155612903763,
                    -0.006598943388975768
                ],
                [
                    0.18511326887331997,
                    0.9777195965717786,
                    -0.09898216085008567,
                    -0.003499450788406966
                ],
                [
                    0.108781939365256,
                    0.07971701775497643,
                    0.9908641111414755,
                    -0.006260698227043222
                ],
                [
                    0.0,
                    0.0,
                    0.0,
                    1.0
                ]
            ],
            "antennas": [
                0.1887275738095553,
                -0.28029903631138486
            ],
            "body_yaw": -0.3140723397810006,
            "check_collision": false
        },
        {
            "head": [
                [
                    0.9767826483319166,
                    -0.19369241856402708,
                    -0.09153635839656875,
                    -0.006559570696209438
                ],
                [
                    0.1846463004138051,
                    0.9778313622803492,
                    -0.0987500414402524,
                    -0.0035206320567271916
                ],
                [
                    0.10863425638895947,
                    0.07955547706961769,
                    0.990893296176255,
                    -0.006315681741542951
                ],
                [
                    0.0,
                    0.0,
                    0.0,
                    1.0
                ]
            ],
            "antennas": [
                0.1887275738095553,
                -0.28029903631138486
            ],
            "body_yaw": -0.3140723397810006,
            "check_collision": false
        },
        {
            "head": [
                [
                    0.9768865053018134,
                    -0.19330776846625744,
                    -0.0912406839617385,
                    -0.006612006256217332
                ],
                [
                    0.18429976347992091,
                    0.9779103468852064,
                    -0.09861516433135707,
                    -0.0032933356212005334
                ],
                [
                    0.10828828625689509,
                    0.07952018677952884,
                    0.990933997274336,
                    -0.006373899954560942
                ],
                [
                    0.0,
                    0.0,
                    0.0,
                    1.0
                ]
            ],
            "antennas": [
                0.1887275738095553,
                -0.28029903631138486
            ],
            "body_yaw": -0.3140723397810006,
            "check_collision": false
        },
        {
            "head": [
                [
                    0.9770480922373538,
                    -0.1926475220235767,
                    -0.09090631283647235,
                    -0.006440075915410733
                ],
                [
                    0.18367792465209765,
                    0.9780386298459363,
                    -0.09850308890883454,
                    -0.0034556118143932134
                ],
                [
                    0.10788626164088452,
                    0.07954477221828567,
                    0.9909758744600674,
                    -0.006414063844975666
                ],
                [
                    0.0,
                    0.0,
                    0.0,
                    1.0
                ]
            ],
            "antennas": [
                0.1887275738095553,
                -0.28029903631138486
            ],
            "body_yaw": -0.3140723397810006,
            "check_collision": false
        },
        {
            "head": [
                [
                    0.9772069643177286,
                    -0.19202221318938198,
                    -0.09052081821758427,
                    -0.0064605724562440195
                ],
                [
                    0.18312947457824322,
                    0.9781845571053038,
                    -0.09807429725160825,
                    -0.0032601066619796816
                ],
                [
                    0.10737851009222456,
                    0.07926185641625978,
                    0.9910536886000788,
                    -0.006490290838636388
                ],
                [
                    0.0,
                    0.0,
                    0.0,
                    1.0
                ]
            ],
            "antennas": [
                0.1887275738095553,
                -0.28029903631138486
            ],
            "body_yaw": -0.3140723397810006,
            "check_collision": false
        },
        {
            "head": [
                [
                    0.9773830926797059,
                    -0.19113384106817427,
                    -0.09049941956929355,
                    -0.006370626785094358
                ],
                [
                    0.1822762988904269,
                    0.9783756790625022,
                    -0.09775674647713689,
                    -0.003301861146349231
                ],
                [
                    0.10722705352037279,
                    0.0790498919513073,
                    0.9910870161473339,
                    -0.006462340561216968
                ],
                [
                    0.0,
                    0.0,
                    0.0,
                    1.0
                ]
            ],
            "antennas": [
                0.1887275738095553,
                -0.28029903631138486
            ],
            "body_yaw": -0.3140723397810006,
            "check_collision": false
        },
        {
            "head": [
                [
                    0.9775624763997643,
                    -0.19032626500967437,
                    -0.09026360054101464,
                    -0.006398957068434293
                ],
                [
                    0.1815615619555211,
                    0.9785776286051476,
                    -0.0970629899281784,
                    -0.0031100420490605407
                ],
                [
                    0.10680357651049023,
                    0.07849673649899962,
                    0.9911767039249737,
                    -0.006524673540333921
                ],
                [
                    0.0,
                    0.0,
                    0.0,
                    1.0
                ]
            ],
            "antennas": [
                0.1887275738095553,
                -0.28029903631138486
            ],
            "body_yaw": -0.3140723397810006,
            "check_collision": false
        },
        {
            "head": [
                [
                    0.9776682788414149,
                    -0.1896240731969796,
                    -0.09059496349936888,
                    -0.006418134679269251
                ],
                [
                    0.18090987202425263,
                    0.978769258871213,
                    -0.09634498478314907,
                    -0.0031271845523614117
                ],
                [
                    0.10694089372842361,
                    0.077803912195231,
                    0.9912165235182891,
                    -0.0064646032464780135
                ],
                [
                    0.0,
                    0.0,
                    0.0,
                    1.0
                ]
            ],
            "antennas": [
                0.1887275738095553,
                -0.28029903631138486
            ],
            "body_yaw": -0.3140723397810006,
            "check_collision": false
        },
        {
            "head": [
                [
                    0.9777985888875271,
                    -0.1889779568548362,
                    -0.09053867346351091,
                    -0.0064679933844254585
                ],
                [
                    0.18032333826254776,
                    0.9789284032216558,
                    -0.09582627533067359,
                    -0.002919045081138834
                ],
                [
                    0.10673993276844132,
                    0.07737256095587727,
                    0.991271947330155,
                    -0.006507523996498117
                ],
                [
                    0.0,
                    0.0,
                    0.0,
                    1.0
                ]
            ],
            "antennas": [
                0.1887275738095553,
                -0.28029903631138486
            ],
            "body_yaw": -0.3140723397810006,
            "check_collision": false
        },
        {
            "head": [
                [
                    0.9779289496488452,
                    -0.188280261631967,
                    -0.09058428405912639,
                    -0.0064804557193085255
                ],
                [
                    0.17966074773703253,
                    0.9790860518938239,
                    -0.09545951345745866,
                    -0.003185314156095822
                ],
                [
                    0.10666295121210928,
                    0.07707818152215594,
                    0.9913031669332852,
                    -0.006252708647151213
                ],
                [
                    0.0,
                    0.0,
                    0.0,
                    1.0
                ]
            ],
            "antennas": [
                0.1887275738095553,
                -0.28029903631138486
            ],
            "body_yaw": -0.3140723397810006,
            "check_collision": false
        },
        {
            "head": [
                [
                    0.9780151157502583,
                    -0.18787977920400958,
                    -0.09048547911273327,
                    -0.006530968558782161
                ],
                [
                    0.17926000322850708,
                    0.9791527102579695,
                    -0.09552916432685896,
                    -0.0029983444716296832
                ],
                [
                    0.10654710041349752,
                    0.07720853942877684,
                    0.9913054810868094,
                    -0.006297422924539715
                ],
                [
                    0.0,
                    0.0,
                    0.0,
                    1.0
                ]
            ],
            "antennas": [
                0.1887275738095553,
                -0.28029903631138486
            ],
            "body_yaw": -0.3140723397810006,
            "check_collision": false
        },
        {
            "head": [
                [
                    0.9781348847642097,
                    -0.18734913611475879,
                    -0.09029090986561027,
                    -0.006412146414826379
                ],
                [
                    0.1787528416437414,
                    0.9792535269632604,
                    -0.09544606610176458,
                    -0.0033636231713552803
                ],
                [
                    0.10629942996833845,
                    0.07721937015456988,
                    0.9913312262111679,
                    -0.006090619476967314
                ],
                [
                    0.0,
                    0.0,
                    0.0,
                    1.0
                ]
            ],
            "antennas": [
                0.1887275738095553,
                -0.28029903631138486
            ],
            "body_yaw": -0.3140723397810006,
            "check_collision": false
        },
        {
            "head": [
                [
                    0.9782384340821367,
                    -0.1869622691022924,
                    -0.08997041745291266,
                    -0.006442845971777293
                ],
                [
                    0.17838961907154416,
                    0.9793189127435373,
                    -0.09545475865731196,
                    -0.0031853910432664
                ],
                [
                    0.10595616967425132,
                    0.07732772513748423,
                    0.9913595276351679,
                    -0.006124950712241835
                ],
                [
                    0.0,
                    0.0,
                    0.0,
                    1.0
                ]
            ],
            "antennas": [
                0.1887275738095553,
                -0.28029903631138486
            ],
            "body_yaw": -0.3140723397810006,
            "check_collision": false
        },
        {
            "head": [
                [
                    0.9783064216379433,
                    -0.18663312160637877,
                    -0.08991453331592952,
                    -0.006460118455963077
                ],
                [
                    0.17806752016596208,
                    0.9793803095540558,
                    -0.09542624125337246,
                    -0.0034786116914895353
                ],
                [
                    0.10587022076064381,
                    0.07734524663649853,
                    0.9913673432077698,
                    -0.006013731213168501
                ],
                [
                    0.0,
                    0.0,
                    0.0,
                    1.0
                ]
            ],
            "antennas": [
                0.1887275738095553,
                -0.28029903631138486
            ],
            "body_yaw": -0.3140723397810006,
            "check_collision": false
        },
        {
            "head": [
                [
                    0.9783600493459037,
                    -0.18637293281643047,
                    -0.08987070577937423,
                    -0.006520879208018308
                ],
                [
                    0.1778076406377872,
                    0.9794249405831915,
                    -0.09545275634802175,
                    -0.0032963353279687017
                ],
                [
                    0.10581142081412606,
                    0.07740746525376982,
                    0.9913687646624146,
                    -0.006039349475820073
                ],
                [
                    0.0,
                    0.0,
                    0.0,
                    1.0
                ]
            ],
            "antennas": [
                0.1887275738095553,
                -0.28029903631138486
            ],
            "body_yaw": -0.3140723397810006,
            "check_collision": false
        },
        {
            "head": [
                [
                    0.9783823670540173,
                    -0.1861353495403855,
                    -0.09011978411679004,
                    -0.006513217038590029
                ],
                [
                    0.17752951285272514,
                    0.9794564109801897,
                    -0.09564732644501883,
                    -0.0035726319877284925
                ],
                [
                    0.10607174884978761,
                    0.07758073627701934,
                    0.9913273997296066,
                    -0.006010098652172831
                ],
                [
                    0.0,
                    0.0,
                    0.0,
                    1.0
                ]
            ],
            "antennas": [
                0.1887275738095553,
                -0.28029903631138486
            ],
            "body_yaw": -0.3140723397810006,
            "check_collision": false
        },
        {
            "head": [
                [
                    0.9784243235314751,
                    -0.1859224878999052,
                    -0.09010367148504098,
                    -0.006577317851997055
                ],
                [
                    0.17732330332910343,
                    0.9794988965800492,
                    -0.0955947576748869,
                    -0.003406360490071734
                ],
                [
                    0.10602966197451244,
                    0.07755475544139873,
                    0.9913339350037377,
                    -0.0060484690728833624
                ],
                [
                    0.0,
                    0.0,
                    0.0,
                    1.0
                ]
            ],
            "antennas": [
                0.1887275738095553,
                -0.28029903631138486
            ],
            "body_yaw": -0.3140723397810006,
            "check_collision": false
        },
        {
            "head": [
                [
                    0.978512649524141,
                    -0.1855334194697549,
                    -0.08994634501248706,
                    -0.0065375638094533235
                ],
                [
                    0.17695707929013135,
                    0.9795751207392952,
                    -0.09549227674373077,
                    -0.0036464897478694566
                ],
                [
                    0.10582621041288186,
                    0.07752375821936834,
                    0.9913580988226167,
                    -0.006029731642081644
                ],
                [
                    0.0,
                    0.0,
                    0.0,
                    1.0
                ]
            ],
            "antennas": [
                0.1887275738095553,
                -0.28029903631138486
            ],
            "body_yaw": -0.3140723397810006,
            "check_collision": false
        },
        {
            "head": [
                [
                    0.97860006923536,
                    -0.1852040809146474,
                    -0.0896735909011637,
                    -0.006594995697375355
                ],
                [
                    0.1766526551449687,
                    0.9796336388172611,
                    -0.09545560815313461,
                    -0.003497647869924729
                ],
                [
                    0.10552603433646746,
                    0.07757178681848667,
                    0.9913863394091155,
                    -0.006099904489151982
                ],
                [
                    0.0,
                    0.0,
                    0.0,
                    1.0
                ]
            ],
            "antennas": [
                0.1887275738095553,
                -0.28029903631138486
            ],
            "body_yaw": -0.3140723397810006,
            "check_collision": false
        },
        {
            "head": [
                [
                    0.9786406333887551,
                    -0.1849835426351036,
                    -0.08968611729037575,
                    -0.006547191472334488
                ],
                [
                    0.17641688184653556,
                    0.979663282912334,
                    -0.09558732087977836,
                    -0.0035700415941866126
                ],
                [
                    0.10554427734368997,
                    0.07772349109242974,
                    0.9913725154816443,
                    -0.00612346632818261
                ],
                [
                    0.0,
                    0.0,
                    0.0,
                    1.0
                ]
            ],
            "antennas": [
                0.1887275738095553,
                -0.28029903631138486
            ],
            "body_yaw": -0.3140723397810006,
            "check_collision": false
        },
        {
            "head": [
                [
                    0.9787140018660396,
                    -0.18468875032484822,
                    -0.08949283800845863,
                    -0.006591325123711522
                ],
                [
                    0.17615244981812622,
                    0.9797250800956396,
                    -0.09544151012356027,
                    -0.0034221873557406315
                ],
                [
                    0.1053053511196599,
                    0.07764555966080107,
                    0.9914040296924996,
                    -0.00619822608742004
                ],
                [
                    0.0,
                    0.0,
                    0.0,
                    1.0
                ]
            ],
            "antennas": [
                0.1887275738095553,
                -0.28029903631138486
            ],
            "body_yaw": -0.3140723397810006,
            "check_collision": false
        },
        {
            "head": [
                [
                    0.9788032457908237,
                    -0.18424862171285292,
                    -0.08942399804450087,
                    -0.006625628473129454
                ],
                [
                    0.17576069602056407,
                    0.9798352293883795,
                    -0.09503210501608951,
                    -0.0036449308035409675
                ],
                [
                    0.10513031800444507,
                    0.07730050870683979,
                    0.9914495688586226,
                    -0.005991378555693645
                ],
                [
                    0.0,
                    0.0,
                    0.0,
                    1.0
                ]
            ],
            "antennas": [
                0.1887275738095553,
                -0.28029903631138486
            ],
            "body_yaw": -0.3140723397810006,
            "check_collision": false
        },
        {
            "head": [
                [
                    0.9789084639552718,
                    -0.1838814165625663,
                    -0.08902720842346364,
                    -0.0066765781803341286
                ],
                [
                    0.17543791434798878,
                    0.9799057507914833,
                    -0.09490130544416865,
                    -0.0034812038191285033
                ],
                [
                    0.1046888599897745,
                    0.07728094337366502,
                    0.9914978055373185,
                    -0.006056143654455388
                ],
                [
                    0.0,
                    0.0,
                    0.0,
                    1.0
                ]
            ],
            "antennas": [
                0.1887275738095553,
                -0.28029903631138486
            ],
            "body_yaw": -0.3140723397810006,
            "check_collision": false
        },
        {
            "head": [
                [
                    0.9789809470246357,
                    -0.18360167696049448,
                    -0.08880726085203577,
                    -0.006556800166598008
                ],
                [
