{
    "description": "You do this when satisfied with what’s said or what you’ve done. Also works as a 'yes.'",
    "time": [
        1753105135.0376587,
        1753105135.047601,
        1753105135.0577598,
        1753105135.067765,
        1753105135.0779626,
        1753105135.087844,
        1753105135.0978684,
        1753105135.107973,
        1753105135.1179912,
        1753105135.1280227,
        1753105135.1380863,
        1753105135.1481874,
        1753105135.158168,
        1753105135.1682255,
        1753105135.1783044,
        1753105135.188539,
        1753105135.1984227,
        1753105135.208451,
        1753105135.2186472,
        1753105135.2286434,
        1753105135.2386265,
        1753105135.24878,
        1753105135.2588112,
        1753105135.2688937,
        1753105135.2790027,
        1753105135.2891064,
        1753105135.299082,
        1753105135.3090613,
        1753105135.3191772,
        1753105135.3291953,
        1753105135.3393886,
        1753105135.3495615,
        1753105135.3594573,
        1753105135.3694172,
        1753105135.3795505,
        1753105135.3896768,
        1753105135.3996673,
        1753105135.4096932,
        1753105135.419772,
        1753105135.4298472,
        1753105135.439848,
        1753105135.449964,
        1753105135.4600449,
        1753105135.4700956,
        1753105135.4801705,
        1753105135.4903293,
        1753105135.5002763,
        1753105135.5104458,
        1753105135.520593,
        1753105135.5304587,
        1753105135.540471,
        1753105135.550581,
        1753105135.560672,
        1753105135.5707128,
        1753105135.5807571,
        1753105135.590849,
        1753105135.6009057,
        1753105135.6109297,
        1753105135.621489,
        1753105135.6314976,
        1753105135.6415248,
        1753105135.6517446,
        1753105135.6617,
        1753105135.671701,
        1753105135.681844,
        1753105135.691882,
        1753105135.7018995,
        1753105135.7120008,
        1753105135.7220635,
        1753105135.7320871,
        1753105135.7420726,
        1753105135.7521675,
        1753105135.7622707,
        1753105135.7723446,
        1753105135.782415,
        1753105135.7924223,
        1753105135.8024545,
        1753105135.8125446,
        1753105135.8225937,
        1753105135.8335075,
        1753105135.8427856,
        1753105135.8528543,
        1753105135.8628638,
        1753105135.8728502,
        1753105135.8829637,
        1753105135.8930242,
        1753105135.9031596,
        1753105135.9131515,
        1753105135.923226,
        1753105135.9332902,
        1753105135.9433255,
        1753105135.953445,
        1753105135.9634886,
        1753105135.9735253,
        1753105135.9836214,
        1753105135.9936962,
        1753105136.00369,
        1753105136.0137856,
        1753105136.0238626,
        1753105136.0338497,
        1753105136.043941,
        1753105136.0539963,
        1753105136.0641131,
        1753105136.074166,
        1753105136.0842252,
        1753105136.094247,
        1753105136.104322,
        1753105136.1146655,
        1753105136.124503,
        1753105136.1345062,
        1753105136.1446915,
        1753105136.154659,
        1753105136.164644,
        1753105136.174738,
        1753105136.1848435,
        1753105136.19489,
        1753105136.2048705,
        1753105136.215014,
        1753105136.2250867,
        1753105136.2350883,
        1753105136.2451077,
        1753105136.2552342,
        1753105136.2652586,
        1753105136.2753544,
        1753105136.2855349,
        1753105136.2954288,
        1753105136.3054502,
        1753105136.3155544,
        1753105136.325695,
        1753105136.3356352,
        1753105136.3457088,
        1753105136.3557808,
        1753105136.3658645,
        1753105136.3759096,
        1753105136.3860185,
        1753105136.3960114,
        1753105136.406089,
        1753105136.4161685,
        1753105136.4262028,
        1753105136.436205,
        1753105136.4463203,
        1753105136.4563992,
        1753105136.4664319,
        1753105136.4765365,
        1753105136.4867375,
        1753105136.49672,
        1753105136.506677,
        1753105136.5167596,
        1753105136.5268002,
        1753105136.537386,
        1753105136.5470736,
        1753105136.5573554,
        1753105136.5673127,
        1753105136.577798,
        1753105136.5877278,
        1753105136.597611,
        1753105136.607547,
        1753105136.6176224,
        1753105136.627862,
        1753105136.6378663,
        1753105136.6478372,
        1753105136.6578598,
        1753105136.6678908,
        1753105136.67807,
        1753105136.68816,
        1753105136.6980736,
        1753105136.7081056,
        1753105136.718269,
        1753105136.7287762,
        1753105136.7384338,
        1753105136.748457,
        1753105136.7584956,
        1753105136.7685661,
        1753105136.7785962,
        1753105136.7886438,
        1753105136.7987058,
        1753105136.8087559,
        1753105136.8189127,
        1753105136.828869,
        1753105136.8389354,
        1753105136.8490558,
        1753105136.8591163,
        1753105136.8690417,
        1753105136.879083,
        1753105136.8892064,
        1753105136.899376,
        1753105136.9096222,
        1753105136.919598,
        1753105136.9294977,
        1753105136.939542,
        1753105136.9497533,
        1753105136.9596102,
        1753105136.9696903,
        1753105136.9798174,
        1753105136.9899166,
        1753105136.9998915,
        1753105137.0099483,
        1753105137.0200503,
        1753105137.0300765,
        1753105137.0400789,
        1753105137.0501893,
        1753105137.0602498,
        1753105137.0702868,
        1753105137.0804214,
        1753105137.0905094,
        1753105137.1005657,
        1753105137.110668,
        1753105137.120651,
        1753105137.1306915,
        1753105137.1407335,
        1753105137.150949,
        1753105137.1608903,
        1753105137.170975,
        1753105137.1810617,
        1753105137.1910925,
        1753105137.2011113,
        1753105137.2111762,
        1753105137.2212324,
        1753105137.2313306,
        1753105137.2413802,
        1753105137.2514513,
        1753105137.2616177,
        1753105137.271632,
        1753105137.281655,
        1753105137.2917922,
        1753105137.3017583,
        1753105137.3118272,
        1753105137.3220792,
        1753105137.3321452,
        1753105137.342024,
        1753105137.3521595,
        1753105137.3621206,
        1753105137.3721635,
        1753105137.3823044,
        1753105137.3923929,
        1753105137.4023926,
        1753105137.4124007,
        1753105137.4225152,
        1753105137.4326124,
        1753105137.4426322,
        1753105137.4526794,
        1753105137.4627628,
        1753105137.472819,
        1753105137.482978,
        1753105137.4930902,
        1753105137.502986,
        1753105137.51308,
        1753105137.5231597,
        1753105137.5331883,
        1753105137.5432358,
        1753105137.5533028,
        1753105137.5633855,
        1753105137.5733685,
        1753105137.5836003,
        1753105137.5935326,
        1753105137.603614,
        1753105137.6136572,
        1753105137.6237764,
        1753105137.6337245,
        1753105137.643906,
        1753105137.6539361,
        1753105137.6639736,
        1753105137.6739955,
        1753105137.6840935,
        1753105137.6941006,
        1753105137.704112,
        1753105137.7141933,
        1753105137.7242572,
        1753105137.7342956,
        1753105137.7443488,
        1753105137.7544994,
        1753105137.7645128,
        1753105137.774514,
        1753105137.7846951,
        1753105137.7946923,
        1753105137.8047261,
        1753105137.8148239,
        1753105137.8249204,
        1753105137.8349495,
        1753105137.8449976,
        1753105137.855129,
        1753105137.8652112,
        1753105137.87519,
        1753105137.885275,
        1753105137.8952932,
        1753105137.905372,
        1753105137.9155052,
        1753105137.9254754,
        1753105137.9355297,
        1753105137.9456758,
        1753105137.955727,
        1753105137.9657156,
        1753105137.975795,
        1753105137.9858787,
        1753105137.9959676,
        1753105138.0059886,
        1753105138.0160253,
        1753105138.0260909,
        1753105138.0361438,
        1753105138.0461965,
        1753105138.0562365,
        1753105138.0662742,
        1753105138.0764902,
        1753105138.0865119,
        1753105138.0964499,
        1753105138.1065207,
        1753105138.1166363,
        1753105138.1266665,
        1753105138.136708,
        1753105138.1468,
        1753105138.1568735,
        1753105138.1669717,
        1753105138.1769626,
        1753105138.1870472,
        1753105138.1970973,
        1753105138.2071154,
        1753105138.217272,
        1753105138.2272382,
        1753105138.2372797,
        1753105138.2473838,
        1753105138.2574608,
        1753105138.267445,
        1753105138.2775497,
        1753105138.2877412,
        1753105138.2976527,
        1753105138.3077953,
        1753105138.3178992,
        1753105138.3278887,
        1753105138.337932,
        1753105138.3479788,
        1753105138.3580604,
        1753105138.3681922,
        1753105138.3782814,
        1753105138.3883312,
        1753105138.3983028,
        1753105138.4084713,
        1753105138.4185338,
        1753105138.4284987,
        1753105138.4385579,
        1753105138.4486382,
        1753105138.4587312,
        1753105138.468679,
        1753105138.478838,
        1753105138.4889722,
        1753105138.4993527,
        1753105138.5091288,
        1753105138.519133,
        1753105138.5293572,
        1753105138.5394125,
        1753105138.5500934,
        1753105138.5598717,
        1753105138.570859,
        1753105138.58027,
        1753105138.5903273,
        1753105138.6004937,
        1753105138.6102393,
        1753105138.620737,
        1753105138.6302965,
        1753105138.6400592,
        1753105138.6501536,
        1753105138.6601865,
        1753105138.6702197,
        1753105138.680337,
        1753105138.6904478,
        1753105138.70045,
        1753105138.710506,
        1753105138.7206635,
        1753105138.7306104,
        1753105138.7406495,
        1753105138.750823,
        1753105138.760847,
        1753105138.7708764,
        1753105138.7809114,
        1753105138.7911015,
        1753105138.8011568,
        1753105138.8110836,
        1753105138.8211617,
        1753105138.8311431,
        1753105138.8412094,
        1753105138.851383,
        1753105138.8613524,
        1753105138.8714154,
        1753105138.8814783,
        1753105138.8915591,
        1753105138.9015694,
        1753105138.9118643,
        1753105138.9217641,
        1753105138.9318845,
        1753105138.941914,
        1753105138.95195,
        1753105138.9620602,
        1753105138.9720604,
        1753105138.9821208,
        1753105138.9921772,
        1753105139.0021815,
        1753105139.0124605,
        1753105139.0223713,
        1753105139.032369,
        1753105139.0424182,
        1753105139.0525644,
        1753105139.0625713,
        1753105139.0725691,
        1753105139.0826976,
        1753105139.0927603,
        1753105139.1028132,
        1753105139.1129308,
        1753105139.1229606,
        1753105139.1330364,
        1753105139.1430738,
        1753105139.1531253,
        1753105139.1631384,
        1753105139.1731954,
        1753105139.1833858,
        1753105139.1933794,
        1753105139.2033882,
        1753105139.2135024,
        1753105139.2235217,
        1753105139.2335546,
        1753105139.2436388,
        1753105139.253735,
        1753105139.263802,
        1753105139.2738574,
        1753105139.28393,
        1753105139.294012,
        1753105139.3040657,
        1753105139.3141286,
        1753105139.324194,
        1753105139.3341055,
        1753105139.3442113,
        1753105139.3543632,
        1753105139.3643267,
        1753105139.3743773,
        1753105139.3845487,
        1753105139.3945804,
        1753105139.4045973,
        1753105139.4146576,
        1753105139.4247642,
        1753105139.4350827,
        1753105139.445013,
        1753105139.4549403,
        1753105139.4650285,
        1753105139.4750607,
        1753105139.4852252,
        1753105139.4953084,
        1753105139.5053751,
        1753105139.515356,
        1753105139.5253708,
        1753105139.5353782,
        1753105139.5454578,
        1753105139.555559,
        1753105139.5656137,
        1753105139.5756729,
        1753105139.5857189,
        1753105139.5958288,
        1753105139.6059449,
        1753105139.615949,
        1753105139.6259754,
        1753105139.6360488,
        1753105139.6462183,
        1753105139.6562326,
        1753105139.6661804,
        1753105139.6762247,
        1753105139.6864471,
        1753105139.6964195,
        1753105139.706392,
        1753105139.716538,
        1753105139.726517,
        1753105139.7366,
        1753105139.7466807,
        1753105139.7568178,
        1753105139.7668655,
        1753105139.7772202,
        1753105139.7869637,
        1753105139.7970479,
        1753105139.8070576,
        1753105139.8171618,
        1753105139.8271422,
        1753105139.8372273
    ],
    "set_target_data": [
        {
            "head": [
                [
                    0.9565523372479497,
                    -0.26479214410895874,
                    -0.12203584114375991,
                    -0.001618365379723632
                ],
                [
                    0.25696719421705677,
                    0.963410209085253,
                    -0.07621436955405825,
                    -0.00031526531084548684
                ],
                [
                    0.13775154155833608,
                    0.04154382563618297,
                    0.9895951815514324,
                    0.003431712713625079
                ],
                [
                    0.0,
                    0.0,
                    0.0,
                    1.0
                ]
            ],
            "antennas": [
                -0.04838697384564968,
                0.02708967460828601
            ],
            "body_yaw": -0.3140723397810006,
            "check_collision": false
        },
        {
            "head": [
                [
                    0.9566572866324932,
                    -0.2644955075525588,
                    -0.12185631874248472,
                    -0.0016092059148474945
                ],
                [
                    0.2566654088366851,
                    0.9634846039756875,
                    -0.07629079766596965,
                    -0.0004880451571165189
                ],
                [
                    0.13758526025578824,
                    0.04170784562078182,
                    0.9896114145330075,
                    0.0035261531823231884
                ],
                [
                    0.0,
                    0.0,
                    0.0,
                    1.0
                ]
            ],
            "antennas": [
                -0.04838697384564968,
                0.02708967460828601
            ],
            "body_yaw": -0.3140723397810006,
            "check_collision": false
        },
        {
            "head": [
                [
                    0.9567502317839637,
                    -0.2642916527802077,
                    -0.12156856605240415,
                    -0.0015674828637287476
                ],
                [
                    0.25648383785202,
                    0.9635395180232188,
                    -0.07620786132861757,
                    -0.0004900894579938243
                ],
                [
                    0.13727721916629257,
                    0.041731516606627606,
                    0.9896531946190446,
                    0.0035078722648590466
                ],
                [
                    0.0,
                    0.0,
                    0.0,
                    1.0
                ]
            ],
            "antennas": [
                -0.04838697384564968,
                0.02708967460828601
            ],
            "body_yaw": -0.3140723397810006,
            "check_collision": false
        },
        {
            "head": [
                [
                    0.9568197910162206,
                    -0.2640948396471244,
                    -0.1214487677641716,
                    -0.0015561033965211307
                ],
                [
                    0.2563088299757213,
                    0.9635964130528206,
                    -0.0760771741602875,
                    -0.0005725805201064471
                ],
                [
                    0.13711918609790827,
                    0.04166375431352297,
                    0.9896779579137598,
                    0.0035070172112783293
                ],
                [
                    0.0,
                    0.0,
                    0.0,
                    1.0
                ]
            ],
            "antennas": [
                -0.04838697384564968,
                0.02708967460828601
            ],
            "body_yaw": -0.3140723397810006,
            "check_collision": false
        },
        {
            "head": [
                [
                    0.9569132617862018,
                    -0.2637899413024284,
                    -0.12137494092832019,
                    -0.001540665850920578
                ],
                [
                    0.25604562438535305,
                    0.9636895621897907,
                    -0.07578301893936332,
                    -0.0005714842873469489
                ],
                [
                    0.13695856180176008,
                    0.04144025330654458,
                    0.9897095825317055,
                    0.0034910976208356592
                ],
                [
                    0.0,
                    0.0,
                    0.0,
                    1.0
                ]
            ],
            "antennas": [
                -0.04838697384564968,
                0.02708967460828601
            ],
            "body_yaw": -0.3140723397810006,
            "check_collision": false
        },
        {
            "head": [
                [
                    0.9569215084469263,
                    -0.263733987112125,
                    -0.12143150626423499,
                    -0.0015925369181952241
                ],
                [
                    0.2559770338803801,
                    0.96370218344261,
                    -0.07585420063351055,
                    -0.0005616993115021892
                ],
                [
                    0.13702913849784704,
                    0.041502839299109015,
                    0.9896971908279069,
                    0.0034369402769652835
                ],
                [
                    0.0,
                    0.0,
                    0.0,
                    1.0
                ]
            ],
            "antennas": [
                -0.04838697384564968,
                0.02708967460828601
            ],
            "body_yaw": -0.3140723397810006,
            "check_collision": false
        },
        {
            "head": [
                [
                    0.9568698356843995,
                    -0.2638260874291992,
                    -0.12163845259255487,
                    -0.0016274315929178896
                ],
                [
                    0.2560599356931772,
                    0.9636795238066305,
                    -0.07586227473937428,
                    -0.0005491167011226934
                ],
                [
                    0.13723493319893673,
                    0.04144358801584265,
                    0.989671158578574,
                    0.003453089412748578
                ],
                [
                    0.0,
                    0.0,
                    0.0,
                    1.0
                ]
            ],
            "antennas": [
                -0.04838697384564968,
                0.02708967460828601
            ],
            "body_yaw": -0.3140723397810006,
            "check_collision": false
        },
        {
            "head": [
                [
                    0.9568074734861083,
                    -0.2639609317169097,
                    -0.12183630496806441,
                    -0.0016350474695604232
                ],
                [
                    0.2561877617507655,
                    0.9636457526081167,
                    -0.07585970082638992,
                    -0.0006302004653093093
                ],
                [
                    0.13743103510584237,
                    0.04137015841735808,
                    0.9896470181747932,
                    0.0034606913834559494
                ],
                [
                    0.0,
                    0.0,
                    0.0,
                    1.0
                ]
            ],
            "antennas": [
                -0.04838697384564968,
                0.02708967460828601
            ],
            "body_yaw": -0.3140723397810006,
            "check_collision": false
        },
        {
            "head": [
                [
                    0.9567914085034984,
                    -0.2639075954759411,
                    -0.12207776891800874,
                    -0.0016649458036737232
                ],
                [
                    0.2561602161357769,
                    0.9636736055713698,
                    -0.07559844968217433,
                    -0.0006405009719495508
                ],
                [
                    0.13759412881065752,
                    0.04106047948067788,
                    0.9896372531092659,
                    0.0034814065974507757
                ],
                [
                    0.0,
                    0.0,
                    0.0,
                    1.0
                ]
            ],
            "antennas": [
                -0.04838697384564968,
                0.02708967460828601
            ],
            "body_yaw": -0.3140723397810006,
            "check_collision": false
        },
        {
            "head": [
                [
                    0.9569015694717277,
                    -0.26348590592803495,
                    -0.12212519690803886,
                    -0.0016956143451236144
                ],
                [
                    0.2557963139786655,
                    0.9638055976567161,
                    -0.07514662787183671,
                    -0.0007141888145682142
                ],
                [
                    0.13750502571714435,
                    0.040668750938073366,
                    0.9896658125850688,
                    0.0033545154408731737
                ],
                [
                    0.0,
                    0.0,
                    0.0,
                    1.0
                ]
            ],
            "antennas": [
                -0.04838697384564968,
                0.02708967460828601
            ],
            "body_yaw": -0.3140723397810006,
            "check_collision": false
        },
        {
            "head": [
                [
                    0.9570345947189876,
                    -0.26303518778885815,
                    -0.12205439154714262,
                    -0.0016960098737212699
                ],
                [
                    0.2554432259230145,
                    0.9639540101819336,
                    -0.0744407454571231,
                    -0.0007699462988260217
                ],
                [
                    0.13723535565264103,
                    0.04006440114426431,
                    0.9897278923622616,
                    0.0033340897895586252
                ],
                [
                    0.0,
                    0.0,
                    0.0,
                    1.0
                ]
            ],
            "antennas": [
                -0.04838697384564968,
                0.02708967460828601
            ],
            "body_yaw": -0.3140723397810006,
            "check_collision": false
        },
        {
            "head": [
                [
                    0.9571324341113372,
                    -0.2627563128448477,
                    -0.12188775013219272,
                    -0.001781303889665158
                ],
                [
                    0.2552246412200243,
                    0.9640427841808004,
                    -0.0740398053957535,
                    -0.0009944523873038087
                ],
                [
                    0.13695943226451102,
                    0.03975714186296239,
                    0.9897785022845624,
                    0.0035505150141302844
                ],
                [
                    0.0,
                    0.0,
                    0.0,
                    1.0
                ]
            ],
            "antennas": [
                -0.04838697384564968,
                0.02708967460828601
            ],
            "body_yaw": -0.3140723397810006,
            "check_collision": false
        },
        {
            "head": [
                [
                    0.957195839856773,
                    -0.26256816241124326,
                    -0.12179525544482239,
                    -0.0017866400607043044
                ],
                [
                    0.25507703414953453,
                    0.964103008166098,
                    -0.07376378714896484,
                    -0.0010414759747836393
                ],
                [
                    0.1367911941989094,
                    0.0395392176587194,
                    0.9898104967399428,
                    0.003552141172680212
                ],
                [
                    0.0,
                    0.0,
                    0.0,
                    1.0
                ]
            ],
            "antennas": [
                -0.04838697384564968,
                0.02708967460828601
            ],
            "body_yaw": -0.3140723397810006,
            "check_collision": false
        },
        {
            "head": [
                [
                    0.9571429503953608,
                    -0.2627764841308842,
                    -0.12176161914279429,
                    -0.0017307613759437552
                ],
                [
                    0.2553061766086128,
                    0.9640522943471986,
                    -0.07363375550244546,
                    -0.0009315047454841324
                ],
                [
                    0.13673378768232639,
                    0.039391536549280376,
                    0.9898243168130045,
                    0.0036688354564685666
                ],
                [
                    0.0,
                    0.0,
                    0.0,
                    1.0
                ]
            ],
            "antennas": [
                -0.04838697384564968,
                0.02708967460828601
            ],
            "body_yaw": -0.3140723397810006,
            "check_collision": false
        },
        {
            "head": [
                [
                    0.9571501536070786,
                    -0.26280059985900917,
                    -0.12165290035051024,
                    -0.001724848085847614
                ],
                [
                    0.25533445331101245,
                    0.9640445995962824,
                    -0.07363645117474349,
                    -0.0009517533057180651
                ],
                [
                    0.13663052514834528,
                    0.03941896374828925,
                    0.9898374840824623,
                    0.003689320205548574
                ],
                [
                    0.0,
                    0.0,
                    0.0,
                    1.0
                ]
            ],
            "antennas": [
                -0.04838697384564968,
                0.02708967460828601
            ],
            "body_yaw": -0.3140723397810006,
            "check_collision": false
        },
        {
            "head": [
                [
                    0.9571866297601451,
                    -0.2627698358749309,
                    -0.12143215868408558,
                    -0.0016575853341501178
                ],
                [
                    0.25532708052730185,
                    0.9640547232232356,
                    -0.07352939942890563,
                    -0.0009173164696218462
                ],
                [
                    0.1363885543505019,
                    0.03937643946870611,
                    0.9898725464709828,
                    0.0037628435581233965
                ],
                [
                    0.0,
                    0.0,
                    0.0,
                    1.0
                ]
            ],
            "antennas": [
                -0.04838697384564968,
                0.02708967460828601
            ],
            "body_yaw": -0.3140723397810006,
            "check_collision": false
        },
        {
            "head": [
                [
                    0.9572107959700574,
                    -0.2626790800605886,
                    -0.12143802113379343,
                    -0.0016425945398878409
                ],
                [
                    0.25523238492084677,
                    0.9640781075690701,
                    -0.07355156146307748,
                    -0.0009206998771853839
                ],
                [
                    0.13639619410374137,
                    0.03940943293886671,
                    0.9898701807961745,
                    0.003799805588391769
                ],
                [
                    0.0,
                    0.0,
                    0.0,
                    1.0
                ]
            ],
            "antennas": [
                -0.04838697384564968,
                0.02708967460828601
            ],
            "body_yaw": -0.3140723397810006,
            "check_collision": false
        },
        {
            "head": [
                [
                    0.9572546566530447,
                    -0.26243471039999594,
                    -0.12162049618929845,
                    -0.0017408321782999238
                ],
                [
                    0.2550029292139601,
                    0.9641520746919047,
                    -0.07337767344087273,
                    -0.0012140524404188873
                ],
                [
                    0.13651750220525194,
                    0.039227536814915503,
                    0.9898606830999365,
                    0.0038730888142447517
                ],
                [
                    0.0,
                    0.0,
                    0.0,
                    1.0
                ]
            ],
            "antennas": [
                -0.04838697384564968,
                0.02708967460828601
            ],
            "body_yaw": -0.3140723397810006,
            "check_collision": false
        },
        {
            "head": [
                [
                    0.9573015756347616,
                    -0.2622707426763596,
                    -0.12160489637836588,
                    -0.0017395546763241823
                ],
                [
                    0.25485119161642206,
                    0.9641992480981402,
                    -0.07328492408858972,
                    -0.0012424572743988914
                ],
                [
                    0.13647184112076774,
                    0.03916462055186277,
                    0.9898694707273965,
                    0.003900004829869297
                ],
                [
                    0.0,
                    0.0,
                    0.0,
                    1.0
                ]
            ],
            "antennas": [
                -0.04838697384564968,
                0.02708967460828601
            ],
            "body_yaw": -0.3140723397810006,
            "check_collision": false
        },
        {
            "head": [
                [
                    0.9573586669916259,
                    -0.2620100656313774,
                    -0.12171732926686514,
                    -0.0016652582546235395
                ],
                [
                    0.2545967619228503,
                    0.9642734031117195,
                    -0.07319353024511568,
                    -0.001231736964766526
                ],
                [
                    0.13654622497314473,
                    0.03908362264663396,
                    0.9898624141194567,
                    0.003724227294237714
                ],
                [
                    0.0,
                    0.0,
                    0.0,
                    1.0
                ]
            ],
            "antennas": [
                -0.04838697384564968,
                0.02708967460828601
            ],
            "body_yaw": -0.3140723397810006,
            "check_collision": false
        },
        {
            "head": [
                [
                    0.9574250255746695,
                    -0.26173962461608447,
                    -0.12177721178108428,
                    -0.0016615367340760473
                ],
                [
                    0.2543852115663643,
                    0.9643639169379459,
                    -0.07273513486918802,
                    -0.001278585024439713
                ],
                [
                    0.13647521584404973,
                    0.03866011657941629,
                    0.9898888376208645,
                    0.0037340850489180344
                ],
                [
                    0.0,
                    0.0,
                    0.0,
                    1.0
                ]
            ],
            "antennas": [
                -0.04838697384564968,
                0.02708967460828601
            ],
            "body_yaw": -0.3140723397810006,
            "check_collision": false
        },
        {
            "head": [
                [
                    0.9574666111870124,
                    -0.26153857464705466,
                    -0.12188216618376152,
                    -0.001612917919988137
                ],
                [
                    0.2542762197336492,
                    0.9644458155080321,
                    -0.072026890999213,
                    -0.0011982871775924782
                ],
                [
                    0.13638655556917628,
                    0.03797160676919749,
                    0.9899277067237496,
                    0.00371352346186693
                ],
                [
                    0.0,
                    0.0,
                    0.0,
                    1.0
                ]
            ],
            "antennas": [
                -0.04838697384564968,
                0.02708967460828601
            ],
            "body_yaw": -0.3140723397810006,
            "check_collision": false
        },
        {
            "head": [
                [
                    0.957437783968206,
                    -0.2616210998421859,
                    -0.12193149694568788,
                    -0.001677967825172647
                ],
                [
                    0.25436039156890305,
                    0.9644252180749217,
                    -0.07200548549974801,
                    -0.0012986784895719916
                ],
                [
                    0.1364319648431613,
                    0.03792622916274585,
                    0.9899231889952521,
                    0.00371431685425172
                ],
                [
                    0.0,
                    0.0,
                    0.0,
                    1.0
                ]
            ],
            "antennas": [
                -0.04838697384564968,
                0.02708967460828601
            ],
            "body_yaw": -0.3140723397810006,
            "check_collision": false
        },
        {
            "head": [
                [
                    0.9574257698472213,
                    -0.2616360279075485,
                    -0.12199378727302694,
                    -0.0016821399866500967
                ],
                [
                    0.25436856129896024,
                    0.9644206456655714,
                    -0.07203785974541434,
                    -0.0013219811243195684
                ],
                [
                    0.13650102657179225,
                    0.03793951916884819,
                    0.9899131591357314,
                    0.0037221511612648417
                ],
                [
                    0.0,
                    0.0,
                    0.0,
                    1.0
                ]
            ],
            "antennas": [
                -0.04838697384564968,
                0.02708967460828601
            ],
            "body_yaw": -0.3140723397810006,
            "check_collision": false
        },
        {
            "head": [
                [
                    0.9574770504562198,
                    -0.2613279298808469,
                    -0.12225142499721098,
                    -0.0016864160065765037
                ],
                [
                    0.2540410074196077,
                    0.9645030549512238,
                    -0.07209038451130116,
                    -0.0011112484902625567
                ],
                [
                    0.13675110383060302,
                    0.0379680135633613,
                    0.989877550784522,
                    0.003556648972619425
                ],
                [
                    0.0,
                    0.0,
                    0.0,
                    1.0
                ]
            ],
            "antennas": [
                -0.04838697384564968,
                0.02708967460828601
            ],
            "body_yaw": -0.3140723397810006,
            "check_collision": false
        },
        {
            "head": [
                [
                    0.9574949530916782,
                    -0.2611920846841191,
                    -0.12240142851424957,
                    -0.0016993053395413576
                ],
                [
                    0.2539312669576618,
                    0.9645497070825979,
                    -0.07185244761419994,
                    -0.0011320057916382725
                ],
                [
                    0.1368295526019203,
                    0.03771680613782957,
                    0.9898763135207953,
                    0.0035565107499034854
                ],
                [
                    0.0,
                    0.0,
                    0.0,
                    1.0
                ]
            ],
            "antennas": [
                -0.04838697384564968,
                0.02708967460828601
            ],
            "body_yaw": -0.3140723397810006,
            "check_collision": false
        },
        {
            "head": [
                [
                    0.9575613685281064,
                    -0.2609603242792351,
                    -0.12237620134101543,
                    -0.0017126870345224336
                ],
                [
                    0.25373231612190483,
                    0.9646201180389302,
                    -0.0716096336394359,
                    -0.0011508071775408295
                ],
                [
                    0.13673381899879058,
                    0.03751982178311816,
                    0.9898970278343951,
                    0.003562603551841681
                ],
                [
                    0.0,
                    0.0,
