{
    "description": "TODO: Add a description of the recording. You can add as much as you want, even if the wording is not perfect.",
    "time": [
        1753105377.1125612,
        1753105377.1224399,
        1753105377.1326208,
        1753105377.1425982,
        1753105377.1527867,
        1753105377.1628234,
        1753105377.17279,
        1753105377.1828783,
        1753105377.1928794,
        1753105377.2029207,
        1753105377.2130187,
        1753105377.2230647,
        1753105377.2331862,
        1753105377.24313,
        1753105377.2532125,
        1753105377.2632513,
        1753105377.273468,
        1753105377.2836356,
        1753105377.2934706,
        1753105377.3034923,
        1753105377.3136153,
        1753105377.323676,
        1753105377.3337734,
        1753105377.3437517,
        1753105377.353854,
        1753105377.3638976,
        1753105377.3739283,
        1753105377.3840983,
        1753105377.3941185,
        1753105377.4042585,
        1753105377.414229,
        1753105377.424172,
        1753105377.4342732,
        1753105377.4443858,
        1753105377.454398,
        1753105377.464431,
        1753105377.474537,
        1753105377.4849353,
        1753105377.4946969,
        1753105377.5047622,
        1753105377.5148544,
        1753105377.5248904,
        1753105377.5349846,
        1753105377.5450299,
        1753105377.5550277,
        1753105377.5651586,
        1753105377.5753503,
        1753105377.5853024,
        1753105377.5952182,
        1753105377.6053135,
        1753105377.615471,
        1753105377.6256225,
        1753105377.6359386,
        1753105377.6460156,
        1753105377.656138,
        1753105377.6661906,
        1753105377.676208,
        1753105377.6862583,
        1753105377.696221,
        1753105377.7062604,
        1753105377.7164154,
        1753105377.726413,
        1753105377.7364767,
        1753105377.7465854,
        1753105377.7566073,
        1753105377.7666829,
        1753105377.7767327,
        1753105377.7868695,
        1753105377.7968438,
        1753105377.8068874,
        1753105377.8172119,
        1753105377.8270957,
        1753105377.8370757,
        1753105377.8471627,
        1753105377.8571944,
        1753105377.8672745,
        1753105377.8772795,
        1753105377.8874016,
        1753105377.8974016,
        1753105377.907484,
        1753105377.9176123,
        1753105377.9276094,
        1753105377.937733,
        1753105377.9478045,
        1753105377.9577577,
        1753105377.967838,
        1753105377.977882,
        1753105377.988045,
        1753105377.9980347,
        1753105378.0080502,
        1753105378.018214,
        1753105378.0281935,
        1753105378.0382214,
        1753105378.0483558,
        1753105378.0583582,
        1753105378.0684915,
        1753105378.0785468,
        1753105378.0892913,
        1753105378.0987926,
        1753105378.1088428,
        1753105378.1188867,
        1753105378.1288779,
        1753105378.1389015,
        1753105378.1490495,
        1753105378.159131,
        1753105378.169071,
        1753105378.1791606,
        1753105378.1892688,
        1753105378.199291,
        1753105378.209318,
        1753105378.21944,
        1753105378.229433,
        1753105378.239488,
        1753105378.2497513,
        1753105378.2596211,
        1753105378.2697284,
        1753105378.279826,
        1753105378.2898598,
        1753105378.2998676,
        1753105378.3100214,
        1753105378.3201237,
        1753105378.3300943,
        1753105378.3401272,
        1753105378.3502197,
        1753105378.3602843,
        1753105378.3703337,
        1753105378.3804674,
        1753105378.3904417,
        1753105378.4005442,
        1753105378.4105763,
        1753105378.420648,
        1753105378.430792,
        1753105378.4419389,
        1753105378.4511354,
        1753105378.4610028,
        1753105378.4710004,
        1753105378.4811513,
        1753105378.491224,
        1753105378.5015428,
        1753105378.511389,
        1753105378.521398,
        1753105378.5314205,
        1753105378.5425348,
        1753105378.5523083,
        1753105378.5615137,
        1753105378.5717254,
        1753105378.5817344,
        1753105378.5916939,
        1753105378.601814,
        1753105378.6117978,
        1753105378.6220012,
        1753105378.6320302,
        1753105378.6421185,
        1753105378.6521902,
        1753105378.6621256,
        1753105378.6723003,
        1753105378.6823385,
        1753105378.6923661,
        1753105378.7024028,
        1753105378.7124732,
        1753105378.7225392,
        1753105378.7325618,
        1753105378.7425697,
        1753105378.7527294,
        1753105378.7627757,
        1753105378.7730439,
        1753105378.783238,
        1753105378.7931302,
        1753105378.8030682,
        1753105378.8131206,
        1753105378.8231146,
        1753105378.8332002,
        1753105378.8432333,
        1753105378.8533702,
        1753105378.8633668,
        1753105378.8733876,
        1753105378.883567,
        1753105378.8935568,
        1753105378.9036286,
        1753105378.9137025,
        1753105378.9237406,
        1753105378.9338527,
        1753105378.943839,
        1753105378.9539511,
        1753105378.9640098,
        1753105378.9740202,
        1753105378.9840994,
        1753105378.9941854,
        1753105379.0042427,
        1753105379.0142956,
        1753105379.0243187,
        1753105379.0344007,
        1753105379.0444064,
        1753105379.0545335,
        1753105379.0645263,
        1753105379.0746262,
        1753105379.085019,
        1753105379.0951092,
        1753105379.1050632,
        1753105379.114992,
        1753105379.1249619,
        1753105379.1350384,
        1753105379.1451511,
        1753105379.155151,
        1753105379.1652234,
        1753105379.175232,
        1753105379.1853333,
        1753105379.1953866,
        1753105379.2054262,
        1753105379.2155488,
        1753105379.2258165,
        1753105379.2356012,
        1753105379.2457104,
        1753105379.255748,
        1753105379.2658036,
        1753105379.2758741,
        1753105379.285986,
        1753105379.2960393,
        1753105379.3061073,
        1753105379.3162518,
        1753105379.3261728,
        1753105379.3361983,
        1753105379.3462687,
        1753105379.356304,
        1753105379.3663347,
        1753105379.376416,
        1753105379.3865244,
        1753105379.3965485,
        1753105379.4065723,
        1753105379.4169483,
        1753105379.426965,
        1753105379.4368339,
        1753105379.44693,
        1753105379.4569402,
        1753105379.4672198,
        1753105379.4770813,
        1753105379.4873216,
        1753105379.4971733,
        1753105379.507198,
        1753105379.5173779,
        1753105379.5273137,
        1753105379.5374134,
        1753105379.5475314,
        1753105379.5575507,
        1753105379.567593,
        1753105379.577597,
        1753105379.5877328,
        1753105379.5977552,
        1753105379.6078928,
        1753105379.6183248,
        1753105379.628353,
        1753105379.6385753,
        1753105379.6486697,
        1753105379.6587303,
        1753105379.6686814,
        1753105379.6786745,
        1753105379.68878,
        1753105379.6987379,
        1753105379.7087872,
        1753105379.7192793,
        1753105379.7291641,
        1753105379.739037,
        1753105379.7491271,
        1753105379.7590876,
        1753105379.7692006,
        1753105379.779259,
        1753105379.7893174,
        1753105379.7993717,
        1753105379.8096325,
        1753105379.8197136,
        1753105379.8296003,
        1753105379.839602,
        1753105379.8497682,
        1753105379.859751,
        1753105379.8697927,
        1753105379.879843,
        1753105379.889967,
        1753105379.9000132,
        1753105379.9100242,
        1753105379.9200957,
        1753105379.930176,
        1753105379.9401915,
        1753105379.9503055,
        1753105379.9603221,
        1753105379.970373,
        1753105379.9805067,
        1753105379.9905086,
        1753105380.0005903,
        1753105380.0107467,
        1753105380.020733,
        1753105380.0308228,
        1753105380.0408144,
        1753105380.0509973,
        1753105380.06095,
        1753105380.0709631,
        1753105380.081103,
        1753105380.091099,
        1753105380.101109,
        1753105380.1111965,
        1753105380.1212456,
        1753105380.1313424,
        1753105380.1413808,
        1753105380.1514523,
        1753105380.1614866,
        1753105380.1716042,
        1753105380.1817129,
        1753105380.191669,
        1753105380.2017345,
        1753105380.211798,
        1753105380.2220104,
        1753105380.231896,
        1753105380.2419665,
        1753105380.252105,
        1753105380.26206,
        1753105380.2721155,
        1753105380.2822986,
        1753105380.2922502,
        1753105380.3023431,
        1753105380.312387,
        1753105380.3224533,
        1753105380.3325472,
        1753105380.3426428,
        1753105380.3526707,
        1753105380.362721,
        1753105380.3727603,
        1753105380.3828964,
        1753105380.3929474,
        1753105380.4029357,
        1753105380.413067,
        1753105380.423151,
        1753105380.4331934,
        1753105380.4431849,
        1753105380.4532456,
        1753105380.4633055,
        1753105380.4733453,
        1753105380.4836066,
        1753105380.4938617,
        1753105380.5036547,
        1753105380.5136354,
        1753105380.523691,
        1753105380.533823,
        1753105380.543807,
        1753105380.5539489,
        1753105380.5639627,
        1753105380.5740516,
        1753105380.5840967,
        1753105380.5940769,
        1753105380.6041546,
        1753105380.6142454,
        1753105380.6242297,
        1753105380.6345468,
        1753105380.6444175,
        1753105380.6544843,
        1753105380.66448,
        1753105380.6745203,
        1753105380.684637,
        1753105380.694889,
        1753105380.7046957,
        1753105380.7148144,
        1753105380.7248766,
        1753105380.735011,
        1753105380.745102,
        1753105380.7550917,
        1753105380.7650843,
        1753105380.7752874,
        1753105380.786775,
        1753105380.795264,
        1753105380.805363,
        1753105380.8155036,
        1753105380.8254874,
        1753105380.8355744,
        1753105380.845606,
        1753105380.8557045,
        1753105380.8657503,
        1753105380.8757694,
        1753105380.885887,
        1753105380.8958955,
        1753105380.9059632,
        1753105380.9161036,
        1753105380.9260752,
        1753105380.9361472,
        1753105380.9462855,
        1753105380.9562519,
        1753105380.9662862,
        1753105380.976406,
        1753105380.9865434,
        1753105380.996548,
        1753105381.006539,
        1753105381.0166686,
        1753105381.0267208,
        1753105381.0367405,
        1753105381.0468109,
        1753105381.0568902,
        1753105381.0669863,
        1753105381.0770006,
        1753105381.0870225,
        1753105381.0970707,
        1753105381.1074216,
        1753105381.1175845,
        1753105381.1273673,
        1753105381.1373632,
        1753105381.147459,
        1753105381.1575024,
        1753105381.167621,
        1753105381.1777408,
        1753105381.1877673,
        1753105381.1977448,
        1753105381.207985,
        1753105381.2180808,
        1753105381.2281313,
        1753105381.2381318,
        1753105381.2481053,
        1753105381.2580354,
        1753105381.2681096,
        1753105381.2781322,
        1753105381.2882662,
        1753105381.298253,
        1753105381.3083591,
        1753105381.3184679,
        1753105381.3285422,
        1753105381.3384874,
        1753105381.3486123,
        1753105381.3587055,
        1753105381.36874,
        1753105381.3788311,
        1753105381.388858,
        1753105381.3989573,
        1753105381.409032,
        1753105381.4190414,
        1753105381.4290483,
        1753105381.439115,
        1753105381.4492772,
        1753105381.4593904,
        1753105381.4692903,
        1753105381.4794247,
        1753105381.4895027,
        1753105381.4995468,
        1753105381.509593,
        1753105381.5196815,
        1753105381.5297482,
        1753105381.5399194,
        1753105381.5499113,
        1753105381.5598884,
        1753105381.569975,
        1753105381.5800405,
        1753105381.5900874,
        1753105381.600105,
        1753105381.6101983,
        1753105381.6205266,
        1753105381.6306298,
        1753105381.6404784,
        1753105381.650579,
        1753105381.6605222,
        1753105381.670606,
        1753105381.680768,
        1753105381.6907742,
        1753105381.7007873,
        1753105381.7108812,
        1753105381.720939,
        1753105381.7309253,
        1753105381.740986,
        1753105381.7511425,
        1753105381.761127,
        1753105381.7711291,
        1753105381.7812076,
        1753105381.7912505,
        1753105381.801395,
        1753105381.8113549,
        1753105381.8214638,
        1753105381.8315065,
        1753105381.8417602,
        1753105381.8516257,
        1753105381.8616068,
        1753105381.8716238,
        1753105381.8817663,
        1753105381.8918655,
        1753105381.901856,
        1753105381.9119706,
        1753105381.922075,
        1753105381.9321816,
        1753105381.9422255,
        1753105381.952216,
        1753105381.9622593,
        1753105381.9723697,
        1753105381.9823582,
        1753105381.992461,
        1753105382.002565,
        1753105382.012562,
        1753105382.0228553,
        1753105382.0329275,
        1753105382.0427825,
        1753105382.0529714,
        1753105382.0629203,
        1753105382.0729456,
        1753105382.0830624,
        1753105382.0933867,
        1753105382.103173,
        1753105382.1133,
        1753105382.1232893,
        1753105382.1333888,
        1753105382.1433887,
        1753105382.1535158,
        1753105382.1635122,
        1753105382.1735654,
        1753105382.183708,
        1753105382.1937122,
        1753105382.2037396,
        1753105382.21383,
        1753105382.224024,
        1753105382.2339854,
        1753105382.2440238,
        1753105382.2541568,
        1753105382.2641718,
        1753105382.2741914,
        1753105382.284296,
        1753105382.2943451,
        1753105382.304431,
        1753105382.3144798,
        1753105382.32464,
        1753105382.334523,
        1753105382.3445778,
        1753105382.3546793,
        1753105382.3646731,
        1753105382.3747778,
        1753105382.3849263,
        1753105382.3949409,
        1753105382.4049559,
        1753105382.4150708,
        1753105382.4250805,
        1753105382.4352734,
        1753105382.4453564,
        1753105382.4552867,
        1753105382.465353,
        1753105382.4756653,
        1753105382.485616,
        1753105382.495842,
        1753105382.5055888,
        1753105382.5156763,
        1753105382.525744,
        1753105382.5363743,
        1753105382.5461414,
        1753105382.5563521,
        1753105382.5659826,
        1753105382.5760362,
        1753105382.5860903,
        1753105382.596089,
        1753105382.6061418,
        1753105382.61625,
        1753105382.626236,
        1753105382.6362855,
        1753105382.6463904,
        1753105382.6565015,
        1753105382.666505,
        1753105382.6765518,
        1753105382.686728,
        1753105382.696821,
        1753105382.7067297,
        1753105382.7168841,
        1753105382.7268813,
        1753105382.7369459,
        1753105382.7470407,
        1753105382.7570179,
        1753105382.7670984,
        1753105382.777144,
        1753105382.7872982,
        1753105382.7973008,
        1753105382.807315,
        1753105382.817457,
        1753105382.8275125,
        1753105382.837556,
        1753105382.8476653,
        1753105382.8576937,
        1753105382.8677332,
        1753105382.8777685,
        1753105382.8878882,
        1753105382.897908,
        1753105382.907931,
        1753105382.9180582,
        1753105382.9280546,
        1753105382.9382093,
        1753105382.948278,
        1753105382.958231,
        1753105382.968279,
        1753105382.978333,
        1753105382.988528,
        1753105382.9985116,
        1753105383.008595,
        1753105383.0186598,
        1753105383.0286658,
        1753105383.038712,
        1753105383.0489113,
        1753105383.0588465,
        1753105383.0689628,
        1753105383.0790586,
        1753105383.0890472,
        1753105383.0991564,
        1753105383.1092606,
        1753105383.1192672,
        1753105383.1292536,
        1753105383.1393104,
        1753105383.1494527,
        1753105383.159513,
        1753105383.1694782,
        1753105383.1796184,
        1753105383.1896265,
        1753105383.1997254,
        1753105383.2097626,
        1753105383.2198374,
        1753105383.229895,
        1753105383.2400172,
        1753105383.250051,
        1753105383.2600524,
        1753105383.2701237,
        1753105383.280202,
        1753105383.2902615,
        1753105383.3002782,
        1753105383.3103516,
        1753105383.320493,
        1753105383.3305185,
        1753105383.3405204,
        1753105383.3506348,
        1753105383.360738,
        1753105383.3707087,
        1753105383.3808773,
        1753105383.3908842,
        1753105383.4009526,
        1753105383.4109795,
        1753105383.421067,
        1753105383.4311438,
        1753105383.4412026,
        1753105383.4512868,
        1753105383.4612286,
        1753105383.4712942,
        1753105383.4815257,
        1753105383.4915829,
        1753105383.5018601,
        1753105383.5116305,
        1753105383.521653,
        1753105383.5317523,
        1753105383.5417132,
        1753105383.5518928,
        1753105383.5618207,
        1753105383.5719113,
        1753105383.5819874,
        1753105383.5920448,
        1753105383.602127,
        1753105383.612171,
        1753105383.6225803,
        1753105383.6329987,
        1753105383.6430528,
        1753105383.653344,
        1753105383.6632237,
        1753105383.673227,
        1753105383.6833243,
        1753105383.6932847,
        1753105383.7033625,
        1753105383.7136512,
        1753105383.7236013,
        1753105383.7336714,
        1753105383.7438502,
        1753105383.7537768,
        1753105383.763831,
        1753105383.7739105,
        1753105383.7840788,
        1753105383.7939525,
        1753105383.804042
    ],
    "set_target_data": [
        {
            "head": [
                [
                    0.9778132507163206,
                    0.19437518005162552,
                    0.0780995269094504,
                    -0.008104531073491673
                ],
                [
                    -0.19128394367134283,
                    0.9804862846783706,
                    -0.04535524722833774,
                    0.009074385091652969
                ],
                [
                    -0.08539144932087961,
                    0.02940977622327748,
                    0.9959133322962276,
                    0.017701996920361007
                ],
                [
                    0.0,
                    0.0,
                    0.0,
                    1.0
                ]
            ],
            "antennas": [
                -0.12926371621133495,
                -0.04909746890346941
            ],
            "body_yaw": 0.0,
            "check_collision": false
        },
        {
            "head": [
                [
                    0.9778968651301457,
                    0.19384712727927572,
                    0.078364612001883,
                    -0.008096028493608808
                ],
                [
                    -0.19071688967643935,
                    0.9805807098757339,
                    -0.045700540606721574,
                    0.00902642386605461
                ],
                [
                    -0.08570174537766576,
                    0.02974496033236586,
                    0.9958767233819895,
                    0.017766138650592234
                ],
                [
                    0.0,
                    0.0,
                    0.0,
                    1.0
                ]
            ],
            "antennas": [
                -0.12926371621133495,
                -0.04909746890346941
            ],
            "body_yaw": 0.0,
            "check_collision": false
        },
        {
            "head": [
                [
                    0.9779784456007313,
                    0.19332343706256616,
                    0.07863973946226518,
                    -0.008038025084316955
                ],
                [
                    -0.19015093308618292,
                    0.9806729582594546,
                    -0.04607788607459877,
                    0.009104597835819373
                ],
                [
                    -0.08602780124373116,
                    0.03010975956339965,
                    0.9958376473061273,
                    0.017639129420827182
                ],
                [
                    0.0,
                    0.0,
                    0.0,
                    1.0
                ]
            ],
            "antennas": [
                -0.12926371621133495,
                -0.04909746890346941
            ],
            "body_yaw": 0.0,
            "check_collision": false
        },
        {
            "head": [
                [
                    0.9780989599283103,
                    0.1926472435702178,
                    0.07880015312139386,
                    -0.007972257708212636
                ],
                [
                    -0.1894659959153497,
                    0.9808044263326626,
                    -0.046101124477191766,
                    0.009227000753325585
                ],
                [
                    -0.08616879353317315,
                    0.030161512413239888,
                    0.9958238911524384,
                    0.01755661994953811
                ],
                [
                    0.0,
                    0.0,
                    0.0,
                    1.0
                ]
            ],
            "antennas": [
                -0.12926371621133495,
                -0.04909746890346941
            ],
            "body_yaw": 0.0,
            "check_collision": false
        },
        {
            "head": [
                [
                    0.9782079478790662,
                    0.19214507447453877,
                    0.07867325505786683,
                    -0.007962243659117938
                ],
                [
                    -0.18896203239108428,
                    0.9808993221158626,
                    -0.046150516652275785,
                    0.009189741636431771
                ],
                [
                    -0.08603813701409992,
                    0.030278544017424698,
                    0.9958316367495701,
                    0.01760584467086329
                ],
                [
                    0.0,
                    0.0,
                    0.0,
                    1.0
                ]
            ],
            "antennas": [
                -0.12926371621133495,
                -0.04909746890346941
            ],
            "body_yaw": 0.0,
            "check_collision": false
        },
        {
            "head": [
                [
                    0.9783513154827579,
                    0.19149993650950434,
                    0.07846322584506081,
                    -0.007965962049955628
                ],
                [
                    -0.18832121742473382,
                    0.9810223766327854,
                    -0.046154258887210725,
                    0.009149360058783482
                ],
                [
                    -0.08581271794334062,
                    0.03037878968322069,
                    0.9958480338769361,
                    0.017663464090185932
                ],
                [
                    0.0,
                    0.0,
                    0.0,
                    1.0
                ]
            ],
            "antennas": [
                -0.12926371621133495,
                -0.04909746890346941
            ],
            "body_yaw": 0.0,
            "check_collision": false
        },
        {
            "head": [
                [
                    0.9784877897726344,
                    0.19078384274884527,
                    0.07850586355075216,
                    -0.007987786864887098
                ],
                [
                    -0.18759545436480954,
                    0.9811579187681472,
                    -0.04622860521602565,
                    0.009258610620138587
                ],
                [
                    -0.0858463206405848,
                    0.030506782598995516,
                    0.995841225019296,
                    0.01760811963225989
                ],
                [
                    0.0,
                    0.0,
                    0.0,
                    1.0
                ]
            ],
            "antennas": [
                -0.12926371621133495,
                -0.04909746890346941
            ],
            "body_yaw": 0.0,
            "check_collision": false
        },
        {
            "head": [
                [
                    0.9786049758477122,
                    0.1902079526667861,
                    0.07844256490202174,
                    -0.007996274220213099
                ],
                [
                    -0.1870114251925448,
                    0.9812647408756309,
                    -0.04632747739445626,
                    0.009207579108894245
                ],
                [
                    -0.08578477774961858,
                    0.030666644038601525,
                    0.9958416183559803,
                    0.01765675208939599
                ],
                [
                    0.0,
                    0.0,
                    0.0,
                    1.0
                ]
            ],
            "antennas": [
                -0.12926371621133495,
                -0.04909746890346941
            ],
            "body_yaw": 0.0,
            "check_collision": false
        },
        {
            "head": [
                [
                    0.9786821272742425,
                    0.18976545339960987,
                    0.07855168012209397,
                    -0.008051768016087285
                ],
                [
                    -0.18655208568463316,
                    0.9813454477305392,
                    -0.04646968415279845,
                    0.009426484437010345
                ],
                [
                    -0.08590467438199488,
                    0.030825069579614173,
                    0.9958263914984053,
                    0.017626323420344314
                ],
                [
                    0.0,
                    0.0,
                    0.0,
                    1.0
                ]
            ],
            "antennas": [
                -0.12926371621133495,
                -0.04909746890346941
            ],
            "body_yaw": 0.0,
            "check_collision": false
        },
        {
            "head": [
                [
                    0.9787659825733036,
                    0.1892811428702089,
                    0.07867528399099391,
                    -0.008055483353266153
                ],
                [
                    -0.18604691238156915,
                    0.9814327211749336,
                    -0.04665147586572168,
                    0.009376541278283647
                ],
                [
                    -0.08604474272493759,
                    0.031023583946940318,
                    0.9958081338734319,
                    0.01766845642466458
                ],
                [
                    0.0,
                    0.0,
                    0.0,
                    1.0
                ]
            ],
            "antennas": [
                -0.12926371621133495,
                -0.04909746890346941
            ],
            "body_yaw": 0.0,
            "check_collision": false
        },
        {
            "head": [
                [
                    0.9788245667763857,
                    0.1889291076714176,
                    0.07879251074500566,
                    -0.008131343632220895
                ],
                [
                    -0.18568144914062226,
                    0.9814970881978157,
                    -0.04675323843593051,
                    0.009522419290369039
                ],
                [
                    -0.08616766748646758,
                    0.03113291078088206,
                    0.9957940926447849,
                    0.017715582803856822
                ],
                [
                    0.0,
                    0.0,
                    0.0,
                    1.0
                ]
            ],
            "antennas": [
                -0.12926371621133495,
                -0.04909746890346941
            ],
            "body_yaw": 0.0,
            "check_collision": false
        },
        {
            "head": [
                [
                    0.978892363687604,
                    0.1884952831363454,
                    0.07898904069201391,
                    -0.00814294815236487
                ],
                [
                    -0.18522476577086444,
                    0.9815748405118816,
                    -0.046932063871117494,
                    0.009469095378674502
                ],
                [
                    -0.08638012768700941,
                    0.03131071237489225,
                    0.9957701104328011,
                    0.017774151877822164
                ],
                [
                    0.0,
                    0.0,
                    0.0,
                    1.0
                ]
            ],
            "antennas": [
                -0.12926371621133495,
                -0.04909746890346941
            ],
            "body_yaw": 0.0,
            "check_collision": false
        },
        {
            "head": [
                [
                    0.9789164119987014,
                    0.18833221292892915,
                    0.07907993356649491,
                    -0.00816231192221188
                ],
                [
                    -0.1850195735922916,
                    0.9815920782723823,
                    -0.047378784921439,
                    0.009595491294799302
                ],
                [
                    -0.08654718774931607,
                    0.0317485345519736,
                    0.9957417410385521,
                    0.01775580936253951
                ],
                [
                    0.0,
                    0.0,
                    0.0,
                    1.0
                ]
            ],
            "antennas": [
                -0.12926371621133495,
                -0.04909746890346941
            ],
            "body_yaw": 0.0,
            "check_collision": false
        },
        {
            "head": [
                [
                    0.9789850241840906,
                    0.1879258501490662,
                    0.07919720493190842,
                    -0.008166422534031515
                ],
                [
                    -0.18458913224279527,
                    0.9816624343191638,
                    -0.04759955151496345,
                    0.009545425105367869
                ],
                [
                    -0.08669010716989466,
                    0.031980304756592554,
                    0.9957218916075653,
                    0.017807899046742848
                ],
                [
                    0.0,
                    0.0,
                    0.0,
                    1.0
                ]
            ],
            "antennas": [
                -0.12926371621133495,
                -0.04909746890346941
            ],
            "body_yaw": 0.0,
            "check_collision": false
        },
        {
            "head": [
                [
                    0.9790597358308125,
                    0.18746139870515174,
                    0.07937416248633569,
                    -0.008104335095307596
                ],
                [
                    -0.18410649139400362,
                    0.9817468237479194,
                    -0.047728124700859256,
                    0.009628726430580808
                ],
                [
                    -0.08687251292260834,
                    0.03211538659862655,
                    0.9957016462987954,
                    0.0177909160386322
                ],
                [
                    0.0,
                    0.0,
                    0.0,
                    1.0
                ]
            ],
            "antennas": [
                -0.12926371621133495,
                -0.04909746890346941
            ],
            "body_yaw": 0.0,
            "check_collision": false
        },
        {
            "head": [
                [
                    0.9791052292998027,
                    0.1871431935769985,
                    0.07956365411155497,
                    -0.008091409883812191
                ],
                [
                    -0.18377029581513765,
                    0.9818036945112146,
                    -0.04785377540118096,
                    0.009581838770285218
                ],
                [
                    -0.08707139790883045,
                    0.032232445484820786,
                    0.9956804914852306,
                    0.017845402565965063
                ],
                [
                    0.0,
                    0.0,
                    0.0,
                    1.0
                ]
            ],
            "antennas": [
                -0.12926371621133495,
                -0.04909746890346941
            ],
            "body_yaw": 0.0,
            "check_collision": false
        },
        {
            "head": [
                [
                    0.9791447204436347,
                    0.18680995483871607,
                    0.07986023541483538,
                    -0.00802521510354903
                ],
                [
                    -0.1834302518028695,
                    0.9818693592547042,
                    -0.047811129251378495,
                    0.009701374262502688
                ],
                [
                    -0.08734391307293231,
                    0.032165231693755805,
                    0.9956587963349666,
                    0.01777092697909216
                ],
                [
                    0.0,
                    0.0,
                    0.0,
                    1.0
                ]
            ],
            "antennas": [
                -0.12926371621133495,
                -0.04909746890346941
            ],
            "body_yaw": 0.0,
            "check_collision": false
        },
        {
            "head": [
                [
                    0.9791978858128497,
                    0.18645290217888158,
                    0.08004258671930731,
                    -0.008007406825636991
                ],
                [
                    -0.18307110760724646,
                    0.981939049955633,
                    -0.04775637896328811,
                    0.009657233924507019
                ],
                [
                    -0.08750125701440753,
                    0.0321094603084763,
                    0.9956467810321074,
                    0.017819173005534095
                ],
                [
                    0.0,
                    0.0,
                    0.0,
                    1.0
                ]
            ],
            "antennas": [
                -0.12926371621133495,
                -0.04909746890346941
            ],
            "body_yaw": 0.0,
            "check_collision": false
        },
        {
            "head": [
                [
                    0.9792765231751349,
                    0.185966118667222,
                    0.080212803628026,
                    -0.00805269929371341
                ],
                [
                    -0.18256741849529728,
                    0.9820272748680556,
                    -0.04787033652674022,
                    0.009725348038130055
                ],
                [
                    -0.08767342163952847,
                    0.032234052228490906,
                    0.9956276096086069,
                    0.01770730599651671
                ],
                [
                    0.0,
                    0.0,
                    0.0,
                    1.0
                ]
            ],
            "antennas": [
                -0.12926371621133495,
                -0.04909746890346941
            ],
            "body_yaw": 0.0,
            "check_collision": false
        },
        {
            "head": [
                [
                    0.9793641189784569,
                    0.18542445047967793,
                    0.08039711202437613,
                    -0.008049016692782367
                ],
                [
                    -0.1819990565684203,
                    0.9821221484066188,
                    -0.048087722106293126,
                    0.009674813071495926
                ],
                [
                    -0.08787642383344677,
                    0.03246319105504858,
                    0.9956022676554969,
                    0.017741941254018567
                ],
                [
                    0.0,
                    0.0,
                    0.0,
                    1.0
                ]
            ],
            "antennas": [
                -0.12926371621133495,
                -0.04909746890346941
            ],
            "body_yaw": 0.0,
            "check_collision": false
        },
        {
            "head": [
                [
                    0.9794512159051397,
                    0.1847939518548817,
                    0.08078682454335484,
                    -0.008055799915430463
                ],
                [
                    -0.18135016976727478,
                    0.982240039228131,
                    -0.04813129192635654,
                    0.009684594141328124
                ],
                [
                    -0.08824642535153338,
                    0.03249154805445871,
                    0.9955686152735536,
                    0.01762753383027571
                ],
                [
                    0.0,
                    0.0,
                    0.0,
                    1.0
                ]
            ],
            "antennas": [
                -0.12926371621133495,
                -0.04909746890346941
            ],
            "body_yaw": 0.0,
            "check_collision": false
        },
        {
            "head": [
                [
                    0.9795013039266244,
                    0.1844374539943835,
                    0.0809939576148277,
                    -0.00805113405116853
                ],
                [
                    -0.18098913358833896,
                    0.9823084251971383,
                    -0.04809460790629851,
                    0.009625948848612334
                ],
                [
                    -0.088431493988201,
                    0.032449704941460815,
                    0.9955535583383885,
                    0.017648340786189598
                ],
                [
                    0.0,
                    0.0,
                    0.0,
                    1.0
                ]
            ],
            "antennas": [
