{
    "description": "TODO: Add a description of the recording. You can add as much as you want, even if the wording is not perfect.",
    "time": [
        1753105943.3916028,
        1753105943.4015648,
        1753105943.4116273,
        1753105943.4217198,
        1753105943.4317563,
        1753105943.442014,
        1753105943.4520564,
        1753105943.4619808,
        1753105943.4719493,
        1753105943.4821606,
        1753105943.4923022,
        1753105943.5026762,
        1753105943.512373,
        1753105943.522389,
        1753105943.5323484,
        1753105943.542401,
        1753105943.552503,
        1753105943.5625834,
        1753105943.5725207,
        1753105943.5825803,
        1753105943.5926397,
        1753105943.6027095,
        1753105943.612795,
        1753105943.6232648,
        1753105943.6333861,
        1753105943.6429634,
        1753105943.6532238,
        1753105943.6631024,
        1753105943.673045,
        1753105943.6832025,
        1753105943.6932602,
        1753105943.703275,
        1753105943.7133605,
        1753105943.7234693,
        1753105943.733486,
        1753105943.7435627,
        1753105943.753575,
        1753105943.7636092,
        1753105943.773677,
        1753105943.7838936,
        1753105943.793804,
        1753105943.8038602,
        1753105943.8139572,
        1753105943.8240905,
        1753105943.8340893,
        1753105943.844086,
        1753105943.85417,
        1753105943.8642035,
        1753105943.8742216,
        1753105943.8844202,
        1753105943.8944516,
        1753105943.9046328,
        1753105943.9145665,
        1753105943.9245555,
        1753105943.934641,
        1753105943.9447093,
        1753105943.954786,
        1753105943.9647737,
        1753105943.9748678,
        1753105943.9849868,
        1753105943.9949713,
        1753105944.004999,
        1753105944.0150888,
        1753105944.0251517,
        1753105944.035235,
        1753105944.045223,
        1753105944.055299,
        1753105944.065568,
        1753105944.0754225,
        1753105944.0855463,
        1753105944.0955443,
        1753105944.1056619,
        1753105944.115744,
        1753105944.1257963,
        1753105944.1357944,
        1753105944.145851,
        1753105944.155929,
        1753105944.1660304,
        1753105944.1760511,
        1753105944.1861122,
        1753105944.1961057,
        1753105944.2062025,
        1753105944.2164905,
        1753105944.2263756,
        1753105944.2363698,
        1753105944.2464607,
        1753105944.2565436,
        1753105944.2665951,
        1753105944.2766736,
        1753105944.2867808,
        1753105944.2968113,
        1753105944.3067834,
        1753105944.3169234,
        1753105944.3269494,
        1753105944.3378012,
        1753105944.347193,
        1753105944.3571308,
        1753105944.367199,
        1753105944.377219,
        1753105944.3873456,
        1753105944.3973448,
        1753105944.4074004,
        1753105944.417726,
        1753105944.4276624,
        1753105944.4375713,
        1753105944.4476683,
        1753105944.4577599,
        1753105944.4677963,
        1753105944.4778438,
        1753105944.4880862,
        1753105944.498044,
        1753105944.5086665,
        1753105944.5183296,
        1753105944.5281723,
        1753105944.5386903,
        1753105944.5487247,
        1753105944.5588562,
        1753105944.5685372,
        1753105944.5785449,
        1753105944.5885398,
        1753105944.598581,
        1753105944.6087573,
        1753105944.6187305,
        1753105944.6287682,
        1753105944.638808,
        1753105944.6489666,
        1753105944.658983,
        1753105944.6690433,
        1753105944.6791275,
        1753105944.6892238,
        1753105944.6992176,
        1753105944.7092505,
        1753105944.7193856,
        1753105944.7294192,
        1753105944.7394462,
        1753105944.7495322,
        1753105944.7597597,
        1753105944.76973,
        1753105944.7797017,
        1753105944.7897682,
        1753105944.7998083,
        1753105944.8100142,
        1753105944.819994,
        1753105944.830222,
        1753105944.8410184,
        1753105944.8509634,
        1753105944.8604777,
        1753105944.870379,
        1753105944.8803701,
        1753105944.8905902,
        1753105944.9005508,
        1753105944.9105647,
        1753105944.9206038,
        1753105944.9307158,
        1753105944.94066,
        1753105944.9507868,
        1753105944.9608262,
        1753105944.970941,
        1753105944.9809437,
        1753105944.9910038,
        1753105945.001052,
        1753105945.011138,
        1753105945.0211735,
        1753105945.0311933,
        1753105945.0412402,
        1753105945.0514228,
        1753105945.0615027,
        1753105945.0714612,
        1753105945.081551,
        1753105945.0915813,
        1753105945.1016335,
        1753105945.1117616,
        1753105945.1217756,
        1753105945.1317832,
        1753105945.1419363,
        1753105945.1519818,
        1753105945.1619816,
        1753105945.1720572,
        1753105945.182102,
        1753105945.192172,
        1753105945.202165,
        1753105945.2122304,
        1753105945.2223752,
        1753105945.2325294,
        1753105945.2425284,
        1753105945.2526093,
        1753105945.26269,
        1753105945.272706,
        1753105945.282752,
        1753105945.2928283,
        1753105945.3028352,
        1753105945.3129163,
        1753105945.3230052,
        1753105945.3330278,
        1753105945.343119,
        1753105945.3532135,
        1753105945.3632343,
        1753105945.3732455,
        1753105945.383702,
        1753105945.393635,
        1753105945.403842,
        1753105945.4136658,
        1753105945.4238946,
        1753105945.4339983,
        1753105945.443934,
        1753105945.4540813,
        1753105945.4640996,
        1753105945.474638,
        1753105945.4843237,
        1753105945.4944007,
        1753105945.5042565,
        1753105945.514286,
        1753105945.5242941,
        1753105945.5343757,
        1753105945.5444748,
        1753105945.5548613,
        1753105945.5647266,
        1753105945.5746143,
        1753105945.584787,
        1753105945.5948575,
        1753105945.6048145,
        1753105945.6153653,
        1753105945.6252809,
        1753105945.6353452,
        1753105945.6455724,
        1753105945.6555133,
        1753105945.6655385,
        1753105945.6756732,
        1753105945.6857107,
        1753105945.695725,
        1753105945.7057521,
        1753105945.715889,
        1753105945.7259986,
        1753105945.7359169,
        1753105945.7459733,
        1753105945.7567935,
        1753105945.7663913,
        1753105945.7761958,
        1753105945.7863014,
        1753105945.7962878,
        1753105945.806371,
        1753105945.8165064,
        1753105945.8265462,
        1753105945.8365057,
        1753105945.8467133,
        1753105945.8567104,
        1753105945.8666728,
        1753105945.8767717,
        1753105945.886914,
        1753105945.8968952,
        1753105945.9069076,
        1753105945.9170184,
        1753105945.927091,
        1753105945.937175,
        1753105945.9471939,
        1753105945.9571981,
        1753105945.9672837,
        1753105945.9774349,
        1753105945.987668,
        1753105945.9977841,
        1753105946.0077372,
        1753105946.017862,
        1753105946.0277264,
        1753105946.0377297,
        1753105946.0478237,
        1753105946.057926,
        1753105946.0683596,
        1753105946.0781898,
        1753105946.0881312,
        1753105946.0981226,
        1753105946.1081958,
        1753105946.118284,
        1753105946.1282604,
        1753105946.1383421,
        1753105946.1484685,
        1753105946.158502,
        1753105946.1685042,
        1753105946.1786191,
        1753105946.1887074,
        1753105946.1990368,
        1753105946.2088506,
        1753105946.2189333,
        1753105946.2289774,
        1753105946.2389903,
        1753105946.2491214,
        1753105946.259089,
        1753105946.2690735,
        1753105946.279231,
        1753105946.2893486,
        1753105946.299317,
        1753105946.3093603,
        1753105946.3194873,
        1753105946.3295138,
        1753105946.3395247,
        1753105946.3495958,
        1753105946.359712,
        1753105946.3698149,
        1753105946.379857,
        1753105946.3899202,
        1753105946.4000154,
        1753105946.410044,
        1753105946.420323,
        1753105946.4301999,
        1753105946.4404478,
        1753105946.4505274,
        1753105946.4603975,
        1753105946.4703703,
        1753105946.4805129,
        1753105946.490661,
        1753105946.5006623,
        1753105946.510701,
        1753105946.5207767,
        1753105946.5308282,
        1753105946.541309,
        1753105946.5515506,
        1753105946.5610795,
        1753105946.5711052,
        1753105946.5811179,
        1753105946.591178,
        1753105946.6014283,
        1753105946.6114573,
        1753105946.6215549,
        1753105946.6315632,
        1753105946.6415422,
        1753105946.651612,
        1753105946.6616156,
        1753105946.671669,
        1753105946.6818347,
        1753105946.6918774,
        1753105946.7018719,
        1753105946.7119522,
        1753105946.722072,
        1753105946.7320464,
        1753105946.7420938,
        1753105946.752174,
        1753105946.762269,
        1753105946.772285,
        1753105946.782378,
        1753105946.7924216,
        1753105946.802478,
        1753105946.8125384,
        1753105946.8226037,
        1753105946.832678,
        1753105946.8427467,
        1753105946.8528666,
        1753105946.862824,
        1753105946.87287,
        1753105946.8830283,
        1753105946.8930826,
        1753105946.9030418,
        1753105946.9130719,
        1753105946.9231184,
        1753105946.9332855,
        1753105946.9433196,
        1753105946.9533253,
        1753105946.963383,
        1753105946.9734516,
        1753105946.9836152,
        1753105946.993627,
        1753105947.0036001,
        1753105947.013725,
        1753105947.0237782,
        1753105947.0337996,
        1753105947.0438817,
        1753105947.0539424,
        1753105947.0641053,
        1753105947.0741258,
        1753105947.0841775,
        1753105947.0941865,
        1753105947.1041877,
        1753105947.1143308,
        1753105947.1243165,
        1753105947.134379,
        1753105947.1444147,
        1753105947.1546006,
        1753105947.1645453,
        1753105947.1746595,
        1753105947.1847444,
        1753105947.1947517,
        1753105947.2047534,
        1753105947.2148597,
        1753105947.2249975,
        1753105947.2351272,
        1753105947.2451012,
        1753105947.255178,
        1753105947.2651553,
        1753105947.275195,
        1753105947.2853305,
        1753105947.2953568,
        1753105947.3053515,
        1753105947.3154545,
        1753105947.3254862,
        1753105947.3355315,
        1753105947.3456807,
        1753105947.3557403,
        1753105947.365714,
        1753105947.375791,
        1753105947.3859367,
        1753105947.396196,
        1753105947.4060607,
        1753105947.4160762,
        1753105947.426221,
        1753105947.4361844,
        1753105947.4462903,
        1753105947.4562657,
        1753105947.4662812,
        1753105947.4763618,
        1753105947.48664,
        1753105947.4966772,
        1753105947.5065703,
        1753105947.5166726,
        1753105947.5267313,
        1753105947.5369048,
        1753105947.5468597,
        1753105947.5568821,
        1753105947.566944,
        1753105947.577121,
        1753105947.587209,
        1753105947.5971196,
        1753105947.6071916,
        1753105947.6172597,
        1753105947.6278794,
        1753105947.6373038,
        1753105947.647426,
        1753105947.6575325,
        1753105947.6675599,
        1753105947.6775973,
        1753105947.6876404,
        1753105947.6977165,
        1753105947.7077398,
        1753105947.7179224,
        1753105947.7279341,
        1753105947.7379131,
        1753105947.7480643,
        1753105947.758087,
        1753105947.7680542,
        1753105947.7780974,
        1753105947.7882044,
        1753105947.7982283,
        1753105947.8082883,
        1753105947.8183994,
        1753105947.8284342,
        1753105947.8386676,
        1753105947.848826,
        1753105947.8588746,
        1753105947.8689177,
        1753105947.8787827,
        1753105947.888941,
        1753105947.8989038,
        1753105947.908935,
        1753105947.9191053,
        1753105947.9291182,
        1753105947.9391518,
        1753105947.9492302,
        1753105947.9593282,
        1753105947.9693067,
        1753105947.9793935,
        1753105947.989486,
        1753105947.9995623,
        1753105948.0098183,
        1753105948.01968,
        1753105948.0298307,
        1753105948.0398004,
        1753105948.0499232,
        1753105948.0599058,
        1753105948.0699968,
        1753105948.0801146,
        1753105948.0902069,
        1753105948.10016,
        1753105948.110268,
        1753105948.1204872,
        1753105948.1303883,
        1753105948.140314,
        1753105948.150473,
        1753105948.1605113,
        1753105948.1706042,
        1753105948.1806183,
        1753105948.1906927,
        1753105948.2007442,
        1753105948.2108333,
        1753105948.2209425,
        1753105948.2309527,
        1753105948.2410116,
        1753105948.251211,
        1753105948.2611144,
        1753105948.271137,
        1753105948.2812016,
        1753105948.291319,
        1753105948.3013332,
        1753105948.3114147,
        1753105948.3214824,
        1753105948.3315532,
        1753105948.3417058,
        1753105948.3516984,
        1753105948.3616803,
        1753105948.3717644,
        1753105948.3818998,
        1753105948.391874,
        1753105948.4019067,
        1753105948.4120655,
        1753105948.4221354,
        1753105948.432113,
        1753105948.442153,
        1753105948.4521954,
        1753105948.4622598,
        1753105948.4723759,
        1753105948.4824922,
        1753105948.4928634,
        1753105948.5025446,
        1753105948.512601,
        1753105948.522745,
        1753105948.532739,
        1753105948.5432339,
        1753105948.5528443,
        1753105948.5629253,
        1753105948.5729697,
        1753105948.5830362,
        1753105948.5930343,
        1753105948.6030998,
        1753105948.61313,
        1753105948.623165,
        1753105948.633233,
        1753105948.6433454,
        1753105948.6534166,
        1753105948.6634443,
        1753105948.673491,
        1753105948.6835864,
        1753105948.6937459,
        1753105948.7036142,
        1753105948.7137408,
        1753105948.723824,
        1753105948.7339277,
        1753105948.743909,
        1753105948.7540035,
        1753105948.7640789,
        1753105948.7740977,
        1753105948.7841947,
        1753105948.7941694,
        1753105948.8042297,
        1753105948.8144095,
        1753105948.824448,
        1753105948.834463,
        1753105948.8445086,
        1753105948.854618,
        1753105948.8645737,
        1753105948.8746426,
        1753105948.884717,
        1753105948.894798,
        1753105948.9049373,
        1753105948.9149425,
        1753105948.925008,
        1753105948.935109,
        1753105948.945108,
        1753105948.9551518,
        1753105948.9651947,
        1753105948.9753017,
        1753105948.9854953,
        1753105948.9953842,
        1753105949.0054095,
        1753105949.0154636,
        1753105949.025587,
        1753105949.0356424,
        1753105949.0456655,
        1753105949.0558047,
        1753105949.065911,
        1753105949.0760448,
        1753105949.0860832,
        1753105949.096025,
        1753105949.106198,
        1753105949.1162634,
        1753105949.1261692,
        1753105949.1361682,
        1753105949.1463628,
        1753105949.1565533,
        1753105949.1664042,
        1753105949.1764872,
        1753105949.1865318,
        1753105949.1967597,
        1753105949.2066343,
        1753105949.216788,
        1753105949.2267146,
        1753105949.2367973,
        1753105949.2468421,
        1753105949.2569208,
        1753105949.2669604,
        1753105949.277145,
        1753105949.28709,
        1753105949.2970934
    ],
    "set_target_data": [
        {
            "head": [
                [
                    0.9677658776753281,
                    0.24767145209700653,
                    -0.045695271346851134,
                    -0.01864622494096667
                ],
                [
                    -0.2512913411331933,
                    0.9616814107578041,
                    -0.1096427201156602,
                    -0.007877726873561782
                ],
                [
                    0.016788921310889222,
                    0.11759130928363765,
                    0.9929201458839361,
                    0.009991914076553261
                ],
                [
                    0.0,
                    0.0,
                    0.0,
                    1.0
                ]
            ],
            "antennas": [
                0.0,
                0.0
            ],
            "body_yaw": 0.2681879916749186,
            "check_collision": false
        },
        {
            "head": [
                [
                    0.9668470930791512,
                    0.2510158247886799,
                    -0.046880212350778265,
                    -0.01859500490135682
                ],
                [
                    -0.25476416810616986,
                    0.960703358972486,
                    -0.11020106491388335,
                    -0.007836088039287491
                ],
                [
                    0.01737576627278683,
                    0.11849097756640156,
                    0.9928030877176964,
                    0.009960470859473276
                ],
                [
                    0.0,
                    0.0,
                    0.0,
                    1.0
                ]
            ],
            "antennas": [
                0.0,
                0.0
            ],
            "body_yaw": 0.2681879916749186,
            "check_collision": false
        },
        {
            "head": [
                [
                    0.9659270910945256,
                    0.25442660956838126,
                    -0.047454768287350985,
                    -0.01853530543724524
                ],
                [
                    -0.2582219907274177,
                    0.9597762794289558,
                    -0.11023110699924969,
                    -0.007841988353560835
                ],
                [
                    0.017500234125208364,
                    0.11872907726858277,
                    0.9927724553071129,
                    0.010073749947129791
                ],
                [
                    0.0,
                    0.0,
                    0.0,
                    1.0
                ]
            ],
            "antennas": [
                0.0,
                0.0
            ],
            "body_yaw": 0.2681879916749186,
            "check_collision": false
        },
        {
            "head": [
                [
                    0.9652443991504759,
                    0.2569489208295641,
                    -0.047754601800868365,
                    -0.018518909465129286
                ],
                [
                    -0.2607672390145034,
                    0.9590658737449401,
                    -0.1104223567698483,
                    -0.007825377664277901
                ],
                [
                    0.017426903494021883,
                    0.11903739707494115,
                    0.9927368237011424,
                    0.010040149238735037
                ],
                [
                    0.0,
                    0.0,
                    0.0,
                    1.0
                ]
            ],
            "antennas": [
                0.0,
                0.0
            ],
            "body_yaw": 0.2681879916749186,
            "check_collision": false
        },
        {
            "head": [
                [
                    0.9647502125484008,
                    0.25878211268438855,
                    -0.047841880632137,
                    -0.01842075726864575
                ],
                [
                    -0.2626093233952074,
                    0.9584949120169536,
                    -0.11101282314905483,
                    -0.007847390159182285
                ],
                [
                    0.01712806625765495,
                    0.11966336863140847,
                    0.9926667656137464,
                    0.010031408295751339
                ],
                [
                    0.0,
                    0.0,
                    0.0,
                    1.0
                ]
            ],
            "antennas": [
                0.0,
                0.0
            ],
            "body_yaw": 0.2681879916749186,
            "check_collision": false
        },
        {
            "head": [
                [
                    0.9642750967983275,
                    0.26057971148675557,
                    -0.047662896009950606,
                    -0.018383045810297986
                ],
                [
                    -0.2643892064977356,
                    0.9578984902371505,
                    -0.111932255801826,
                    -0.007830864058139788
                ],
                [
                    0.016488941205360458,
                    0.12053504205361584,
                    0.9925721225457922,
                    0.009987556498774426
                ],
                [
                    0.0,
                    0.0,
                    0.0,
                    1.0
                ]
            ],
            "antennas": [
                0.0,
                0.0
            ],
            "body_yaw": 0.2681879916749186,
            "check_collision": false
        },
        {
            "head": [
                [
                    0.9636825864134149,
                    0.2628243473369877,
                    -0.04732055674268164,
                    -0.018385419813161337
                ],
                [
                    -0.26659331502933425,
                    0.9571717478768196,
                    -0.11291700247572978,
                    -0.00768520947818592
                ],
                [
                    0.015616562528964109,
                    0.12143149308692647,
                    0.9924769596627714,
                    0.00981881901882548
                ],
                [
                    0.0,
                    0.0,
                    0.0,
                    1.0
                ]
            ],
            "antennas": [
                0.0,
                0.0
            ],
            "body_yaw": 0.2681879916749186,
            "check_collision": false
        },
        {
            "head": [
                [
                    0.9631229963225728,
                    0.26490640802787635,
                    -0.04710296105764415,
                    -0.01834245854659616
                ],
                [
                    -0.26864617852510675,
                    0.9565091187410525,
                    -0.11366413915159003,
                    -0.007635746915573126
                ],
                [
                    0.014944052947112898,
                    0.12212657675945825,
                    0.9924020226352476,
                    0.009776536018052734
                ],
                [
                    0.0,
                    0.0,
                    0.0,
                    1.0
                ]
            ],
            "antennas": [
                0.0,
                0.0
            ],
            "body_yaw": 0.2681879916749186,
            "check_collision": false
        },
        {
            "head": [
                [
                    0.9626952018419491,
                    0.26654327631475994,
                    -0.046611481438399556,
                    -0.018212074586208896
                ],
                [
                    -0.2702123828188824,
                    0.9560626379168726,
                    -0.11370796168594564,
                    -0.007792660073040589
                ],
                [
                    0.014255403250364479,
                    0.12206110859247611,
                    0.9924202080002932,
                    0.009874290906187638
                ],
                [
                    0.0,
                    0.0,
                    0.0,
                    1.0
                ]
            ],
            "antennas": [
                0.0,
                0.0
            ],
            "body_yaw": 0.2681879916749186,
            "check_collision": false
        },
        {
            "head": [
                [
                    0.9619776185427866,
                    0.26916990261373347,
                    -0.04633168407971606,
                    -0.01816766387222534
                ],
                [
                    -0.2727972905667964,
                    0.9552357884004369,
                    -0.11448243017341646,
                    -0.007725914875739331
                ],
                [
                    0.013442458189045478,
                    0.12276869342755732,
                    0.9923442690074482,
                    0.009840653222656098
                ],
                [
                    0.0,
                    0.0,
                    0.0,
                    1.0
                ]
            ],
            "antennas": [
                0.0,
                0.0
            ],
            "body_yaw": 0.2681879916749186,
            "check_collision": false
        },
        {
            "head": [
                [
                    0.961151791940754,
                    0.2721187021231532,
                    -0.04624548414589491,
                    -0.018216812590375386
                ],
                [
                    -0.2757214005702338,
                    0.9543349521824396,
                    -0.1149891660571961,
                    -0.007609324827318588
                ],
                [
                    0.012842979275318443,
                    0.12327291266840164,
                    0.9922896990725956,
                    0.00971352787336816
                ],
                [
                    0.0,
                    0.0,
                    0.0,
                    1.0
                ]
            ],
            "antennas": [
                0.0,
                0.0
            ],
            "body_yaw": 0.2681879916749186,
            "check_collision": false
        },
        {
            "head": [
                [
                    0.9603433436967304,
                    0.27489572568588233,
                    -0.04661547186305778,
                    -0.018219053452356186
                ],
                [
                    -0.2785327624899004,
                    0.9534392630295097,
                    -0.11564199900334605,
                    -0.007535520618380728
                ],
                [
                    0.012655529903095757,
                    0.12403996014743503,
                    0.9921965157414605,
                    0.009688504363990663
                ],
                [
                    0.0,
                    0.0,
                    0.0,
                    1.0
                ]
            ],
            "antennas": [
                0.0,
                0.0
            ],
            "body_yaw": 0.2681879916749186,
            "check_collision": false
        },
        {
            "head": [
                [
                    0.9596033003655223,
                    0.27739430647353414,
                    -0.04705214834270677,
                    -0.0181957837435136
                ],
                [
                    -0.2810829960985306,
                    0.9525423406831989,
                    -0.11685648681201322,
                    -0.0074997611519315045
                ],
                [
                    0.012403839400382904,
                    0.12536142924296856,
                    0.9920335966217524,
                    0.00960276589161097
                ],
                [
                    0.0,
                    0.0,
                    0.0,
                    1.0
                ]
            ],
            "antennas": [
                0.0,
                0.0
            ],
            "body_yaw": 0.2681879916749186,
            "check_collision": false
        },
        {
            "head": [
                [
                    0.9589323634271542,
                    0.2795652316671973,
                    -0.04787487456776094,
                    -0.0181876868712074
                ],
                [
                    -0.28335899539487625,
                    0.9516966811842799,
                    -0.11824173016170682,
                    -0.0074397530152128495
                ],
                [
                    0.012506082552863972,
                    0.12695159812185777,
                    0.9918300709463731,
                    0.00959599238922299
                ],
                [
                    0.0,
                    0.0,
                    0.0,
                    1.0
                ]
            ],
            "antennas": [
                0.0,
                0.0
            ],
            "body_yaw": 0.2681879916749186,
            "check_collision": false
        },
        {
            "head": [
                [
                    0.9584069860963816,
                    0.2812541055563256,
                    -0.048499248544295444,
                    -0.0181492136176747
                ],
                [
                    -0.2851341124370852,
                    0.9509740382276058,
                    -0.11977861470978661,
                    -0.007384761100863262
                ],
                [
                    0.012433299094196201,
                    0.12862545131034958,
                    0.9916153015907142,
                    0.009617900220085301
                ],
                [
                    0.0,
                    0.0,
                    0.0,
                    1.0
                ]
            ],
            "antennas": [
                0.0,
                0.0
            ],
            "body_yaw": 0.2681879916749186,
            "check_collision": false
        },
        {
            "head": [
                [
                    0.9580270289024323,
                    0.28247821355258623,
                    -0.048890395381077714,
                    -0.018123308464975212
                ],
                [
                    -0.28641328317244624,
                    0.9504467983394482,
                    -0.12090622295263685,
                    -0.0073389624579258215
                ],
                [
                    0.012314345892443502,
                    0.1298342882078232,
                    0.9914592349112542,
                    0.009587857339285416
                ],
                [
                    0.0,
                    0.0,
                    0.0,
                    1.0
                ]
            ],
            "antennas": [
                0.0,
                0.0
            ],
            "body_yaw": 0.2681879916749186,
            "check_collision": false
        },
        {
            "head": [
                [
                    0.957455439003034,
                    0.284412932377112,
                    -0.048870913846173474,
                    -0.018072657558007944
                ],
                [
                    -0.2883403869328696,
                    0.9497550813275115,
                    -0.12175839501231696,
                    -0.0072020503308159916
                ],
                [
                    0.011785736587538495,
                    0.13066969575699133,
                    0.9913559033081232,
                    0.009579548593080195
                ],
                [
                    0.0,
                    0.0,
                    0.0,
                    1.0
                ]
            ],
            "antennas": [
                0.0,
                0.0
            ],
            "body_yaw": 0.2681879916749186,
            "check_collision": false
        },
        {
            "head": [
                [
                    0.9568036594982493,
                    0.286597760708363,
                    -0.048872085362817154,
                    -0.017989015754847452
                ],
                [
                    -0.2905145844282046,
                    0.9490162118332763,
                    -0.12234993221136622,
                    -0.007160968051578862
                ],
                [
                    0.01131518472081567,
                    0.13126291644851648,
                    0.9912830137554884,
                    0.009541588114857063
                ],
                [
                    0.0,
                    0.0,
                    0.0,
                    1.0
                ]
            ],
            "antennas": [
                0.0,
                0.0
            ],
            "body_yaw": 0.2681879916749186,
            "check_collision": false
        },
        {
            "head": [
                [
                    0.9558823305366358,
                    0.28963154091506715,
                    -0.04901571865242059,
                    -0.017938586174715665
                ],
                [
                    -0.29354908064039353,
                    0.9480050452553045,
                    -0.12294458680912984,
                    -0.007011249457362412
                ],
                [
                    0.010858518454614736,
                    0.13190907731332102,
                    0.991202344579208,
                    0.009437839748714821
                ],
                [
                    0.0,
                    0.0,
                    0.0,
                    1.0
                ]
            ],
            "antennas": [
                0.0,
                0.0
            ],
            "body_yaw": 0.2681879916749186,
            "check_collision": false
        },
        {
            "head": [
                [
                    0.954960774425363,
                    0.2926012364321446,
                    -0.04934000149261808,
                    -0.017840906950378963
                ],
                [
                    -0.29654536322747743,
                    0.9469717936687123,
                    -0.12371446780447883,
                    -0.006984499756726481
                ],
                [
                    0.01052458346894623,
                    0.1327740126464594,
                    0.9910904573794277,
                    0.009412474406988064
                ],
                [
                    0.0,
                    0.0,
                    0.0,
                    1.0
                ]
            ],
            "antennas": [
                0.0,
                0.0
            ],
            "body_yaw": 0.2681879916749186,
            "check_collision": false
        },
        {
            "head": [
                [
                    0.95421389800612,
                    0.2949776797259196,
                    -0.04963874812562104,
                    -0.017838263324281053
                ],
                [
                    -0.29894844271104926,
                    0.9461304280918783,
                    -0.1243665615803446,
                    -0.00680411926575109
                ],
                [
                    0.010279370243578001,
                    0.1335117279574792,
                    0.9909939218003325,
                    0.009266393950276624
                ],
                [
                    0.0,
                    0.0,
                    0.0,
                    1.0
                ]
            ],
            "antennas": [
                0.0,
                0.0
            ],
            "body_yaw": 0.2681879916749186,
            "check_collision": false
        },
        {
            "head": [
                [
                    0.9537030839936019,
                    0.2966704717903032,
                    -0.049366575218576535,
                    -0.01780124669443066
                ],
                [
                    -0.3005943289990404,
                    0.9455578650283486,
                    -0.12475324948332134,
                    -0.006795176314392951
                ],
                [
                    0.009668348085848266,
                    0.13381687132327547,
                    0.9909589133735771,
                    0.009230539460227732
                ],
                [
                    0.0,
                    0.0,
                    0.0,
                    1.0
                ]
            ],
            "antennas": [
                0.0,
                0.0
            ],
            "body_yaw": 0.2681879916749186,
            "check_collision": false
        },
        {
            "head": [
                [
                    0.9532042875121751,
                    0.29831100994671633,
                    -0.04911341581458969,
                    -0.017767184636740343
                ],
                [
                    -0.3021922261782527,
                    0.9449726043429826,
                    -0.12532611650678707,
                    -0.006781361574925478
                ],
                [
                    0.009024672062653158,
                    0.13430308405174887,
                    0.9908992062305584,
                    0.009191986543109437
                ],
                [
                    0.0,
                    0.0,
                    0.0,
                    1.0
                ]
            ],
            "antennas": [
                0.0,
                0.0
            ],
            "body_yaw": 0.2681879916749186,
            "check_collision": false
        },
        {
            "head": [
                [
                    0.9526275073032471,
                    0.30020366103437535,
                    -0.04877083381243093,
                    -0.01765622706238966
                ],
                [
                    -0.3040315782177594,
                    0.9442374361979937,
                    -0.12641385813532563,
                    -0.006796198338495753
                ],
                [
                    0.0081013440625833,
                    0.13525319213903098,
                    0.990777947998734,
                    0.009093999028876814
                ],
                [
                    0.0,
                    0.0,
                    0.0,
                    1.0
                ]
            ],
            "antennas": [
                0.0,
                0.0
            ],
            "body_yaw": 0.2681879916749186,
            "check_collision": false
        },
        {
            "head": [
                [
                    0.9518924851020458,
                    0.3025119632534372,
                    -0.04885907177590111,
                    -0.017566013785651792
                ],
                [
                    -0.3063392525641163,
                    0.9433566736526355,
                    -0.1274144756826847,
                    -0.0067780610936849575
                ],
                [
