{
    "description": "TODO: Add a description of the recording. You can add as much as you want, even if the wording is not perfect.",
    "time": [
        1753105781.965427,
        1753105781.97545,
        1753105781.985458,
        1753105781.9956057,
        1753105782.0055134,
        1753105782.0157225,
        1753105782.0257082,
        1753105782.035633,
        1753105782.045845,
        1753105782.0559804,
        1753105782.065856,
        1753105782.0759602,
        1753105782.0860233,
        1753105782.096073,
        1753105782.1061406,
        1753105782.1161554,
        1753105782.1262343,
        1753105782.1363568,
        1753105782.1463869,
        1753105782.1563983,
        1753105782.1664279,
        1753105782.1765325,
        1753105782.1866522,
        1753105782.1966202,
        1753105782.2067144,
        1753105782.216851,
        1753105782.2268305,
        1753105782.2368166,
        1753105782.2469702,
        1753105782.2571607,
        1753105782.2671123,
        1753105782.2771008,
        1753105782.2872949,
        1753105782.2973654,
        1753105782.3072903,
        1753105782.3173888,
        1753105782.327435,
        1753105782.3374405,
        1753105782.347694,
        1753105782.357668,
        1753105782.3676214,
        1753105782.377824,
        1753105782.3877714,
        1753105782.3978963,
        1753105782.407939,
        1753105782.4180188,
        1753105782.4280953,
        1753105782.438078,
        1753105782.4481502,
        1753105782.4582255,
        1753105782.46825,
        1753105782.4783294,
        1753105782.4887495,
        1753105782.4986665,
        1753105782.5086432,
        1753105782.5188868,
        1753105782.5293825,
        1753105782.5387924,
        1753105782.5494287,
        1753105782.5590293,
        1753105782.5690103,
        1753105782.5790508,
        1753105782.5891654,
        1753105782.599095,
        1753105782.6091728,
        1753105782.6192937,
        1753105782.629282,
        1753105782.639308,
        1753105782.6494594,
        1753105782.6594613,
        1753105782.6694262,
        1753105782.679549,
        1753105782.6897035,
        1753105782.6996257,
        1753105782.709734,
        1753105782.719813,
        1753105782.72992,
        1753105782.7398813,
        1753105782.7499933,
        1753105782.7600799,
        1753105782.7700882,
        1753105782.780194,
        1753105782.7902071,
        1753105782.800209,
        1753105782.8103678,
        1753105782.8204463,
        1753105782.83042,
        1753105782.8406649,
        1753105782.8506227,
        1753105782.8606415,
        1753105782.8706396,
        1753105782.880763,
        1753105782.890831,
        1753105782.900877,
        1753105782.9109457,
        1753105782.921009,
        1753105782.9311314,
        1753105782.9411387,
        1753105782.9512002,
        1753105782.9612703,
        1753105782.9713004,
        1753105782.9814537,
        1753105782.9915128,
        1753105783.00146,
        1753105783.0116313,
        1753105783.0216618,
        1753105783.0316684,
        1753105783.0418594,
        1753105783.0518687,
        1753105783.062015,
        1753105783.0719414,
        1753105783.0820985,
        1753105783.0921004,
        1753105783.102196,
        1753105783.1123283,
        1753105783.1223147,
        1753105783.1322913,
        1753105783.1423528,
        1753105783.1525295,
        1753105783.1625085,
        1753105783.1725607,
        1753105783.182619,
        1753105783.1930351,
        1753105783.2027397,
        1753105783.2128668,
        1753105783.2237031,
        1753105783.2330127,
        1753105783.2430077,
        1753105783.253058,
        1753105783.2630856,
        1753105783.2731411,
        1753105783.2832162,
        1753105783.2932968,
        1753105783.3033655,
        1753105783.3134735,
        1753105783.3236122,
        1753105783.3334355,
        1753105783.3435628,
        1753105783.3538437,
        1753105783.3638353,
        1753105783.3737402,
        1753105783.3838515,
        1753105783.3939173,
        1753105783.4040453,
        1753105783.4140732,
        1753105783.4241214,
        1753105783.4340825,
        1753105783.4443367,
        1753105783.454402,
        1753105783.464384,
        1753105783.4744241,
        1753105783.4846509,
        1753105783.4948883,
        1753105783.504982,
        1753105783.5150623,
        1753105783.5248044,
        1753105783.5348306,
        1753105783.5449667,
        1753105783.5550418,
        1753105783.5650218,
        1753105783.5750437,
        1753105783.5851378,
        1753105783.595174,
        1753105783.6051984,
        1753105783.6154783,
        1753105783.6255252,
        1753105783.6356819,
        1753105783.6457076,
        1753105783.6558495,
        1753105783.6657586,
        1753105783.675803,
        1753105783.6859546,
        1753105783.6965718,
        1753105783.7068186,
        1753105783.7162879,
        1753105783.726191,
        1753105783.73616,
        1753105783.7462645,
        1753105783.7563229,
        1753105783.7664142,
        1753105783.7764611,
        1753105783.786537,
        1753105783.7965374,
        1753105783.8066072,
        1753105783.8167436,
        1753105783.8267813,
        1753105783.83678,
        1753105783.8468955,
        1753105783.8570187,
        1753105783.8669546,
        1753105783.877029,
        1753105783.887798,
        1753105783.897457,
        1753105783.9073448,
        1753105783.9173744,
        1753105783.92737,
        1753105783.9373848,
        1753105783.9475367,
        1753105783.95754,
        1753105783.967579,
        1753105783.9778266,
        1753105783.987753,
        1753105783.9977925,
        1753105784.0079014,
        1753105784.0179968,
        1753105784.028076,
        1753105784.0380375,
        1753105784.0480905,
        1753105784.0581512,
        1753105784.0681984,
        1753105784.0782533,
        1753105784.0883265,
        1753105784.0983636,
        1753105784.1086533,
        1753105784.1187878,
        1753105784.1285906,
        1753105784.138635,
        1753105784.1487093,
        1753105784.1588159,
        1753105784.1688879,
        1753105784.1788898,
        1753105784.1889393,
        1753105784.1989968,
        1753105784.2091372,
        1753105784.2191365,
        1753105784.2292047,
        1753105784.2392373,
        1753105784.2493517,
        1753105784.2593963,
        1753105784.2694037,
        1753105784.2795272,
        1753105784.2895677,
        1753105784.2995677,
        1753105784.309738,
        1753105784.3198023,
        1753105784.3298647,
        1753105784.3398054,
        1753105784.3499143,
        1753105784.3600209,
        1753105784.3702538,
        1753105784.380227,
        1753105784.3901658,
        1753105784.4001746,
        1753105784.4104319,
        1753105784.4204247,
        1753105784.4304216,
        1753105784.440436,
        1753105784.4505181,
        1753105784.460598,
        1753105784.4705596,
        1753105784.4807775,
        1753105784.490894,
        1753105784.5008063,
        1753105784.511405,
        1753105784.520954,
        1753105784.5310254,
        1753105784.5410619,
        1753105784.551649,
        1753105784.561496,
        1753105784.5712266,
        1753105784.5813777,
        1753105784.5913591,
        1753105784.6013498,
        1753105784.611471,
        1753105784.62156,
        1753105784.631616,
        1753105784.6417296,
        1753105784.6517587,
        1753105784.6617754,
        1753105784.6717901,
        1753105784.6819525,
        1753105784.6919389,
        1753105784.701977,
        1753105784.7121475,
        1753105784.722133,
        1753105784.7321424,
        1753105784.742217,
        1753105784.752255,
        1753105784.7623563,
        1753105784.7723925,
        1753105784.782467,
        1753105784.792527,
        1753105784.8026102,
        1753105784.8126464,
        1753105784.8228383,
        1753105784.8327887,
        1753105784.842895,
        1753105784.8530395,
        1753105784.8629994,
        1753105784.8730314,
        1753105784.8830771,
        1753105784.8931775,
        1753105784.9032757,
        1753105784.9132843,
        1753105784.9234226,
        1753105784.9333825,
        1753105784.9435549,
        1753105784.9535758,
        1753105784.9635768,
        1753105784.973605,
        1753105784.98374,
        1753105784.9938002,
        1753105785.0038126,
        1753105785.0139165,
        1753105785.0240386,
        1753105785.0339928,
        1753105785.044123,
        1753105785.054119,
        1753105785.0642738,
        1753105785.0742617,
        1753105785.0843225,
        1753105785.094388,
        1753105785.1044843,
        1753105785.1148524,
        1753105785.1245944,
        1753105785.1346238,
        1753105785.1446984,
        1753105785.154783,
        1753105785.1648011,
        1753105785.1748765,
        1753105785.1849506,
        1753105785.1950803,
        1753105785.2050295,
        1753105785.2151184,
        1753105785.2251945,
        1753105785.2352571,
        1753105785.2453074,
        1753105785.2554216,
        1753105785.2656317,
        1753105785.2755642,
        1753105785.2856524,
        1753105785.2956607,
        1753105785.3057146,
        1753105785.3158283,
        1753105785.32588,
        1753105785.3358603,
        1753105785.3459787,
        1753105785.3560042,
        1753105785.3660574,
        1753105785.3762434,
        1753105785.386174,
        1753105785.3963006,
        1753105785.4063807,
        1753105785.4164438,
        1753105785.426489,
        1753105785.436492,
        1753105785.4467554,
        1753105785.4569366,
        1753105785.4668229,
        1753105785.4769344,
        1753105785.4869995,
        1753105785.49698,
        1753105785.5070324,
        1753105785.5170598,
        1753105785.5275893,
        1753105785.5371294,
        1753105785.5472872,
        1753105785.5574346,
        1753105785.567291,
        1753105785.577397,
        1753105785.5875325,
        1753105785.597504,
        1753105785.6079705,
        1753105785.618,
        1753105785.6283453,
        1753105785.638194,
        1753105785.6482377,
        1753105785.6583138,
        1753105785.668331,
        1753105785.678399,
        1753105785.6884344,
        1753105785.6984863,
        1753105785.7085893,
        1753105785.7186751,
        1753105785.7287626,
        1753105785.7387567,
        1753105785.7488482,
        1753105785.758948,
        1753105785.7689435,
        1753105785.7790759,
        1753105785.789095,
        1753105785.7990928,
        1753105785.809163,
        1753105785.8192394,
        1753105785.829465,
        1753105785.8395162,
        1753105785.8495564,
        1753105785.8595788,
        1753105785.8695538,
        1753105785.8797174,
        1753105785.8897524,
        1753105785.8997478,
        1753105785.9098184,
        1753105785.9198954,
        1753105785.9300034,
        1753105785.9399788,
        1753105785.9500108,
        1753105785.9601338,
        1753105785.9701245,
        1753105785.980277,
        1753105785.9902933,
        1753105786.000258,
        1753105786.0104005,
        1753105786.0204332,
        1753105786.0305135,
        1753105786.040547,
        1753105786.0506454,
        1753105786.0606616,
        1753105786.070707,
        1753105786.0808108,
        1753105786.0908337,
        1753105786.1008587,
        1753105786.1110988,
        1753105786.1210232,
        1753105786.1312206,
        1753105786.141111,
        1753105786.1511915,
        1753105786.1612608,
        1753105786.1712763,
        1753105786.1814919,
        1753105786.1914392,
        1753105786.2014687,
        1753105786.211564,
        1753105786.2216663,
        1753105786.231669,
        1753105786.2417147,
        1753105786.251777,
        1753105786.2619138,
        1753105786.2719178,
        1753105786.2820582,
        1753105786.2920737,
        1753105786.3020523,
        1753105786.3121908,
        1753105786.3222098,
        1753105786.3322217,
        1753105786.3422956,
        1753105786.352362,
        1753105786.3623857,
        1753105786.3724892,
        1753105786.3826017,
        1753105786.3926265,
        1753105786.4026487,
        1753105786.4127526,
        1753105786.422785,
        1753105786.43285,
        1753105786.4429274,
        1753105786.4529603,
        1753105786.4630728,
        1753105786.4731517,
        1753105786.4833143,
        1753105786.4933147,
        1753105786.5032763,
        1753105786.5133843,
        1753105786.5234892,
        1753105786.5339766,
        1753105786.5445378,
        1753105786.554098,
        1753105786.5641847,
        1753105786.5742297,
        1753105786.5842605,
        1753105786.5950382,
        1753105786.6045227,
        1753105786.6144807,
        1753105786.6245818,
        1753105786.6345859,
        1753105786.6447368,
        1753105786.6548903,
        1753105786.6647823,
        1753105786.6748269,
        1753105786.6848469,
        1753105786.6949017,
        1753105786.7049572,
        1753105786.7150688,
        1753105786.7251167,
        1753105786.7352114,
        1753105786.7451708,
        1753105786.7552965,
        1753105786.765251,
        1753105786.7753682,
        1753105786.7854888,
        1753105786.7955341,
        1753105786.8055406,
        1753105786.8158615,
        1753105786.8257349,
        1753105786.835715,
        1753105786.8458562,
        1753105786.8559291,
        1753105786.8659902,
        1753105786.8760078,
        1753105786.8861158,
        1753105786.8961558,
        1753105786.9062455,
        1753105786.9163015,
        1753105786.926326,
        1753105786.936393,
        1753105786.946478,
        1753105786.9567502,
        1753105786.9667592,
        1753105786.9768717,
        1753105786.9867592,
        1753105786.9967585,
        1753105787.0067787,
        1753105787.016854,
        1753105787.0270123,
        1753105787.0370429,
        1753105787.047227,
        1753105787.0571058,
        1753105787.0671515,
        1753105787.077254,
        1753105787.0872567,
        1753105787.0973432,
        1753105787.1074321,
        1753105787.117501,
        1753105787.1275666,
        1753105787.1375759,
        1753105787.1476357,
        1753105787.1577125,
        1753105787.1678154,
        1753105787.1778238,
        1753105787.1879084,
        1753105787.1979165,
        1753105787.2079928,
        1753105787.218226,
        1753105787.2281027,
        1753105787.238146,
        1753105787.2481856,
        1753105787.2582896,
        1753105787.268357,
        1753105787.2783978,
        1753105787.2885177,
        1753105787.2985375,
        1753105787.3085577,
        1753105787.3186164,
        1753105787.3287117,
        1753105787.338736,
        1753105787.3488889,
        1753105787.3588805,
        1753105787.3689103,
        1753105787.3790298,
        1753105787.3890948,
        1753105787.3991191,
        1753105787.4091878,
        1753105787.4192042,
        1753105787.429301,
        1753105787.4393532,
        1753105787.4493651,
        1753105787.4595084,
        1753105787.469503,
        1753105787.479572,
        1753105787.489815,
        1753105787.4996705,
        1753105787.5098567,
        1753105787.5198505,
        1753105787.5298903,
        1753105787.5399556,
        1753105787.5501337,
        1753105787.56011,
        1753105787.5700994,
        1753105787.5802195,
        1753105787.5903075,
        1753105787.6002548,
        1753105787.6104121,
        1753105787.6210148,
        1753105787.6315482,
        1753105787.641094,
        1753105787.6512494,
        1753105787.6612294,
        1753105787.6711793,
        1753105787.6813953,
        1753105787.6913714,
        1753105787.701392,
        1753105787.7115693,
        1753105787.7215602,
        1753105787.7315776,
        1753105787.7416825,
        1753105787.7517684,
        1753105787.7618394,
        1753105787.7718477,
        1753105787.7819371,
        1753105787.792226,
        1753105787.8020937,
        1753105787.8120873,
        1753105787.8221252,
        1753105787.8321505,
        1753105787.842392,
        1753105787.8524373,
        1753105787.8623834,
        1753105787.8724463,
        1753105787.8824964,
        1753105787.892607,
        1753105787.902597,
        1753105787.9128113,
        1753105787.9228036,
        1753105787.9328794,
        1753105787.9429345,
        1753105787.952952,
        1753105787.963037,
        1753105787.9730582,
        1753105787.9831252,
        1753105787.9931874,
        1753105788.0031786,
        1753105788.0132363,
        1753105788.0234807,
        1753105788.0333595,
        1753105788.0435998,
        1753105788.0535092,
        1753105788.063655,
        1753105788.0736606,
        1753105788.0836608,
        1753105788.0937455,
        1753105788.1037858,
        1753105788.1139598,
        1753105788.1239448,
        1753105788.1339638,
        1753105788.1441317,
        1753105788.1541271,
        1753105788.1641595,
        1753105788.1741416,
        1753105788.1841662,
        1753105788.194396,
        1753105788.2043462,
        1753105788.2145662,
        1753105788.2244737,
        1753105788.2345078,
        1753105788.244652,
        1753105788.254689,
        1753105788.264712,
        1753105788.2747822,
        1753105788.2850873
    ],
    "set_target_data": [
        {
            "head": [
                [
                    0.970786192020034,
                    0.2302028511295518,
                    0.06768173102888983,
                    -0.0020963409183694104
                ],
                [
                    -0.22975306779878785,
                    0.973141493659127,
                    -0.014462404915115785,
                    0.0065738016056916156
                ],
                [
                    -0.06919318767253882,
                    -0.0015101823428227672,
                    0.9976021361890742,
                    0.015240880932211879
                ],
                [
                    0.0,
                    0.0,
                    0.0,
                    1.0
                ]
            ],
            "antennas": [
                0.29029874164131314,
                -0.1266486636053521
            ],
            "body_yaw": 0.2816576213098778,
            "check_collision": false
        },
        {
            "head": [
                [
                    0.9708182114310282,
                    0.23000705433776847,
                    0.06788781414011054,
                    -0.0020812072007206257
                ],
                [
                    -0.22955545165320884,
                    0.9731877737830675,
                    -0.01448625470742355,
                    0.006549490194059487
                ],
                [
                    -0.06939953148365395,
                    -0.0015204979512869277,
                    0.9975877871725523,
                    0.015255080761687027
                ],
                [
                    0.0,
                    0.0,
                    0.0,
                    1.0
                ]
            ],
            "antennas": [
                0.29029874164131314,
                -0.1266486636053521
            ],
            "body_yaw": 0.2816576213098778,
            "check_collision": false
        },
        {
            "head": [
                [
                    0.970791312243162,
                    0.23011042854109764,
                    0.06792215212898088,
                    -0.0020837354154179637
                ],
                [
                    -0.22965957983621793,
                    0.973163302121496,
                    -0.014479806401956775,
                    0.006638825230225975
                ],
                [
                    -0.06943130030938403,
                    -0.0015421026615308675,
                    0.9975855434280961,
                    0.015208173161954556
                ],
                [
                    0.0,
                    0.0,
                    0.0,
                    1.0
                ]
            ],
            "antennas": [
                0.29029874164131314,
                -0.1266486636053521
            ],
            "body_yaw": 0.2816576213098778,
            "check_collision": false
        },
        {
            "head": [
                [
                    0.9707688368913475,
                    0.2301536735905954,
                    0.06809663613845682,
                    -0.0020757143190878874
                ],
                [
                    -0.22971461584560532,
                    0.973152732772413,
                    -0.01431621334326565,
                    0.006596404524259266
                ],
                [
                    -0.06956335664360722,
                    -0.0017450588349931864,
                    0.9975760092254305,
                    0.015229598855776464
                ],
                [
                    0.0,
                    0.0,
                    0.0,
                    1.0
                ]
            ],
            "antennas": [
                0.29029874164131314,
                -0.1266486636053521
            ],
            "body_yaw": 0.2816576213098778,
            "check_collision": false
        },
        {
            "head": [
                [
                    0.9707161788263591,
                    0.2303534556796835,
                    0.06817173623416047,
                    -0.0021074606321778364
                ],
                [
                    -0.22992127098023277,
                    0.973105241339857,
                    -0.01422668013743607,
                    0.006733633060897274
                ],
                [
                    -0.06961543877320771,
                    -0.0018640636594905568,
                    0.9975721607738895,
                    0.0151389901526271
                ],
                [
                    0.0,
                    0.0,
                    0.0,
                    1.0
                ]
            ],
            "antennas": [
                0.29029874164131314,
                -0.1266486636053521
            ],
            "body_yaw": 0.2816576213098778,
            "check_collision": false
        },
        {
            "head": [
                [
                    0.9707197610028023,
                    0.23031014339184513,
                    0.06826700117546261,
                    -0.0021022156928157953
                ],
                [
                    -0.22988561444536,
                    0.9731152461838913,
                    -0.014118141362958688,
                    0.006688566320736106
                ],
                [
                    -0.06968321081682563,
                    -0.0019888427019082956,
                    0.9975671880304432,
                    0.015153580144698368
                ],
                [
                    0.0,
                    0.0,
                    0.0,
                    1.0
                ]
            ],
            "antennas": [
                0.29029874164131314,
                -0.1266486636053521
            ],
            "body_yaw": 0.2816576213098778,
            "check_collision": false
        },
        {
            "head": [
                [
                    0.9707177300108538,
                    0.2302858919926629,
                    0.06837760299775462,
                    -0.002072370630312074
                ],
                [
                    -0.22985766080538297,
                    0.973121046517804,
                    -0.014173376209337799,
                    0.0068195460934167215
                ],
                [
                    -0.06980361317046886,
                    -0.0019587682960247954,
                    0.9975588297514638,
                    0.014968607067356258
                ],
                [
                    0.0,
                    0.0,
                    0.0,
                    1.0
                ]
            ],
            "antennas": [
                0.29029874164131314,
                -0.1266486636053521
            ],
            "body_yaw": 0.2816576213098778,
            "check_collision": false
        },
        {
            "head": [
                [
                    0.9707585496664451,
                    0.23007003958375127,
                    0.06852455862996218,
                    -0.002052347591508033
                ],
                [
                    -0.22963689444615143,
                    0.9731721946032871,
                    -0.014239956465843895,
                    0.0067794275922712
                ],
                [
                    -0.06996238245390951,
                    -0.0019122073509818035,
                    0.9975477976039142,
                    0.01495887475444602
                ],
                [
                    0.0,
                    0.0,
                    0.0,
                    1.0
                ]
            ],
            "antennas": [
                0.29029874164131314,
                -0.1266486636053521
            ],
            "body_yaw": 0.2816576213098778,
            "check_collision": false
        },
        {
            "head": [
                [
                    0.9707740615420669,
                    0.22990994602239492,
                    0.06884139857018126,
                    -0.0019945442829646873
                ],
                [
                    -0.2294638372662294,
                    0.9732102590030146,
                    -0.014427028742685843,
                    0.006731417691536699
                ],
                [
                    -0.07031407273211032,
                    -0.0017912261901664363,
                    0.9975232943067339,
                    0.014917676339416434
                ],
                [
                    0.0,
                    0.0,
                    0.0,
                    1.0
                ]
            ],
            "antennas": [
                0.29029874164131314,
                -0.1266486636053521
            ],
            "body_yaw": 0.2816576213098778,
            "check_collision": false
        },
        {
            "head": [
                [
                    0.9708253984508189,
                    0.22960847235870727,
                    0.06912304350873005,
                    -0.001962842952224847
                ],
                [
                    -0.2291457199836686,
                    0.9732817489957877,
                    -0.014658652218645114,
                    0.006698542346962032
                ],
                [
                    -0.07064194742484939,
                    -0.0016082576913522767,
                    0.9975004404867315,
                    0.014905531230470895
                ],
                [
                    0.0,
                    0.0,
                    0.0,
                    1.0
                ]
            ],
            "antennas": [
                0.29029874164131314,
                -0.1266486636053521
            ],
            "body_yaw": 0.2816576213098778,
            "check_collision": false
        },
        {
            "head": [
                [
                    0.9708401400612875,
                    0.22950466253746454,
                    0.0692606116009966,
                    -0.0019888529859685526
                ],
                [
                    -0.22903202287723762,
                    0.9733064106176351,
                    -0.014797416915664628,
                    0.006925223619300562
                ],
                [
                    -0.07080787345020391,
                    -0.001496971669741806,
                    0.9974888491272872,
                    0.014804912900370119
                ],
                [
                    0.0,
                    0.0,
                    0.0,
                    1.0
                ]
            ],
            "antennas": [
                0.29029874164131314,
                -0.1266486636053521
            ],
            "body_yaw": 0.2816576213098778,
            "check_collision": false
        },
        {
            "head": [
                [
                    0.9708642032709299,
                    0.22933149582028156,
                    0.06949650230000734,
                    -0.001977156746660911
                ],
                [
                    -0.2288513775477552,
                    0.973347316887939,
                    -0.014901265098811348,
                    0.006900467634771404
                ],
                [
                    -0.07106156346153358,
                    -0.0014372654182210247,
                    0.9974708960498648,
                    0.01479909627831644
                ],
                [
                    0.0,
                    0.0,
                    0.0,
                    1.0
                ]
            ],
            "antennas": [
                0.29029874164131314,
                -0.1266486636053521
            ],
            "body_yaw": 0.2816576213098778,
            "check_collision": false
        },
        {
            "head": [
                [
                    0.9708463978104729,
                    0.22941544256677646,
                    0.06946816947580729,
                    -0.0019806453139401686
                ],
                [
                    -0.228935008014419,
                    0.9733275447178775,
                    -0.014908145387882047,
                    0.007020612768624698
                ],
                [
                    -0.07103544160394372,
                    -0.0014301766878308591,
                    0.9974727668617197,
                    0.014763890471273803
                ],
                [
                    0.0,
                    0.0,
                    0.0,
                    1.0
                ]
            ],
            "antennas": [
                0.29029874164131314,
                -0.1266486636053521
            ],
            "body_yaw": 0.2816576213098778,
            "check_collision": false
        },
        {
            "head": [
                [
                    0.9708396405501689,
                    0.22941921610940907,
                    0.06955009429298174,
                    -0.0019822078102387994
                ],
                [
                    -0.22893751212958074,
                    0.9733266552789391,
                    -0.014927748103137954,
                    0.006994147680088407
                ],
                [
                    -0.07111967292062339,
                    -0.001430175953139076,
                    0.9974667647197104,
                    0.014767178542350105
                ],
                [
                    0.0,
                    0.0,
                    0.0,
                    1.0
                ]
            ],
            "antennas": [
                0.29029874164131314,
                -0.1266486636053521
            ],
            "body_yaw": 0.2816576213098778,
            "check_collision": false
        },
        {
            "head": [
                [
                    0.9708626079171909,
                    0.22934534254649488,
                    0.0694730911969664,
                    -0.0019926330973854683
                ],
                [
                    -0.22886100596098966,
                    0.9733441441800472,
                    -0.014960512723018168,
                    0.0071136387223488026
                ],
                [
                    -0.07105235040978541,
                    -0.0013750791405095731,
                    0.9974716400272253,
                    0.014795039779604616
                ],
                [
                    0.0,
                    0.0,
                    0.0,
                    1.0
                ]
            ],
            "antennas": [
                0.29029874164131314,
                -0.1266486636053521
            ],
            "body_yaw": 0.2816576213098778,
            "check_collision": false
        },
        {
            "head": [
                [
                    0.9708866882345455,
                    0.2291981390006892,
                    0.06962220685655739,
                    -0.0019969021379457746
                ],
                [
                    -0.2287121442835311,
                    0.9733788129813126,
                    -0.014981371643485397,
                    0.007088823219385922
                ],
                [
                    -0.07120248356753979,
                    -0.0013782299197603364,
                    0.997460929969742,
                    0.014804956900882908
                ],
                [
                    0.0,
                    0.0,
                    0.0,
                    1.0
                ]
            ],
            "antennas": [
                0.29029874164131314,
                -0.1266486636053521
            ],
            "body_yaw": 0.2816576213098778,
            "check_collision": false
        },
        {
            "head": [
                [
                    0.9708819564571866,
                    0.2291792323581867,
                    0.06975031241204321,
                    -0.001989588048015429
                ],
                [
                    -0.2286913380064134,
                    0.9733832641663777,
                    -0.015009762211435438,
                    0.007167804176635279
                ],
                [
                    -0.07133371255375492,
                    -0.001378584970079917,
                    0.9974515531878119,
                    0.014834278700391671
                ],
                [
                    0.0,
                    0.0,
                    0.0,
                    1.0
                ]
            ],
            "antennas": [
                0.29029874164131314,
                -0.1266486636053521
            ],
            "body_yaw": 0.2816576213098778,
            "check_collision": false
        },
        {
            "head": [
                [
                    0.970914370412458,
                    0.22898241473004455,
                    0.06994525767326287,
                    -0.0019799790735750486
                ],
                [
                    -0.22849325322987563,
                    0.9734295599180608,
                    -0.015024150763330796,
                    0.007142017728736117
                ],
                [
                    -0.07152704771629534,
                    -0.0013948555944045867,
                    0.99743768518282,
                    0.014851825001300781
                ],
                [
                    0.0,
                    0.0,
                    0.0,
                    1.0
                ]
            ],
            "antennas": [
                0.29029874164131314,
                -0.1266486636053521
            ],
            "body_yaw": 0.2816576213098778,
            "check_collision": false
        },
        {
            "head": [
                [
                    0.9709020522540622,
                    0.2289955131651527,
                    0.070073246528745,
                    -0.0019513954330832688
                ],
                [
                    -0.22850577026567792,
                    0.9734264504528997,
                    -0.015035242397691594,
                    0.007246175524719435
                ],
                [
                    -0.07165415468860908,
                    -0.0014143934730115621,
                    0.9974285345862951,
                    0.014798633573932966
                ],
                [
                    0.0,
                    0.0,
                    0.0,
                    1.0
                ]
            ],
            "antennas": [
                0.29029874164131314,
                -0.1266486636053521
            ],
            "body_yaw": 0.2816576213098778,
            "check_collision": false
        },
        {
            "head": [
                [
                    0.9708937613904451,
                    0.22899245317771902,
                    0.0701980090940126,
                    -0.0019176565995714968
                ],
                [
                    -0.2284993054725162,
                    0.9734271992455803,
                    -0.01508493180238142,
                    0.007226126927092817
                ],
                [
                    -0.07178698692444639,
                    -0.001394330145602812,
                    0.9974190114248644,
                    0.014806947306457822
                ],
                [
                    0.0,
                    0.0,
                    0.0,
                    1.0
                ]
            ],
            "antennas": [
                0.29029874164131314,
                -0.1266486636053521
            ],
            "body_yaw": 0.2816576213098778,
            "check_collision": false
        },
        {
            "head": [
                [
                    0.9708839225502149,
                    0.22899924908627406,
                    0.07031182582916798,
                    -0.0018509183579705143
                ],
                [
                    -0.22847981483575242,
                    0.9734260188760677,
                    -0.015451860331693008,
                    0.007184829807309112
                ],
                [
                    -0.07198182510973813,
                    -0.0010628701766798023,
                    0.9974053775475942,
                    0.014644565347932462
                ],
                [
                    0.0,
                    0.0,
                    0.0,
                    1.0
                ]
            ],
            "antennas": [
                0.29029874164131314,
                -0.1266486636053521
            ],
            "body_yaw": 0.2816576213098778,
            "check_collision": false
        },
        {
            "head": [
                [
                    0.9709166913198295,
                    0.22878675088398917,
                    0.07055069905041893,
                    -0.0018178339912629134
                ],
                [
                    -0.22824939143835007,
                    0.9734761812313473,
                    -0.015695218483867217,
                    0.007163470063266796
                ],
                [
                    -0.07227028313614216,
                    -0.0008644045239101132,
                    0.9973847096182301,
                    0.014631568974692647
                ],
                [
                    0.0,
                    0.0,
                    0.0,
                    1.0
                ]
            ],
            "antennas": [
                0.29029874164131314,
                -0.1266486636053521
            ],
            "body_yaw": 0.2816576213098778,
            "check_collision": false
        },
        {
            "head": [
                [
                    0.9709645301652738,
                    0.2285036084119805,
                    0.07080947749866248,
                    -0.0017413783057014104
                ],
                [
                    -0.2279388569910051,
                    0.9735429148559497,
                    -0.016064569941822565,
                    0.007288279785095051
                ],
                [
