{
    "description": "Like a sad 'yes,' or a grumpy 'OK.'",
    "time": [
        1753106027.8951344,
        1753106027.9051368,
        1753106027.9152179,
        1753106027.9251175,
        1753106027.9354506,
        1753106027.9452953,
        1753106027.9553769,
        1753106027.9653678,
        1753106027.9754028,
        1753106027.9855797,
        1753106027.995543,
        1753106028.0056179,
        1753106028.0157552,
        1753106028.0258155,
        1753106028.0358303,
        1753106028.0458996,
        1753106028.0560088,
        1753106028.0660977,
        1753106028.0761108,
        1753106028.0861416,
        1753106028.0961974,
        1753106028.1062827,
        1753106028.1164103,
        1753106028.126385,
        1753106028.1363752,
        1753106028.1464686,
        1753106028.1565866,
        1753106028.1665835,
        1753106028.1766617,
        1753106028.186749,
        1753106028.196836,
        1753106028.2070365,
        1753106028.2169282,
        1753106028.22696,
        1753106028.2370145,
        1753106028.2470574,
        1753106028.257118,
        1753106028.2671294,
        1753106028.277219,
        1753106028.287307,
        1753106028.2973144,
        1753106028.3073568,
        1753106028.3175356,
        1753106028.3275259,
        1753106028.3375354,
        1753106028.3476179,
        1753106028.357683,
        1753106028.367845,
        1753106028.3778515,
        1753106028.3879163,
        1753106028.3980296,
        1753106028.4080722,
        1753106028.4181557,
        1753106028.4281087,
        1753106028.4381225,
        1753106028.4483218,
        1753106028.4583933,
        1753106028.4683313,
        1753106028.478492,
        1753106028.4885418,
        1753106028.4987795,
        1753106028.5087965,
        1753106028.518751,
        1753106028.5292816,
        1753106028.5393353,
        1753106028.5499516,
        1753106028.5599546,
        1753106028.5698102,
        1753106028.5799434,
        1753106028.589887,
        1753106028.5999355,
        1753106028.6100035,
        1753106028.6200888,
        1753106028.6301043,
        1753106028.640126,
        1753106028.6502447,
        1753106028.6603663,
        1753106028.6702971,
        1753106028.6804013,
        1753106028.690458,
        1753106028.7004938,
        1753106028.7105987,
        1753106028.7206426,
        1753106028.7306814,
        1753106028.7407057,
        1753106028.750955,
        1753106028.7609684,
        1753106028.7710087,
        1753106028.7811232,
        1753106028.791093,
        1753106028.8011305,
        1753106028.8111765,
        1753106028.821236,
        1753106028.8313675,
        1753106028.8413343,
        1753106028.8514886,
        1753106028.8615365,
        1753106028.8715856,
        1753106028.8817325,
        1753106028.891653,
        1753106028.9017465,
        1753106028.9118178,
        1753106028.921927,
        1753106028.9319792,
        1753106028.9419792,
        1753106028.9520636,
        1753106028.9621365,
        1753106028.9721184,
        1753106028.9822264,
        1753106028.9922414,
        1753106029.0022728,
        1753106029.0123687,
        1753106029.022424,
        1753106029.0325136,
        1753106029.0425103,
        1753106029.0526974,
        1753106029.0626495,
        1753106029.0727222,
        1753106029.082897,
        1753106029.0928009,
        1753106029.1029148,
        1753106029.113091,
        1753106029.1230476,
        1753106029.1331139,
        1753106029.1430962,
        1753106029.153176,
        1753106029.1632564,
        1753106029.1732857,
        1753106029.1834183,
        1753106029.1934845,
        1753106029.2034614,
        1753106029.2135372,
        1753106029.2236657,
        1753106029.2336578,
        1753106029.243748,
        1753106029.2537608,
        1753106029.2638311,
        1753106029.2738814,
        1753106029.2840335,
        1753106029.2940419,
        1753106029.3040466,
        1753106029.3141527,
        1753106029.324202,
        1753106029.3342519,
        1753106029.3442678,
        1753106029.3544495,
        1753106029.3644702,
        1753106029.3744414,
        1753106029.3845918,
        1753106029.3946104,
        1753106029.4046159,
        1753106029.4146934,
        1753106029.4248097,
        1753106029.4349318,
        1753106029.444964,
        1753106029.4549327,
        1753106029.4652045,
        1753106029.4751337,
        1753106029.4855716,
        1753106029.49534,
        1753106029.5052128,
        1753106029.5153458,
        1753106029.5253887,
        1753106029.5354862,
        1753106029.5455506,
        1753106029.5555313,
        1753106029.565634,
        1753106029.5757005,
        1753106029.5858507,
        1753106029.5957778,
        1753106029.6058059,
        1753106029.615955,
        1753106029.6259973,
        1753106029.6360693,
        1753106029.6462138,
        1753106029.6561174,
        1753106029.6661866,
        1753106029.6761823,
        1753106029.6862752,
        1753106029.6963809,
        1753106029.7063534,
        1753106029.7165186,
        1753106029.7265296,
        1753106029.7365682,
        1753106029.7466109,
        1753106029.756732,
        1753106029.7667358,
        1753106029.776815,
        1753106029.786902,
        1753106029.7969267,
        1753106029.807084,
        1753106029.817254,
        1753106029.8271203,
        1753106029.8371484,
        1753106029.8472335,
        1753106029.8573241,
        1753106029.8673146,
        1753106029.8773568,
        1753106029.8874283,
        1753106029.897498,
        1753106029.907507,
        1753106029.9176257,
        1753106029.927693,
        1753106029.9377692,
        1753106029.9478192,
        1753106029.9578876,
        1753106029.9678974,
        1753106029.9780288,
        1753106029.9880505,
        1753106029.9980772,
        1753106030.0080771,
        1753106030.0182664,
        1753106030.0282774,
        1753106030.0382814,
        1753106030.0483837,
        1753106030.0584235,
        1753106030.0685322,
        1753106030.0785992,
        1753106030.0886312,
        1753106030.0986962,
        1753106030.1087985,
        1753106030.1188936,
        1753106030.128876,
        1753106030.1388915,
        1753106030.1490252,
        1753106030.1591058,
        1753106030.1690934,
        1753106030.1791675,
        1753106030.189196,
        1753106030.1993089,
        1753106030.209337,
        1753106030.2193606,
        1753106030.229418,
        1753106030.2394629,
        1753106030.249687,
        1753106030.2595417,
        1753106030.269617,
        1753106030.2797666,
        1753106030.2898297,
        1753106030.2998145,
        1753106030.3098607,
        1753106030.3199549,
        1753106030.3300192,
        1753106030.3400197,
        1753106030.3501177,
        1753106030.3601804,
        1753106030.3702753,
        1753106030.380291,
        1753106030.3903217,
        1753106030.4003797,
        1753106030.4104726,
        1753106030.4204986,
        1753106030.43055,
        1753106030.4406052,
        1753106030.4507778,
        1753106030.4608035,
        1753106030.4708076,
        1753106030.4809582,
        1753106030.4910874,
        1753106030.5010526,
        1753106030.511133,
        1753106030.5211434,
        1753106030.531211,
        1753106030.541142,
        1753106030.5513413,
        1753106030.561474,
        1753106030.5714192,
        1753106030.581451,
        1753106030.5915167,
        1753106030.6016364,
        1753106030.6116292,
        1753106030.6216443,
        1753106030.6316972,
        1753106030.6417603,
        1753106030.6519608,
        1753106030.6618698,
        1753106030.671936,
        1753106030.6820483,
        1753106030.6921308,
        1753106030.7021441,
        1753106030.7122185,
        1753106030.7222564,
        1753106030.732437,
        1753106030.7423587,
        1753106030.7524981,
        1753106030.7625036,
        1753106030.7725718,
        1753106030.7826738,
        1753106030.792626,
        1753106030.802708,
        1753106030.8127604,
        1753106030.82285,
        1753106030.8329196,
        1753106030.8429449,
        1753106030.8530784,
        1753106030.8630888,
        1753106030.8730788,
        1753106030.883234,
        1753106030.8932762,
        1753106030.903275,
        1753106030.9133608,
        1753106030.923418,
        1753106030.9335818,
        1753106030.9435825,
        1753106030.953653,
        1753106030.9636936,
        1753106030.973724,
        1753106030.9838707,
        1753106030.993862,
        1753106031.0039022,
        1753106031.0140023,
        1753106031.0240507,
        1753106031.0341084,
        1753106031.044168,
        1753106031.0542114,
        1753106031.0643613,
        1753106031.0743961,
        1753106031.084625,
        1753106031.0945275,
        1753106031.1046343,
        1753106031.1148436,
        1753106031.124728,
        1753106031.1347861,
        1753106031.1450524,
        1753106031.155088,
        1753106031.164989,
        1753106031.1750495,
        1753106031.1851172,
        1753106031.1951582,
        1753106031.2053325,
        1753106031.2153063,
        1753106031.2253203,
        1753106031.2353964,
        1753106031.2454288,
        1753106031.255518,
        1753106031.265568,
        1753106031.2756808,
        1753106031.2857974,
        1753106031.295769,
        1753106031.3057873,
        1753106031.3159435,
        1753106031.3259802,
        1753106031.335994,
        1753106031.3460677,
        1753106031.3561435,
        1753106031.3662932,
        1753106031.3762786,
        1753106031.386374,
        1753106031.3963735,
        1753106031.4064207,
        1753106031.4166477,
        1753106031.4265556,
        1753106031.4366407,
        1753106031.446665,
        1753106031.4568098,
        1753106031.4668124,
        1753106031.4768586,
        1753106031.4871104,
        1753106031.4970596,
        1753106031.5071955,
        1753106031.5172703,
        1753106031.5271335,
        1753106031.5372126,
        1753106031.5473778,
        1753106031.5574486,
        1753106031.567424,
        1753106031.577518,
        1753106031.587592,
        1753106031.597665,
        1753106031.6078813,
        1753106031.6180527,
        1753106031.6280742,
        1753106031.638217,
        1753106031.6482208,
        1753106031.6582298,
        1753106031.668264,
        1753106031.6784072,
        1753106031.68837,
        1753106031.6983845,
        1753106031.7084312,
        1753106031.7186732,
        1753106031.7286608,
        1753106031.7386541,
        1753106031.7488034,
        1753106031.7587743,
        1753106031.7688696,
        1753106031.7789283,
        1753106031.7889392,
        1753106031.7990375,
        1753106031.8091083,
        1753106031.8191767,
        1753106031.8291898,
        1753106031.83949,
        1753106031.849577,
        1753106031.8593464,
        1753106031.8694265,
        1753106031.8797252,
        1753106031.8897738,
        1753106031.899627,
        1753106031.90964,
        1753106031.9197748,
        1753106031.92983,
        1753106031.9398503,
        1753106031.949976,
        1753106031.9599783,
        1753106031.970118,
        1753106031.9801621,
        1753106031.990197,
        1753106032.0002565,
        1753106032.010313,
        1753106032.0204139,
        1753106032.0304542,
        1753106032.0406356,
        1753106032.0506954,
        1753106032.0607,
        1753106032.0706916,
        1753106032.0807822,
        1753106032.090866,
        1753106032.1009848,
        1753106032.1110814,
        1753106032.1210585,
        1753106032.1311076,
        1753106032.1411533,
        1753106032.1512399,
        1753106032.1612601,
        1753106032.171273,
        1753106032.1817088,
        1753106032.1915913,
        1753106032.2014852,
        1753106032.2115638,
        1753106032.2216513,
        1753106032.2317536,
        1753106032.2417605,
        1753106032.2518911,
        1753106032.2618878,
        1753106032.272005,
        1753106032.2820792,
        1753106032.2920709,
        1753106032.3021665,
        1753106032.3121812,
        1753106032.3222404,
        1753106032.332295,
        1753106032.342292,
        1753106032.3524275,
        1753106032.3624945,
        1753106032.3725073,
        1753106032.382671,
        1753106032.3926578,
        1753106032.4028058,
        1753106032.4128003,
        1753106032.4228656,
        1753106032.4329143,
        1753106032.4429667,
        1753106032.4531262,
        1753106032.4630852,
        1753106032.4731195,
        1753106032.4833426,
        1753106032.4933455,
        1753106032.5033877,
        1753106032.5135572,
        1753106032.5234666,
        1753106032.5336142,
        1753106032.5436683,
        1753106032.5540028,
        1753106032.5643315,
        1753106032.574313,
        1753106032.584463,
        1753106032.5944192,
        1753106032.6044126,
        1753106032.614659,
        1753106032.624561,
        1753106032.6346183,
        1753106032.6447554,
        1753106032.6548195,
        1753106032.6648648,
        1753106032.6748638,
        1753106032.685036,
        1753106032.6950786,
        1753106032.7050436,
        1753106032.7152128,
        1753106032.7251723,
        1753106032.7352674,
        1753106032.745322,
        1753106032.755423,
        1753106032.7654757,
        1753106032.7757215,
        1753106032.7859268,
        1753106032.7956538,
        1753106032.8056643,
        1753106032.8158193,
        1753106032.825875,
        1753106032.8358893,
        1753106032.8459446,
        1753106032.8559952,
        1753106032.8661335,
        1753106032.87611,
        1753106032.8861656,
        1753106032.896172,
        1753106032.9062245,
        1753106032.9163663,
        1753106032.9263182,
        1753106032.9364185,
        1753106032.9465294,
        1753106032.9565558,
        1753106032.9666448,
        1753106032.976707,
        1753106032.98682,
        1753106032.9968538,
        1753106033.006868,
        1753106033.0169687,
        1753106033.027495,
        1753106033.037128,
        1753106033.04718,
        1753106033.0572326,
        1753106033.0672338,
        1753106033.0773485,
        1753106033.0874953,
        1753106033.0974302,
        1753106033.1075637,
        1753106033.1178539,
        1753106033.1276462,
        1753106033.1376817,
        1753106033.1477842,
        1753106033.157879,
        1753106033.1679502,
        1753106033.1780088,
        1753106033.1880472,
        1753106033.1981454,
        1753106033.2081707,
        1753106033.2183492,
        1753106033.2282667,
        1753106033.2383065,
        1753106033.2484581,
        1753106033.2585013,
        1753106033.2684865,
        1753106033.27857,
        1753106033.2886372,
        1753106033.2986968,
        1753106033.3087988,
        1753106033.3188615,
        1753106033.3288958,
        1753106033.3389509,
        1753106033.349086,
        1753106033.3590155,
        1753106033.3690765,
        1753106033.3791742,
        1753106033.3892825,
        1753106033.3993244,
        1753106033.4093337,
        1753106033.4194777,
        1753106033.4294968,
        1753106033.4395075,
        1753106033.4496686,
        1753106033.4596982,
        1753106033.4698987,
        1753106033.4799988,
        1753106033.4899473,
        1753106033.5004141,
        1753106033.5101829,
        1753106033.5200858,
        1753106033.530219,
        1753106033.5401185,
        1753106033.5503387,
        1753106033.5604155,
        1753106033.5703986,
        1753106033.5805085,
        1753106033.5904858,
        1753106033.6005511,
        1753106033.611249,
        1753106033.6209118,
        1753106033.630785,
        1753106033.640771,
        1753106033.6510003,
        1753106033.660909,
        1753106033.67093,
        1753106033.6810386,
        1753106033.691099,
        1753106033.7011755,
        1753106033.7112443,
        1753106033.7212608,
        1753106033.731341,
        1753106033.741347,
        1753106033.7515304,
        1753106033.761561,
        1753106033.7715578,
        1753106033.7817452,
        1753106033.7917252,
        1753106033.8017387,
        1753106033.811837,
        1753106033.8219204,
        1753106033.832011,
        1753106033.8421102,
        1753106033.852122,
        1753106033.8621445,
        1753106033.8723044,
        1753106033.8823335,
        1753106033.8923197,
        1753106033.9023852,
        1753106033.912465,
        1753106033.9225066,
        1753106033.9326553,
        1753106033.9426198,
        1753106033.9527698,
        1753106033.9627993,
        1753106033.9728036,
        1753106033.9829602,
        1753106033.9929419,
        1753106034.0030768,
        1753106034.0130968,
        1753106034.02309,
        1753106034.0332248,
        1753106034.0433328,
        1753106034.0533895,
        1753106034.0634205,
        1753106034.0734184,
        1753106034.083568,
        1753106034.0936077,
        1753106034.103634,
        1753106034.1138244,
        1753106034.1237607,
        1753106034.1338995,
        1753106034.143921,
        1753106034.1539369,
        1753106034.1640754,
        1753106034.1741161,
        1753106034.184262,
        1753106034.1941917,
        1753106034.2042396,
        1753106034.2143593,
        1753106034.2244008,
        1753106034.2344084,
        1753106034.244497
    ],
    "set_target_data": [
        {
            "head": [
                [
                    0.9912037525042127,
                    -0.1310675549452989,
                    0.01834167555673299,
                    -0.010424082832893367
                ],
                [
                    0.13162982619420763,
                    0.9907214355349692,
                    -0.0338323222320404,
                    -0.010540587868942443
                ],
                [
                    -0.013737171384608152,
                    0.03594903631797346,
                    0.9992592040657714,
                    0.003958704748813768
                ],
                [
                    0.0,
                    0.0,
                    0.0,
                    1.0
                ]
            ],
            "antennas": [
                0.034626420493210255,
                -0.1300496128796214
            ],
            "body_yaw": -0.05574017466824588,
            "check_collision": false
        },
        {
            "head": [
                [
                    0.9912014891071274,
                    -0.1310724786054366,
                    0.018428601250270675,
                    -0.010419765318639602
                ],
                [
                    0.13163860852617312,
                    0.9907184526595255,
                    -0.03388545860998967,
                    -0.01055935789376834
                ],
                [
                    -0.013816104266654276,
                    0.036013232458969,
                    0.9992558042617266,
                    0.003945960312736196
                ],
                [
                    0.0,
                    0.0,
                    0.0,
                    1.0
                ]
            ],
            "antennas": [
                0.034626420493210255,
                -0.1300496128796214
            ],
            "body_yaw": -0.05574017466824588,
            "check_collision": false
        },
        {
            "head": [
                [
                    0.9911938000936178,
                    -0.13111520894041598,
                    0.01853787044093016,
                    -0.010371256001274734
                ],
                [
                    0.13168334525421252,
                    0.9907171830123722,
                    -0.033748479472266744,
                    -0.010609543897612827
                ],
                [
                    -0.013940847844859055,
                    0.035892412409048384,
                    0.9992584187750563,
                    0.004335541430285471
                ],
                [
                    0.0,
                    0.0,
                    0.0,
                    1.0
                ]
            ],
            "antennas": [
                0.034626420493210255,
                -0.1300496128796214
            ],
            "body_yaw": -0.05574017466824588,
            "check_collision": false
        },
        {
            "head": [
                [
                    0.9911984353349602,
                    -0.13106110410511723,
                    0.018672139145627653,
                    -0.010355457785162945
                ],
                [
                    0.13163230290050731,
                    0.9907282723157596,
                    -0.033621827245685194,
                    -0.010608253598710858
                ],
                [
                    -0.014092502355336135,
                    0.03578375923484319,
                    0.9992601883155293,
                    0.004354327336140384
                ],
                [
                    0.0,
                    0.0,
                    0.0,
                    1.0
                ]
            ],
            "antennas": [
                0.034626420493210255,
                -0.1300496128796214
            ],
            "body_yaw": -0.05574017466824588,
            "check_collision": false
        },
        {
            "head": [
                [
                    0.9911936281256616,
                    -0.13107137816506698,
                    0.01885432016801523,
                    -0.010343711388772265
                ],
                [
                    0.13164682802246924,
                    0.9907317123883747,
                    -0.03346321472335982,
                    -0.010613557539663246
                ],
                [
                    -0.014293503234352061,
                    0.035650636655034346,
                    0.9992620916813469,
                    0.004363927560259272
                ],
                [
                    0.0,
                    0.0,
                    0.0,
                    1.0
                ]
            ],
            "antennas": [
                0.034626420493210255,
                -0.1300496128796214
            ],
            "body_yaw": -0.05574017466824588,
            "check_collision": false
        },
        {
            "head": [
                [
                    0.9911829752203863,
                    -0.13113813838641053,
                    0.018949889018390873,
                    -0.010336215018728756
                ],
                [
                    0.13171779153678614,
                    0.9907203408996744,
                    -0.033520583531678506,
                    -0.010609405655375874
                ],
                [
                    -0.014378213586340716,
                    0.03572106924742224,
                    0.9992583610787983,
                    0.004388712230305346
                ],
                [
                    0.0,
                    0.0,
                    0.0,
                    1.0
                ]
            ],
            "antennas": [
                0.034626420493210255,
                -0.1300496128796214
            ],
            "body_yaw": -0.05574017466824588,
            "check_collision": false
        },
        {
            "head": [
                [
                    0.9911730071806302,
                    -0.13120480376224708,
                    0.01900971610038291,
                    -0.010342618066005954
                ],
                [
                    0.1317862634751879,
                    0.9907119380970784,
                    -0.03349979807669891,
                    -0.010602953579571773
                ],
                [
                    -0.0144378182477574,
                    0.03570931505421912,
                    0.999257921771253,
                    0.0044103063554455915
                ],
                [
                    0.0,
                    0.0,
                    0.0,
                    1.0
                ]
            ],
            "antennas": [
                0.034626420493210255,
                -0.1300496128796214
            ],
            "body_yaw": -0.05574017466824588,
            "check_collision": false
        },
        {
            "head": [
                [
                    0.9911633815968467,
                    -0.131274839184483,
                    0.019028073433538035,
                    -0.010354018142418311
                ],
                [
                    0.13185529570320223,
                    0.9907065466199612,
                    -0.03338741498487379,
                    -0.010604976794843091
                ],
                [
                    -0.014468309387246584,
                    0.03560133538842614,
                    0.999261333657035,
                    0.004432081590766356
                ],
                [
                    0.0,
                    0.0,
                    0.0,
                    1.0
                ]
            ],
            "antennas": [
                0.034626420493210255,
                -0.1300496128796214
            ],
            "body_yaw": -0.05574017466824588,
            "check_collision": false
        },
        {
            "head": [
                [
                    0.991145380206732,
                    -0.13141925213116926,
                    0.018968802390684936,
                    -0.010369614546633828
                ],
                [
                    0.1319985068285908,
                    0.9906851924860586,
                    -0.033455098025319735,
                    -0.010601274671274254
                ],
                [
                    -0.014395467685183233,
                    0.03566271944405604,
                    0.9992601968216184,
                    0.004458659761603422
                ],
                [
                    0.0,
                    0.0,
                    0.0,
                    1.0
                ]
            ],
            "antennas": [
                0.034626420493210255,
                -0.1300496128796214
            ],
            "body_yaw": -0.05574017466824588,
            "check_collision": false
        },
        {
            "head": [
                [
                    0.9911372340647626,
                    -0.1314787011482232,
                    0.018982475993094956,
                    -0.010387622376155578
                ],
                [
                    0.13205683680246083,
                    0.9906811099831777,
                    -0.033345617046732404,
                    -0.010599611579832226
                ],
                [
                    -0.014421341968777906,
                    0.03555684838220792,
                    0.999263596569466,
                    0.0044867671937858225
                ],
                [
                    0.0,
                    0.0,
                    0.0,
                    1.0
                ]
            ],
            "antennas": [
                0.034626420493210255,
                -0.1300496128796214
            ],
            "body_yaw": -0.05574017466824588,
            "check_collision": false
        },
        {
            "head": [
                [
                    0.9911091176153298,
                    -0.13169844866093325,
                    0.018927112829633153,
                    -0.01040679031842091
                ],
                [
                    0.1322756233857422,
                    0.9906493189164342,
                    -0.03342284231357887,
                    -0.010601652351146101
                ],
                [
                    -0.014348394951193253,
                    0.03562927940203948,
                    0.9992620667330547,
                    0.004510797130366061
                ],
                [
                    0.0,
                    0.0,
                    0.0,
                    1.0
                ]
            ],
            "antennas": [
                0.034626420493210255,
                -0.1300496128796214
            ],
            "body_yaw": -0.05574017466824588,
            "check_collision": false
        },
        {
            "head": [
                [
                    0.9910935765455957,
                    -0.13178850535200143,
                    0.019113146971262276,
                    -0.010349487705182911
                ],
                [
                    0.13237211495086965,
                    0.9906367920307,
                    -0.033412115445711314,
                    -0.010510471214703266
                ],
                [
                    -0.014530853845983736,
                    0.03564458068499716,
                    0.9992588844510203,
                    0.004266790429710675
                ],
                [
                    0.0,
                    0.0,
                    0.0,
                    1.0
                ]
            ],
            "antennas": [
                0.034626420493210255,
                -0.1300496128796214
            ],
            "body_yaw": -0.05574017466824588,
            "check_collision": false
        },
        {
            "head": [
                [
                    0.9910763010477666,
                    -0.13190909189749775,
                    0.019176990802891206,
                    -0.010354396930417748
                ],
                [
                    0.13249681252935072,
                    0.9906157446841897,
                    -0.03354163164412479,
                    -0.010518525122886514
                ],
                [
                    -0.014572582854071054,
                    0.03578320637625367,
                    0.9992533222213452,
                    0.004267876207888043
                ],
                [
                    0.0,
                    0.0,
                    0.0,
                    1.0
                ]
            ],
            "antennas": [
                0.034626420493210255,
                -0.1300496128796214
            ],
            "body_yaw": -0.05574017466824588,
            "check_collision": false
        },
        {
            "head": [
                [
                    0.9910935786583827,
                    -0.13176154095664186,
                    0.01929804826533561,
                    -0.010319287327519983
                ],
                [
                    0.13235051307078557,
                    0.9906425244395837,
                    -0.033327623105593715,
                    -0.010480003025017776
                ],
                [
                    -0.01472616827351379,
                    0.03558489984108264,
                    0.9992581522666103,
                    0.004177114139231274
                ],
                [
                    0.0,
                    0.0,
                    0.0,
                    1.0
                ]
            ],
            "antennas": [
                0.034626420493210255,
                -0.1300496128796214
            ],
            "body_yaw": -0.05574017466824588,
            "check_collision": false
        },
        {
            "head": [
                [
                    0.991103660290873,
                    -0.13169375670332353,
                    0.019242894880955107,
                    -0.01032045369189626
                ],
                [
                    0.13227948273224457,
                    0.990655016594125,
                    -0.03323817902629056,
                    -0.010495876917266654
                ],
                [
                    -0.014685809685661763,
                    0.0354879210754836,
                    0.9992621950477346,
                    0.004171945039758262
                ],
                [
                    0.0,
                    0.0,
                    0.0,
                    1.0
                ]
            ],
            "antennas": [
                0.034626420493210255,
                -0.1300496128796214
            ],
            "body_yaw": -0.05574017466824588,
            "check_collision": false
        },
        {
            "head": [
                [
                    0.9910949544318549,
                    -0.1317561763717657,
                    0.019263989400217795,
                    -0.010296261669126885
                ],
                [
                    0.132341376038736,
                    0.9906495886512169,
                    -0.033153471814406865,
                    -0.010398498407412802
                ],
                [
                    -0.014715688495391805,
                    0.0354076615023778,
                    0.9992646026048555,
                    0.0041179156446492495
                ],
                [
                    0.0,
                    0.0,
                    0.0,
                    1.0
                ]
            ],
            "antennas": [
                0.034626420493210255,
                -0.1300496128796214
            ],
            "body_yaw": -0.05574017466824588,
            "check_collision": false
        },
        {
            "head": [
                [
                    0.9910764663427568,
                    -0.13191150479613356,
                    0.019151834480642872,
                    -0.010301741511065783
                ],
                [
                    0.13249610088774483,
                    0.9906209947518092,
                    -0.03338904021502409,
                    -0.010399092735257347
                ],
                [
                    -0.014567810786073996,
                    0.03562863538441492,
                    0.9992589150112925,
                    0.004116784223558433
                ],
                [
                    0.0,
                    0.0,
                    0.0,
                    1.0
                ]
            ],
            "antennas": [
                0.034626420493210255,
                -0.1300496128796214
            ],
            "body_yaw": -0.05574017466824588,
            "check_collision": false
        },
        {
            "head": [
                [
                    0.9910729214741043,
                    -0.13195563671723337,
                    0.01903087647306927,
                    -0.010308254789252765
                ],
                [
                    0.13253493980861752,
                    0.9906180410859816,
                    -0.03332246096701738,
                    -0.010297437188691121
                ],
                [
                    -0.014455243018013242,
                    0.035547244809152195,
                    0.9992634484137645,
                    0.004210667561690306
                ],
                [
                    0.0,
                    0.0,
                    0.0,
                    1.0
                ]
            ],
            "antennas": [
                0.034626420493210255,
                -0.1300496128796214
            ],
            "body_yaw": -0.05574017466824588,
            "check_collision": false
        },
        {
            "head": [
                [
                    0.9910497702581554,
                    -0.13211829800838698,
                    0.019107804756817854,
                    -0.010305157810660857
                ],
                [
                    0.13270366978201037,
                    0.9905875306055542,
                    -0.03355711899400366,
                    -0.010293989329797434
                ],
                [
                    -0.014494443681796577,
                    0.03579245088224079,
                    0.999254127618294,
                    0.004225326771901127
                ],
                [
                    0.0,
                    0.0,
                    0.0,
                    1.0
                ]
            ],
            "antennas": [
                0.034626420493210255,
                -0.1300496128796214
            ],
            "body_yaw": -0.05574017466824588,
            "check_collision": false
        },
        {
            "head": [
                [
                    0.9910384226498229,
                    -0.1321916391295495,
                    0.01918893889702308,
                    -0.010324005583914922
                ],
                [
                    0.13277840481142994,
                    0.9905809406814083,
                    -0.033455869058624896,
                    -0.01035839946711312
                ],
                [
                    -0.01458561097392799,
                    0.035703928397009366,
                    0.9992559679329106,
                    0.004396422172617153
                ],
                [
                    0.0,
                    0.0,
                    0.0,
                    1.0
                ]
            ],
            "antennas": [
                0.034626420493210255,
                -0.1300496128796214
            ],
            "body_yaw": -0.05574017466824588,
            "check_collision": false
        },
        {
            "head": [
                [
                    0.9910314654726242,
                    -0.13224031265677977,
                    0.019212864222189534,
                    -0.010314034619606035
                ],
                [
                    0.13283059517205353,
                    0.9905677185189382,
                    -0.033639679166483596,
                    -0.010360499797556145
                ],
                [
                    -0.014583121388138866,
                    0.03589003673198243,
                    0.9992493371696356,
                    0.004432352674494599
                ],
                [
                    0.0,
                    0.0,
                    0.0,
                    1.0
                ]
            ],
            "antennas": [
                0.034626420493210255,
                -0.1300496128796214
            ],
            "body_yaw": -0.05574017466824588,
            "check_collision": false
        },
        {
            "head": [
                [
                    0.9910015950008788,
                    -0.13245243734031703,
                    0.019292240624763257,
                    -0.010341730010625529
                ],
                [
                    0.13304746971291498,
                    0.9905339713600363,
                    -0.03377606230314414,
                    -0.010294264613626706
                ],
                [
                    -0.014635897946670334,
                    0.036038915415482355,
                    0.9992432071657883,
                    0.004469926917652355
                ],
                [
                    0.0,
                    0.0,
                    0.0,
                    1.0
                ]
            ],
            "antennas": [
                0.034626420493210255,
                -0.1300496128796214
            ],
            "body_yaw": -0.05574017466824588,
            "check_collision": false
        },
        {
            "head": [
                [
                    0.9909994335163514,
                    -0.13245681880069834,
                    0.019373020504548335,
                    -0.010337721416587961
                ],
                [
                    0.13305528270815917,
                    0.9905317144868729,
                    -0.033811452780796704,
