{
    "description": "TODO: Add a description of the recording. You can add as much as you want, even if the wording is not perfect.",
    "time": [
        1753107373.3283212,
        1753107373.3383977,
        1753107373.348417,
        1753107373.3585262,
        1753107373.3685052,
        1753107373.3786402,
        1753107373.388695,
        1753107373.3987024,
        1753107373.4087954,
        1753107373.4189775,
        1753107373.4289591,
        1753107373.4389412,
        1753107373.4490137,
        1753107373.4590747,
        1753107373.4690526,
        1753107373.479193,
        1753107373.48938,
        1753107373.4994931,
        1753107373.509401,
        1753107373.5195687,
        1753107373.5294752,
        1753107373.5395513,
        1753107373.5497131,
        1753107373.559659,
        1753107373.5697188,
        1753107373.579738,
        1753107373.5898726,
        1753107373.5998785,
        1753107373.6099975,
        1753107373.620076,
        1753107373.6301446,
        1753107373.6402385,
        1753107373.650283,
        1753107373.6604626,
        1753107373.6703122,
        1753107373.680404,
        1753107373.6905334,
        1753107373.7005303,
        1753107373.7105613,
        1753107373.72068,
        1753107373.7308843,
        1753107373.7409036,
        1753107373.7510133,
        1753107373.7609067,
        1753107373.7709427,
        1753107373.7809982,
        1753107373.7910883,
        1753107373.8010986,
        1753107373.811099,
        1753107373.8212528,
        1753107373.8312614,
        1753107373.8413043,
        1753107373.8513834,
        1753107373.8614883,
        1753107373.8715162,
        1753107373.8815775,
        1753107373.89165,
        1753107373.9016726,
        1753107373.9117987,
        1753107373.9218514,
        1753107373.9319134,
        1753107373.9419644,
        1753107373.952079,
        1753107373.9620767,
        1753107373.9721155,
        1753107373.9821606,
        1753107373.9922118,
        1753107374.0022388,
        1753107374.0122826,
        1753107374.0223997,
        1753107374.0324256,
        1753107374.0425313,
        1753107374.052606,
        1753107374.062704,
        1753107374.07273,
        1753107374.0828302,
        1753107374.092868,
        1753107374.1029103,
        1753107374.1130216,
        1753107374.123052,
        1753107374.133025,
        1753107374.1430619,
        1753107374.1531246,
        1753107374.1631129,
        1753107374.173199,
        1753107374.1833518,
        1753107374.1933565,
        1753107374.2033865,
        1753107374.2134695,
        1753107374.2235966,
        1753107374.2335808,
        1753107374.2436879,
        1753107374.2538283,
        1753107374.2638116,
        1753107374.2738364,
        1753107374.2839906,
        1753107374.2939706,
        1753107374.3040972,
        1753107374.3140538,
        1753107374.3241587,
        1753107374.3342004,
        1753107374.3442273,
        1753107374.35438,
        1753107374.364354,
        1753107374.3744442,
        1753107374.384547,
        1753107374.3945904,
        1753107374.4046407,
        1753107374.4146752,
        1753107374.4249053,
        1753107374.4348247,
        1753107374.444934,
        1753107374.454978,
        1753107374.4649837,
        1753107374.475025,
        1753107374.485387,
        1753107374.4953418,
        1753107374.5052972,
        1753107374.5153959,
        1753107374.5255978,
        1753107374.535609,
        1753107374.5455031,
        1753107374.5556703,
        1753107374.5659006,
        1753107374.575727,
        1753107374.58575,
        1753107374.59576,
        1753107374.6058328,
        1753107374.6158733,
        1753107374.6259544,
        1753107374.6359584,
        1753107374.646059,
        1753107374.656092,
        1753107374.6660993,
        1753107374.6762002,
        1753107374.6862733,
        1753107374.6963031,
        1753107374.706366,
        1753107374.7165275,
        1753107374.7265,
        1753107374.7365396,
        1753107374.7465808,
        1753107374.7566721,
        1753107374.7666883,
        1753107374.7767856,
        1753107374.7869403,
        1753107374.7969344,
        1753107374.8070266,
        1753107374.81708,
        1753107374.8271992,
        1753107374.8372526,
        1753107374.8472736,
        1753107374.8574116,
        1753107374.867363,
        1753107374.8774986,
        1753107374.887528,
        1753107374.897632,
        1753107374.9079487,
        1753107374.917785,
        1753107374.9277916,
        1753107374.937865,
        1753107374.947932,
        1753107374.9579606,
        1753107374.9679542,
        1753107374.9780328,
        1753107374.9881334,
        1753107374.998145,
        1753107375.0082152,
        1753107375.0182734,
        1753107375.0282948,
        1753107375.0383563,
        1753107375.0484343,
        1753107375.0586064,
        1753107375.0685802,
        1753107375.0786982,
        1753107375.0887978,
        1753107375.0988424,
        1753107375.108997,
        1753107375.1189585,
        1753107375.129074,
        1753107375.1390414,
        1753107375.1490867,
        1753107375.1591287,
        1753107375.1691666,
        1753107375.1792028,
        1753107375.189321,
        1753107375.1993096,
        1753107375.2093637,
        1753107375.2197454,
        1753107375.2295222,
        1753107375.2395542,
        1753107375.2496758,
        1753107375.2597303,
        1753107375.2697368,
        1753107375.2799199,
        1753107375.2899163,
        1753107375.2999048,
        1753107375.3100076,
        1753107375.3203385,
        1753107375.330303,
        1753107375.340344,
        1753107375.350423,
        1753107375.360342,
        1753107375.3703816,
        1753107375.3804464,
        1753107375.3905592,
        1753107375.400556,
        1753107375.41074,
        1753107375.4207823,
        1753107375.4308155,
        1753107375.440795,
        1753107375.4508557,
        1753107375.4609244,
        1753107375.470989,
        1753107375.4810517,
        1753107375.4912038,
        1753107375.5011344,
        1753107375.5111818,
        1753107375.5214913,
        1753107375.531581,
        1753107375.54147,
        1753107375.5515208,
        1753107375.5615501,
        1753107375.5716684,
        1753107375.5816479,
        1753107375.591983,
        1753107375.601949,
        1753107375.6119971,
        1753107375.6224494,
        1753107375.6322386,
        1753107375.642279,
        1753107375.6525066,
        1753107375.6625543,
        1753107375.672408,
        1753107375.6824973,
        1753107375.6925535,
        1753107375.702576,
        1753107375.7126942,
        1753107375.7227883,
        1753107375.7328107,
        1753107375.7428823,
        1753107375.7529602,
        1753107375.763003,
        1753107375.77309,
        1753107375.783102,
        1753107375.7932196,
        1753107375.8032131,
        1753107375.8132696,
        1753107375.8233383,
        1753107375.8334236,
        1753107375.843425,
        1753107375.853549,
        1753107375.8635635,
        1753107375.873642,
        1753107375.8837433,
        1753107375.8937705,
        1753107375.9037826,
        1753107375.9138627,
        1753107375.9242702,
        1753107375.9342663,
        1753107375.9441779,
        1753107375.9543092,
        1753107375.9641497,
        1753107375.974373,
        1753107375.9844182,
        1753107375.9943993,
        1753107376.0044436,
        1753107376.0144904,
        1753107376.0246143,
        1753107376.0346317,
        1753107376.0447583,
        1753107376.054854,
        1753107376.064782,
        1753107376.0748928,
        1753107376.0849977,
        1753107376.0950382,
        1753107376.105176,
        1753107376.1151729,
        1753107376.1252398,
        1753107376.135262,
        1753107376.1455972,
        1753107376.1554368,
        1753107376.1655457,
        1753107376.1755009,
        1753107376.1858168,
        1753107376.19561,
        1753107376.2056348,
        1753107376.2157385,
        1753107376.22582,
        1753107376.2358317,
        1753107376.2459269,
        1753107376.256095,
        1753107376.2660215,
        1753107376.2761178,
        1753107376.28617,
        1753107376.2961802,
        1753107376.3062875,
        1753107376.3163657,
        1753107376.326396,
        1753107376.336403,
        1753107376.3464837,
        1753107376.356578,
        1753107376.3665748,
        1753107376.3767595,
        1753107376.3867538,
        1753107376.3967645,
        1753107376.4068565,
        1753107376.416922,
        1753107376.4271178,
        1753107376.4370615,
        1753107376.4470773,
        1753107376.457249,
        1753107376.46717,
        1753107376.4773316,
        1753107376.48747,
        1753107376.4974654,
        1753107376.5075994,
        1753107376.5175846,
        1753107376.5276055,
        1753107376.5379214,
        1753107376.5484877,
        1753107376.5584502,
        1753107376.568676,
        1753107376.5784247,
        1753107376.5884936,
        1753107376.5982938,
        1753107376.6083162,
        1753107376.618423,
        1753107376.6284451,
        1753107376.6384816,
        1753107376.6485755,
        1753107376.6589417,
        1753107376.6686778,
        1753107376.678911,
        1753107376.6889017,
        1753107376.698927,
        1753107376.7089314,
        1753107376.719034,
        1753107376.7290401,
        1753107376.7390714,
        1753107376.7492583,
        1753107376.7592342,
        1753107376.7692525,
        1753107376.779329,
        1753107376.7894216,
        1753107376.7994616,
        1753107376.80956,
        1753107376.8196251,
        1753107376.8297992,
        1753107376.8398128,
        1753107376.8498337,
        1753107376.8598697,
        1753107376.8699028,
        1753107376.8799973,
        1753107376.890112,
        1753107376.9000542,
        1753107376.9104395,
        1753107376.9204504,
        1753107376.9302971,
        1753107376.9403,
        1753107376.9504323,
        1753107376.9604697,
        1753107376.970521,
        1753107376.9805443,
        1753107376.9906287,
        1753107377.0008519,
        1753107377.0107477,
        1753107377.0208488,
        1753107377.0308347,
        1753107377.0409284,
        1753107377.0509772,
        1753107377.0610592,
        1753107377.0711663,
        1753107377.0811331,
        1753107377.091182,
        1753107377.101491,
        1753107377.111449,
        1753107377.1214967,
        1753107377.1314867,
        1753107377.1415849,
        1753107377.1516502,
        1753107377.161736,
        1753107377.1718328,
        1753107377.1818247,
        1753107377.1919281,
        1753107377.2020733,
        1753107377.2119873,
        1753107377.2220998,
        1753107377.2321603,
        1753107377.2421854,
        1753107377.2522945,
        1753107377.2623353,
        1753107377.2723413,
        1753107377.2825332,
        1753107377.2931292,
        1753107377.3026745,
        1753107377.3128204,
        1753107377.322745,
        1753107377.33275,
        1753107377.342811,
        1753107377.35287,
        1753107377.36297
    ],
    "set_target_data": [
        {
            "head": [
                [
                    0.9918951415472053,
                    0.12126228807415963,
                    -0.037940554372191446,
                    -0.009572451252143285
                ],
                [
                    -0.12070395499858262,
                    0.9925483295243602,
                    0.016684388094926166,
                    0.0006415399134575119
                ],
                [
                    0.0396810209388548,
                    -0.01196958852348302,
                    0.999140703568736,
                    0.01458969337530935
                ],
                [
                    0.0,
                    0.0,
                    0.0,
                    1.0
                ]
            ],
            "antennas": [
                0.09128203894763372,
                -0.0913405652188118
            ],
            "body_yaw": 0.14586623312004562,
            "check_collision": false
        },
        {
            "head": [
                [
                    0.991898245018527,
                    0.12121905827688279,
                    -0.037997518861528676,
                    -0.00958558677680629
                ],
                [
                    -0.120667480810183,
                    0.9925559035209316,
                    0.016496589364818248,
                    0.0006327649437237624
                ],
                [
                    0.039714362692741936,
                    -0.011777873161696435,
                    0.9991416571736444,
                    0.014579495684829965
                ],
                [
                    0.0,
                    0.0,
                    0.0,
                    1.0
                ]
            ],
            "antennas": [
                0.09128203894763372,
                -0.0913405652188118
            ],
            "body_yaw": 0.14586623312004562,
            "check_collision": false
        },
        {
            "head": [
                [
                    0.9918995519290918,
                    0.12128562905302098,
                    -0.03775016646426285,
                    -0.009558288489921862
                ],
                [
                    -0.12074628931282366,
                    0.9925501944637947,
                    0.01626176764890561,
                    0.000694468725898136
                ],
                [
                    0.0394412537839563,
                    -0.01157184752302334,
                    0.9991548828108949,
                    0.01440097306010268
                ],
                [
                    0.0,
                    0.0,
                    0.0,
                    1.0
                ]
            ],
            "antennas": [
                0.09128203894763372,
                -0.0913405652188118
            ],
            "body_yaw": 0.14586623312004562,
            "check_collision": false
        },
        {
            "head": [
                [
                    0.9919318132840442,
                    0.12101928744702439,
                    -0.03775724911646204,
                    -0.009603323025370515
                ],
                [
                    -0.12048280295248359,
                    0.9925835012856683,
                    0.016182928294862432,
                    0.0006891403900278698
                ],
                [
                    0.039435668977983646,
                    -0.011503262202442029,
                    0.9991558952290482,
                    0.014405546554159928
                ],
                [
                    0.0,
                    0.0,
                    0.0,
                    1.0
                ]
            ],
            "antennas": [
                0.09128203894763372,
                -0.0913405652188118
            ],
            "body_yaw": 0.14586623312004562,
            "check_collision": false
        },
        {
            "head": [
                [
                    0.9919733715100811,
                    0.1206064562762498,
                    -0.03798569361492973,
                    -0.009669367113723806
                ],
                [
                    -0.12005363893218815,
                    0.9926299296392453,
                    0.016521094501464727,
                    0.00038725234896297336
                ],
                [
                    0.039698287041912333,
                    -0.011828165067819132,
                    0.9991417019207366,
                    0.01465145819193625
                ],
                [
                    0.0,
                    0.0,
                    0.0,
                    1.0
                ]
            ],
            "antennas": [
                0.09128203894763372,
                -0.0913405652188118
            ],
            "body_yaw": 0.14586623312004562,
            "check_collision": false
        },
        {
            "head": [
                [
                    0.9920062822760851,
                    0.12031781102746089,
                    -0.038041559830542276,
                    -0.009721366312907872
                ],
                [
                    -0.11975650801945065,
                    0.9926626105434485,
                    0.016712881739953583,
                    0.00036439393527653
                ],
                [
                    0.039773291437442904,
                    -0.012023559316052472,
                    0.9991363867408724,
                    0.014669814221489164
                ],
                [
                    0.0,
                    0.0,
                    0.0,
                    1.0
                ]
            ],
            "antennas": [
                0.09128203894763372,
                -0.0913405652188118
            ],
            "body_yaw": 0.14586623312004562,
            "check_collision": false
        },
        {
            "head": [
                [
                    0.9920185297624294,
                    0.12023590219184267,
                    -0.03798110625168202,
                    -0.009767840307338013
                ],
                [
                    -0.11967574286203171,
                    0.992672549654697,
                    0.016701069799984616,
                    0.0002384806684078292
                ],
                [
                    0.039710869776533236,
                    -0.012022353603048645,
                    0.9991388841574701,
                    0.014732807083978505
                ],
                [
                    0.0,
                    0.0,
                    0.0,
                    1.0
                ]
            ],
            "antennas": [
                0.09128203894763372,
                -0.0913405652188118
            ],
            "body_yaw": 0.14586623312004562,
            "check_collision": false
        },
        {
            "head": [
                [
                    0.9920554362465414,
                    0.1199931946087217,
                    -0.03778418533299896,
                    -0.009805440444403023
                ],
                [
                    -0.11943332455357507,
                    0.9927009248646812,
                    0.016749768920419593,
                    0.0002001437000177719
                ],
                [
                    0.0395182540070456,
                    -0.012104008443507121,
                    0.9991455352348999,
                    0.014732596150069499
                ],
                [
                    0.0,
                    0.0,
                    0.0,
                    1.0
                ]
            ],
            "antennas": [
                0.09128203894763372,
                -0.0913405652188118
            ],
            "body_yaw": 0.14586623312004562,
            "check_collision": false
        },
        {
            "head": [
                [
                    0.9920992631659669,
                    0.11982491202617365,
                    -0.037162379948885785,
                    -0.009687822087830714
                ],
                [
                    -0.11927550456360858,
                    0.9927212001862266,
                    0.016672513665145397,
                    0.0004034924006916891
                ],
                [
                    0.03888966490781569,
                    -0.012108226903127378,
                    0.9991701480752015,
                    0.014622977766841294
                ],
                [
                    0.0,
                    0.0,
                    0.0,
                    1.0
                ]
            ],
            "antennas": [
                0.09128203894763372,
                -0.0913405652188118
            ],
            "body_yaw": 0.14586623312004562,
            "check_collision": false
        },
        {
            "head": [
                [
                    0.9921386608885283,
                    0.11959665699892914,
                    -0.036844500335843064,
                    -0.009695041290464074
                ],
                [
                    -0.1190518971484167,
                    0.9927484442245871,
                    0.016648491674151094,
                    0.00037539439796036456
                ],
                [
                    0.038568424334943466,
                    -0.012131204570938487,
                    0.9991823209604829,
                    0.014611008566430828
                ],
                [
                    0.0,
                    0.0,
                    0.0,
                    1.0
                ]
            ],
            "antennas": [
                0.09128203894763372,
                -0.0913405652188118
            ],
            "body_yaw": 0.14586623312004562,
            "check_collision": false
        },
        {
            "head": [
                [
                    0.9921547597865643,
                    0.11948782700406171,
                    -0.03676400183212624,
                    -0.00965049043601067
                ],
                [
                    -0.11894660473708091,
                    0.992762206364668,
                    0.01658031469777319,
                    0.0005160230539691503
                ],
                [
                    0.03847905734793677,
                    -0.012077284951675558,
                    0.9991864197104615,
                    0.014599749247765855
                ],
                [
                    0.0,
                    0.0,
                    0.0,
                    1.0
                ]
            ],
            "antennas": [
                0.09128203894763372,
                -0.0913405652188118
            ],
            "body_yaw": 0.14586623312004562,
            "check_collision": false
        },
        {
            "head": [
                [
                    0.992158635387535,
                    0.11939090181676602,
                    -0.03697370402493775,
                    -0.00964402206567768
                ],
                [
                    -0.11885118074910496,
                    0.9927753958466551,
                    0.01647453295425642,
                    0.0005139958297490721
                ],
                [
                    0.038673492995693344,
                    -0.011950981754510238,
                    0.9991804316411603,
                    0.01459564451685835
                ],
                [
                    0.0,
                    0.0,
                    0.0,
                    1.0
                ]
            ],
            "antennas": [
                0.09128203894763372,
                -0.0913405652188118
            ],
            "body_yaw": 0.14586623312004562,
            "check_collision": false
        },
        {
            "head": [
                [
                    0.9921639911798061,
                    0.11933089189167047,
                    -0.03702367953750873,
                    -0.009550428848803652
                ],
                [
                    -0.11879011161861931,
                    0.9927825233665885,
                    0.01648546873780725,
                    0.0006882742773657623
                ],
                [
                    0.038723687683298626,
                    -0.011958241434580106,
                    0.9991784007243144,
                    0.014532153613989404
                ],
                [
                    0.0,
                    0.0,
                    0.0,
                    1.0
                ]
            ],
            "antennas": [
                0.09128203894763372,
                -0.0913405652188118
            ],
            "body_yaw": 0.14586623312004562,
            "check_collision": false
        },
        {
            "head": [
                [
                    0.9921754222315822,
                    0.11924859890015663,
                    -0.03698247125235516,
                    -0.009542670680394622
                ],
                [
                    -0.11871317105146403,
                    0.992793824890124,
                    0.016358614823497906,
                    0.0007063748031339969
                ],
                [
                    0.03866671098616419,
                    -0.011840309133941162,
                    0.999182011718148,
                    0.014531643453386974
                ],
                [
                    0.0,
                    0.0,
                    0.0,
                    1.0
                ]
            ],
            "antennas": [
                0.09128203894763372,
                -0.0913405652188118
            ],
            "body_yaw": 0.14586623312004562,
            "check_collision": false
        },
        {
            "head": [
                [
                    0.9922054836773322,
                    0.11910619678204054,
                    -0.0366332096430231,
                    -0.009519160287426508
                ],
                [
                    -0.11858700476180756,
                    0.9928140855784638,
                    0.016041003042896636,
                    0.0008964035814277441
                ],
                [
                    0.038280549398550696,
                    -0.011571748576469337,
                    0.9992000271080003,
                    0.014376902963012635
                ],
                [
                    0.0,
                    0.0,
                    0.0,
                    1.0
                ]
            ],
            "antennas": [
                0.09128203894763372,
                -0.0913405652188118
            ],
            "body_yaw": 0.14586623312004562,
            "check_collision": false
        },
        {
            "head": [
                [
                    0.9922174734205378,
                    0.11905164692735436,
                    -0.03648548756490141,
                    -0.009501408719340673
                ],
                [
                    -0.11854637587176205,
                    0.992824070773455,
                    0.015720090982439344,
                    0.0009235440777909049
                ],
                [
                    0.03809517300964695,
                    -0.011272526633803646,
                    0.9992105323387334,
                    0.014367243290302142
                ],
                [
                    0.0,
                    0.0,
                    0.0,
                    1.0
                ]
            ],
            "antennas": [
                0.09128203894763372,
                -0.0913405652188118
            ],
            "body_yaw": 0.14586623312004562,
            "check_collision": false
        },
        {
            "head": [
                [
                    0.9922236022275579,
                    0.11900087440255516,
                    -0.03648444975597188,
                    -0.009461830023357987
                ],
                [
                    -0.11850343444961403,
                    0.9928324373136947,
                    0.015514104595307427,
                    0.0008083529450345723
                ],
                [
                    0.03806913718768488,
                    -0.011069928146803997,
                    0.9992137896789703,
                    0.014497782357872798
                ],
                [
                    0.0,
                    0.0,
                    0.0,
                    1.0
                ]
            ],
            "antennas": [
                0.09128203894763372,
                -0.0913405652188118
            ],
            "body_yaw": 0.14586623312004562,
            "check_collision": false
        },
        {
            "head": [
                [
                    0.9922231124784694,
                    0.11898207146899728,
                    -0.03655901711595337,
                    -0.009422276085120772
                ],
                [
                    -0.11849391401239928,
                    0.992837682656053,
                    0.015248876685853844,
                    0.0008190655553669138
                ],
                [
                    0.03811151276924432,
                    -0.01079826685652266,
                    0.9992151470165646,
                    0.014494084550028426
                ],
                [
                    0.0,
                    0.0,
                    0.0,
                    1.0
                ]
            ],
            "antennas": [
                0.09128203894763372,
                -0.0913405652188118
            ],
            "body_yaw": 0.14586623312004562,
            "check_collision": false
        },
        {
            "head": [
                [
                    0.9922370084141121,
                    0.1188927637970985,
                    -0.036472316215184056,
                    -0.009350937730706641
                ],
                [
                    -0.11841252328105227,
                    0.9928502156785027,
                    0.01506398212176255,
                    0.0008662908932428768
                ],
                [
                    0.03800254548878647,
                    -0.010628261562356961,
                    0.9992211199692161,
                    0.014443100361156588
                ],
                [
                    0.0,
                    0.0,
                    0.0,
                    1.0
                ]
            ],
            "antennas": [
                0.09128203894763372,
                -0.0913405652188118
            ],
            "body_yaw": 0.14586623312004562,
            "check_collision": false
        },
        {
            "head": [
                [
                    0.9922490384386151,
                    0.11887481976877604,
                    -0.03620252674309163,
                    -0.009295957379110174
                ],
                [
                    -0.11840641069338648,
                    0.9928545201879982,
                    0.014826450990325878,
                    0.0008670372726828192
                ],
                [
                    0.037706334008391004,
                    -0.010424920488927292,
                    0.999234483696618,
                    0.014430090028593075
                ],
                [
                    0.0,
                    0.0,
                    0.0,
                    1.0
                ]
            ],
            "antennas": [
                0.09128203894763372,
                -0.0913405652188118
            ],
            "body_yaw": 0.14586623312004562,
            "check_collision": false
        },
        {
            "head": [
                [
                    0.9922496171816485,
                    0.11890308635906557,
                    -0.0360936733675148,
                    -0.009387478903997142
                ],
                [
                    -0.11844993752595454,
                    0.9928548590422364,
                    0.014451338218952637,
                    0.0006537382837186701
                ],
                [
                    0.03755408769987262,
                    -0.01006404146005394,
                    0.9992439169524729,
                    0.014436397406228593
                ],
                [
                    0.0,
                    0.0,
                    0.0,
                    1.0
                ]
            ],
            "antennas": [
                0.09128203894763372,
                -0.0913405652188118
            ],
            "body_yaw": 0.14586623312004562,
            "check_collision": false
        },
        {
            "head": [
                [
                    0.9922716635621377,
                    0.11880465000096647,
                    -0.03581062453763961,
                    -0.00934422010804701
                ],
                [
                    -0.11837009747759468,
                    0.9928704593249155,
                    0.014027509510820142,
                    0.0006509352627902957
                ],
                [
                    0.03722184459121655,
                    -0.009680193080681266,
                    0.9992601403774435,
                    0.014411904743693024
                ],
                [
                    0.0,
                    0.0,
                    0.0,
                    1.0
                ]
            ],
            "antennas": [
                0.09128203894763372,
                -0.0913405652188118
            ],
            "body_yaw": 0.14586623312004562,
            "check_collision": false
        },
        {
            "head": [
                [
                    0.9923093413607497,
                    0.1186087345774967,
                    -0.03541382682117357,
                    -0.009182173691872079
                ],
                [
                    -0.11818827968036262,
                    0.9928960513945622,
                    0.013746333012234095,
                    0.0008906997671899305
                ],
                [
                    0.03679268397917604,
                    -0.009455115388602754,
                    0.9992781890938061,
                    0.014258211363932124
                ],
                [
                    0.0,
                    0.0,
                    0.0,
                    1.0
                ]
            ],
            "antennas": [
                0.09128203894763372,
                -0.0913405652188118
            ],
            "body_yaw": 0.14586623312004562,
            "check_collision": false
        },
        {
            "head": [
                [
                    0.99231997197058,
                    0.1185580331607143,
                    -0.03528549278910057,
                    -0.009154516491017287
                ],
                [
                    -0.11815624542065138,
                    0.9929063506900095,
                    0.01326953004224056,
                    0.0008433773654619283
                ],
                [
                    0.03660839926029955,
                    -0.008998418333801335,
                    0.9992891741488485,
                    0.014225979705453359
                ],
                [
                    0.0,
                    0.0,
                    0.0,
                    1.0
                ]
            ],
            "antennas": [
                0.09128203894763372,
                -0.0913405652188118
            ],
            "body_yaw": 0.14586623312004562,
            "check_collision": false
        },
        {
            "head": [
                [
                    0.992334703743262,
                    0.11845024241453976,
                    -0.035233163620507074,
                    -0.009124223378694101
                ],
                [
                    -0.11805757245449257,
                    0.9929212423533116,
                    0.01303134949683989,
                    0.0008548808189151958
                ],
                [
                    0.03652732310100065,
                    -0.008771918575392511,
                    0.9992941549471717,
                    0.014216197421005324
                ],
                [
                    0.0,
                    0.0,
                    0.0,
                    1.0
                ]
            ],
            "antennas": [
                0.09128203894763372,
                -0.0913405652188118
            ],
            "body_yaw": 0.14586623312004562,
            "check_collision": false
        },
        {
            "head": [
                [
                    0.9923546425223471,
                    0.11828524282202792,
                    -0.03522591084527063,
                    -0.009105967084443951
                ],
                [
                    -0.11789463861833223,
                    0.9929413539022752,
                    0.012973892853327684,
                    0.0008643936497463424
                ],
                [
                    0.03651188367364669,
                    -0.008721756775482457,
                    0.9992951582537322,
                    0.014218362991815333
                ],
                [
                    0.0,
                    0.0,
                    0.0,
                    1.0
                ]
            ],
            "antennas": [
                0.09128203894763372,
                -0.0913405652188118
            ],
            "body_yaw": 0.14586623312004562,
            "check_collision": false
        },
        {
            "head": [
                [
                    0.9923737629959545,
                    0.11814833720458817,
                    -0.03514662050668135,
                    -0.009148430307025376
                ],
                [
                    -0.11775081841578902,
                    0.9929557014288961,
                    0.013180279293755804,
                    0.0007533046574656156
                ],
                [
                    0.03645626530051631,
                    -0.008941220030871225,
                    0.9992952493155857,
                    0.014316712940109718
                ],
                [
                    0.0,
                    0.0,
                    0.0,
                    1.0
                ]
            ],
            "antennas": [
                0.09128203894763372,
                -0.0913405652188118
            ],
            "body_yaw": 0.14586623312004562,
            "check_collision": false
        },
        {
            "head": [
                [
                    0.992375772351534,
                    0.1180961493429501,
                    -0.0352650813137308,
                    -0.0091444610727003
                ],
                [
                    -0.11769089814243355,
                    0.9929603806056561,
                    0.013361700561610356,
                    0.0007424838033366866
                ],
                [
                    0.036594793948371264,
                    -0.009109448821879074,
                    0.9992886665013458,
                    0.014326562373095927
                ],
                [
                    0.0,
                    0.0,
                    0.0,
                    1.0
                ]
            ],
            "antennas": [
                0.09128203894763372,
                -0.0913405652188118
            ],
            "body_yaw": 0.14586623312004562,
            "check_collision": false
        },
        {
            "head": [
                [
                    0.9924224858311634,
                    0.11784781637744304,
                    -0.03477789228464926,
                    -0.009066329236804022
                ],
                [
                    -0.11743768578239416,
                    0.9929869044981314,
                    0.013616073343458155,
                    0.0007848938996729673
                ],
                [
                    0.036138616115864976,
                    -0.009428662168475594,
                    0.9993023069897031,
                    0.01434343034154217
                ],
                [
                    0.0,
                    0.0,
                    0.0,
                    1.0
                ]
            ],
            "antennas": [
