{
    "description": "TODO: Add a description of the recording. You can add as much as you want, even if the wording is not perfect.",
    "time": [
        1753107311.2673962,
        1753107311.2773612,
        1753107311.2874677,
        1753107311.2975333,
        1753107311.3074994,
        1753107311.3175838,
        1753107311.3276622,
        1753107311.3377502,
        1753107311.347791,
        1753107311.3578086,
        1753107311.3678546,
        1753107311.3779252,
        1753107311.388028,
        1753107311.3980432,
        1753107311.4080904,
        1753107311.4181917,
        1753107311.4282556,
        1753107311.438314,
        1753107311.448413,
        1753107311.458439,
        1753107311.4684968,
        1753107311.4785483,
        1753107311.4889548,
        1753107311.498957,
        1753107311.5087552,
        1753107311.518934,
        1753107311.5288568,
        1753107311.5389457,
        1753107311.5490468,
        1753107311.5590363,
        1753107311.5690837,
        1753107311.579127,
        1753107311.58923,
        1753107311.5992439,
        1753107311.6093056,
        1753107311.6194053,
        1753107311.6294715,
        1753107311.639528,
        1753107311.6502934,
        1753107311.6597145,
        1753107311.6698198,
        1753107311.6798189,
        1753107311.6898615,
        1753107311.7001023,
        1753107311.7100646,
        1753107311.7200594,
        1753107311.7300773,
        1753107311.7401001,
        1753107311.7501578,
        1753107311.7602177,
        1753107311.7702792,
        1753107311.7802997,
        1753107311.790473,
        1753107311.8004158,
        1753107311.8105795,
        1753107311.8206468,
        1753107311.8309278,
        1753107311.840814,
        1753107311.8507938,
        1753107311.860891,
        1753107311.8709762,
        1753107311.8810358,
        1753107311.8910785,
        1753107311.9010632,
        1753107311.9113073,
        1753107311.921235,
        1753107311.931284,
        1753107311.941497,
        1753107311.9516222,
        1753107311.96163,
        1753107311.9715264,
        1753107311.9816744,
        1753107311.991676,
        1753107312.0017054,
        1753107312.011719,
        1753107312.021834,
        1753107312.031863,
        1753107312.04191,
        1753107312.0520015,
        1753107312.0620818,
        1753107312.0720603,
        1753107312.0821784,
        1753107312.0922062,
        1753107312.1022332,
        1753107312.1123796,
        1753107312.1223824,
        1753107312.1324708,
        1753107312.1425493,
        1753107312.1526108,
        1753107312.1626017,
        1753107312.1726649,
        1753107312.1835663,
        1753107312.1929407,
        1753107312.2028708,
        1753107312.2128844,
        1753107312.2229965,
        1753107312.233036,
        1753107312.24305,
        1753107312.2531774,
        1753107312.2631865,
        1753107312.2732606,
        1753107312.2833292,
        1753107312.29341,
        1753107312.303407,
        1753107312.3135185,
        1753107312.3236234,
        1753107312.3336368,
        1753107312.3436503,
        1753107312.3538032,
        1753107312.3638163,
        1753107312.373826,
        1753107312.3840406,
        1753107312.393998,
        1753107312.4040418,
        1753107312.4140644,
        1753107312.424204,
        1753107312.4342313,
        1753107312.444266,
        1753107312.454579,
        1753107312.4646156,
        1753107312.4746606,
        1753107312.484693,
        1753107312.4946473,
        1753107312.5046778,
        1753107312.5147898,
        1753107312.5248318,
        1753107312.5348725,
        1753107312.544967,
        1753107312.5550768,
        1753107312.5650725,
        1753107312.5752296,
        1753107312.5852642,
        1753107312.5952227,
        1753107312.605296,
        1753107312.6153638,
        1753107312.625416,
        1753107312.6356692,
        1753107312.6455188,
        1753107312.6555884,
        1753107312.6657789,
        1753107312.6756818,
        1753107312.6858103,
        1753107312.6958117,
        1753107312.705851,
        1753107312.715972,
        1753107312.726015,
        1753107312.7360673,
        1753107312.7460723,
        1753107312.7561386,
        1753107312.7661474,
        1753107312.7763362,
        1753107312.7866733,
        1753107312.7964377,
        1753107312.8064764,
        1753107312.8165545,
        1753107312.8265646,
        1753107312.8366234,
        1753107312.8466778,
        1753107312.8567536,
        1753107312.866816,
        1753107312.8768523,
        1753107312.8870027,
        1753107312.896953,
        1753107312.9070525,
        1753107312.9171498,
        1753107312.9271886,
        1753107312.9372454,
        1753107312.9472475,
        1753107312.957311,
        1753107312.9673707,
        1753107312.977377,
        1753107312.9875546,
        1753107312.9975893,
        1753107313.0076182,
        1753107313.0177011,
        1753107313.0277603,
        1753107313.037803,
        1753107313.0478811,
        1753107313.0579455,
        1753107313.0680113,
        1753107313.0780182,
        1753107313.088418,
        1753107313.0983403,
        1753107313.1085234,
        1753107313.118352,
        1753107313.128345,
        1753107313.1383812,
        1753107313.1484408,
        1753107313.1585526,
        1753107313.1685963,
        1753107313.178652,
        1753107313.188742,
        1753107313.1987236,
        1753107313.2087555,
        1753107313.2189343,
        1753107313.2289052,
        1753107313.2389498,
        1753107313.2490404,
        1753107313.2590582,
        1753107313.269119,
        1753107313.2791827,
        1753107313.2892892,
        1753107313.299267,
        1753107313.309369,
        1753107313.3195016,
        1753107313.3295,
        1753107313.3396063,
        1753107313.3497021,
        1753107313.3597672,
        1753107313.3697388,
        1753107313.3797774,
        1753107313.3898473,
        1753107313.399942,
        1753107313.4099696,
        1753107313.4201415,
        1753107313.4301417,
        1753107313.440368,
        1753107313.4501903,
        1753107313.4602578,
        1753107313.4703562,
        1753107313.4805346,
        1753107313.4905996,
        1753107313.5006158,
        1753107313.5106761,
        1753107313.5207405,
        1753107313.5307586,
        1753107313.540902,
        1753107313.5508332,
        1753107313.56093,
        1753107313.5709496,
        1753107313.5810928,
        1753107313.5911925,
        1753107313.6011136,
        1753107313.611325,
        1753107313.6214943,
        1753107313.631387,
        1753107313.6414313,
        1753107313.651499,
        1753107313.6615095,
        1753107313.671554,
        1753107313.6816423,
        1753107313.6917224,
        1753107313.70173,
        1753107313.711826,
        1753107313.7219272,
        1753107313.7319803,
        1753107313.7421005,
        1753107313.7521598,
        1753107313.7621562,
        1753107313.7722225,
        1753107313.7823267,
        1753107313.7923446,
        1753107313.8024704,
        1753107313.812455,
        1753107313.8225434,
        1753107313.8325202,
        1753107313.8425643,
        1753107313.8527284,
        1753107313.8627198,
        1753107313.8728027,
        1753107313.882859,
        1753107313.8929608,
        1753107313.9029799,
        1753107313.9131007,
        1753107313.923176,
        1753107313.9331846,
        1753107313.9432979,
        1753107313.9534187,
        1753107313.9634023,
        1753107313.9734023,
        1753107313.983746,
        1753107313.9935906,
        1753107314.0037136,
        1753107314.0136435,
        1753107314.0237594,
        1753107314.0338378,
        1753107314.0441906,
        1753107314.0539994,
        1753107314.063953,
        1753107314.0740716,
        1753107314.0840855,
        1753107314.0940876,
        1753107314.1042135,
        1753107314.1142416,
        1753107314.1244252,
        1753107314.134381,
        1753107314.1444151,
        1753107314.1545644,
        1753107314.164702,
        1753107314.1746128,
        1753107314.1847293,
        1753107314.194744,
        1753107314.2048247,
        1753107314.2149327,
        1753107314.2249918,
        1753107314.2350457,
        1753107314.245102,
        1753107314.2551272,
        1753107314.2651217,
        1753107314.2752068,
        1753107314.2853706,
        1753107314.295323,
        1753107314.305512,
        1753107314.3154225,
        1753107314.3255832,
        1753107314.3355448,
        1753107314.345691,
        1753107314.3558002,
        1753107314.3657851,
        1753107314.3757892,
        1753107314.386118,
        1753107314.3959498,
        1753107314.405998,
        1753107314.4161117,
        1753107314.4260738,
        1753107314.43616,
        1753107314.446179,
        1753107314.4562874,
        1753107314.4662986,
        1753107314.4763188,
        1753107314.4865644,
        1753107314.496651,
        1753107314.506797,
        1753107314.5166366,
        1753107314.5269952,
        1753107314.5368376,
        1753107314.546852,
        1753107314.5572994,
        1753107314.567138,
        1753107314.577014,
        1753107314.587102,
        1753107314.5970566,
        1753107314.6071062,
        1753107314.6172006,
        1753107314.6272123,
        1753107314.637266,
        1753107314.647409,
        1753107314.6574142,
        1753107314.6674466,
        1753107314.6775103,
        1753107314.6876395,
        1753107314.6976614,
        1753107314.707793,
        1753107314.7179399,
        1753107314.7279327,
        1753107314.7379694,
        1753107314.7480228,
        1753107314.758329,
        1753107314.768149,
        1753107314.7783031,
        1753107314.7883072,
        1753107314.7982893,
        1753107314.808324,
        1753107314.8184626,
        1753107314.8284492,
        1753107314.8385217,
        1753107314.8485923,
        1753107314.858669,
        1753107314.8687165,
        1753107314.8787966,
        1753107314.889021,
        1753107314.898921,
        1753107314.9089615,
        1753107314.919145,
        1753107314.929128,
        1753107314.9392185,
        1753107314.9492838,
        1753107314.9592943,
        1753107314.969386,
        1753107314.9793851,
        1753107314.989543,
        1753107314.9995055,
        1753107315.009647,
        1753107315.019737,
        1753107315.029709,
        1753107315.0397682,
        1753107315.049821,
        1753107315.0598729,
        1753107315.0699685,
        1753107315.080036,
        1753107315.0902126,
        1753107315.1001012,
        1753107315.1102738,
        1753107315.1203442,
        1753107315.1304626,
        1753107315.1404023,
        1753107315.1509368
    ],
    "set_target_data": [
        {
            "head": [
                [
                    0.9949355477884869,
                    0.09860494824885246,
                    -0.019501792934618487,
                    -0.017913592328633352
                ],
                [
                    -0.09856286228571592,
                    0.9951259671741077,
                    0.00310992505435351,
                    -0.002952931836470165
                ],
                [
                    0.019713394554733737,
                    -0.0011720224561949995,
                    0.9998049852038604,
                    0.012752598824096184
                ],
                [
                    0.0,
                    0.0,
                    0.0,
                    1.0
                ]
            ],
            "antennas": [
                0.18782130009060133,
                -0.2668471433292856
            ],
            "body_yaw": 0.14586623312004562,
            "check_collision": false
        },
        {
            "head": [
                [
                    0.9949035581074003,
                    0.09766999507200842,
                    -0.025049593367323267,
                    -0.01784930835213518
                ],
                [
                    -0.09758558476757677,
                    0.9952166292489444,
                    0.00457323867066158,
                    -0.0030387001295007683
                ],
                [
                    0.02537644007351082,
                    -0.0021054522085753105,
                    0.9996757491107767,
                    0.012738348150448497
                ],
                [
                    0.0,
                    0.0,
                    0.0,
                    1.0
                ]
            ],
            "antennas": [
                0.18782130009060133,
                -0.2668471433292856
            ],
            "body_yaw": 0.14586623312004562,
            "check_collision": false
        },
        {
            "head": [
                [
                    0.9947948409065912,
                    0.097084904213449,
                    -0.03094746967840593,
                    -0.01780476579707244
                ],
                [
                    -0.0969277983071281,
                    0.9952699251411407,
                    0.006540491180439356,
                    -0.003120420713283258
                ],
                [
                    0.031436068789896646,
                    -0.0035067767841916375,
                    0.9994996128541638,
                    0.012696690620494389
                ],
                [
                    0.0,
                    0.0,
                    0.0,
                    1.0
                ]
            ],
            "antennas": [
                0.18782130009060133,
                -0.2668471433292856
            ],
            "body_yaw": 0.14586623312004562,
            "check_collision": false
        },
        {
            "head": [
                [
                    0.9946674130829123,
                    0.09647545993553525,
                    -0.036458510408059454,
                    -0.017653663993231247
                ],
                [
                    -0.09624947575610171,
                    0.9953258300206167,
                    0.00790762356504509,
                    -0.003292407601917097
                ],
                [
                    0.03705098875365186,
                    -0.004356342961452775,
                    0.9993038809633331,
                    0.012570559627511524
                ],
                [
                    0.0,
                    0.0,
                    0.0,
                    1.0
                ]
            ],
            "antennas": [
                0.18782130009060133,
                -0.2668471433292856
            ],
            "body_yaw": 0.14586623312004562,
            "check_collision": false
        },
        {
            "head": [
                [
                    0.9944675188038044,
                    0.09525205659953494,
                    -0.044287693073411454,
                    -0.01758177960969453
                ],
                [
                    -0.09497320105143238,
                    0.9954446977906264,
                    0.008363296154823941,
                    -0.0033322592914951693
                ],
                [
                    0.044882570406004026,
                    -0.004110882397743927,
                    0.9989838114402368,
                    0.012482278462252805
                ],
                [
                    0.0,
                    0.0,
                    0.0,
                    1.0
                ]
            ],
            "antennas": [
                0.18782130009060133,
                -0.2668471433292856
            ],
            "body_yaw": 0.14586623312004562,
            "check_collision": false
        },
        {
            "head": [
                [
                    0.9942200622145992,
                    0.09377003673102878,
                    -0.05228430071694343,
                    -0.01752442583181297
                ],
                [
                    -0.09347260431591507,
                    0.9955888152705021,
                    0.008110681270894413,
                    -0.003369859473144362
                ],
                [
                    0.052814203888713815,
                    -0.00317665228490226,
                    0.9985993033984462,
                    0.01237650214875985
                ],
                [
                    0.0,
                    0.0,
                    0.0,
                    1.0
                ]
            ],
            "antennas": [
                0.18782130009060133,
                -0.2668471433292856
            ],
            "body_yaw": 0.14586623312004562,
            "check_collision": false
        },
        {
            "head": [
                [
                    0.9938855905346782,
                    0.09278453471042501,
                    -0.05985368030541975,
                    -0.017564106346198212
                ],
                [
                    -0.09241885336195417,
                    0.9956808428161689,
                    0.008855212710293521,
                    -0.0030134366079600226
                ],
                [
                    0.06041678964323631,
                    -0.0032694598105603924,
                    0.9981678827540743,
                    0.012046375191377967
                ],
                [
                    0.0,
                    0.0,
                    0.0,
                    1.0
                ]
            ],
            "antennas": [
                0.18782130009060133,
                -0.2668471433292856
            ],
            "body_yaw": 0.14586623312004562,
            "check_collision": false
        },
        {
            "head": [
                [
                    0.9935598019164473,
                    0.0918245584447648,
                    -0.06638652334753882,
                    -0.017554489526710706
                ],
                [
                    -0.09143779087116323,
                    0.9957714847357882,
                    0.008847631755713922,
                    -0.0030831021762670646
                ],
                [
                    0.06691823679947613,
                    -0.002720414216120945,
                    0.997754753900046,
                    0.011927626292778437
                ],
                [
                    0.0,
                    0.0,
                    0.0,
                    1.0
                ]
            ],
            "antennas": [
                0.18782130009060133,
                -0.2668471433292856
            ],
            "body_yaw": 0.14586623312004562,
            "check_collision": false
        },
        {
            "head": [
                [
                    0.9932053213875087,
                    0.09110533694205843,
                    -0.07240861238975393,
                    -0.01755219740216777
                ],
                [
                    -0.09070882216854594,
                    0.995838993971818,
                    0.008752580533356624,
                    -0.003170649378662235
                ],
                [
                    0.07290472651571181,
                    -0.002125009616869157,
                    0.9973366458652754,
                    0.01180133233933689
                ],
                [
                    0.0,
                    0.0,
                    0.0,
                    1.0
                ]
            ],
            "antennas": [
                0.18782130009060133,
                -0.2668471433292856
            ],
            "body_yaw": 0.14586623312004562,
            "check_collision": false
        },
        {
            "head": [
                [
                    0.9928160858218906,
                    0.09076738762460987,
                    -0.07795832910666926,
                    -0.017590071217972007
                ],
                [
                    -0.09036383845717985,
                    0.9958708534666458,
                    0.008695971187781343,
                    -0.0033450218944585755
                ],
                [
                    0.07842573832986617,
                    -0.001588886219286289,
                    0.9969186922753516,
                    0.01180428891827967
                ],
                [
                    0.0,
                    0.0,
                    0.0,
                    1.0
                ]
            ],
            "antennas": [
                0.18782130009060133,
                -0.2668471433292856
            ],
            "body_yaw": 0.14586623312004562,
            "check_collision": false
        },
        {
            "head": [
                [
                    0.992378703120194,
                    0.09064233146615193,
                    -0.08347740616395553,
                    -0.017586785248110574
                ],
                [
                    -0.09020788347843732,
                    0.9958825679226183,
                    0.008969318044990099,
                    -0.0034517058301701685
                ],
                [
                    0.08394669351333876,
                    -0.001370640081039545,
                    0.9964693040901691,
                    0.011693427638405085
                ],
                [
                    0.0,
                    0.0,
                    0.0,
                    1.0
                ]
            ],
            "antennas": [
                0.18782130009060133,
                -0.2668471433292856
            ],
            "body_yaw": 0.14586623312004562,
            "check_collision": false
        },
        {
            "head": [
                [
                    0.9919674774319434,
                    0.09014670656974101,
                    -0.08873609756990744,
                    -0.0175913475347294
                ],
                [
                    -0.08966034819657341,
                    0.9959274736368632,
                    0.009459874024771555,
                    -0.0035612596229620008
                ],
                [
                    0.0892274939610899,
                    -0.001427777967453591,
                    0.9960102488285446,
                    0.011603275884543907
                ],
                [
                    0.0,
                    0.0,
                    0.0,
                    1.0
                ]
            ],
            "antennas": [
                0.18782130009060133,
                -0.2668471433292856
            ],
            "body_yaw": 0.14586623312004562,
            "check_collision": false
        },
        {
            "head": [
                [
                    0.9916083845327947,
                    0.08962531870223582,
                    -0.09316712924515498,
                    -0.017590740382481995
                ],
                [
                    -0.08911027607701226,
                    0.9959747063130298,
                    0.009682101122810396,
                    -0.003659061503800375
                ],
                [
                    0.09365986558681048,
                    -0.0012987040449347316,
                    0.9956034064556347,
                    0.011522616870810576
                ],
                [
                    0.0,
                    0.0,
                    0.0,
                    1.0
                ]
            ],
            "antennas": [
                0.18782130009060133,
                -0.2668471433292856
            ],
            "body_yaw": 0.14586623312004562,
            "check_collision": false
        },
        {
            "head": [
                [
                    0.9913042352336299,
                    0.0887852177449358,
                    -0.09712413869812425,
                    -0.017582479850662122
                ],
                [
                    -0.08830335012179992,
                    0.9960506136127276,
                    0.009257077237195415,
                    -0.003748231907427253
                ],
                [
                    0.09756244956506041,
                    -0.0006001930463779221,
                    0.9952292239495241,
                    0.01144017274883058
                ],
                [
                    0.0,
                    0.0,
                    0.0,
                    1.0
                ]
            ],
            "antennas": [
                0.18782130009060133,
                -0.2668471433292856
            ],
            "body_yaw": 0.14586623312004562,
            "check_collision": false
        },
        {
            "head": [
                [
                    0.9909265157179407,
                    0.08836853379553157,
                    -0.1012701470421054,
                    -0.01761578177996636
                ],
                [
                    -0.08787404826526075,
                    0.9960877841469156,
                    0.00934226496960159,
                    -0.0033126138490592945
                ],
                [
                    0.10169951862509614,
                    -0.0003584802862330516,
                    0.9948150980977861,
                    0.011198835490011327
                ],
                [
                    0.0,
                    0.0,
                    0.0,
                    1.0
                ]
            ],
            "antennas": [
                0.18782130009060133,
                -0.2668471433292856
            ],
            "body_yaw": 0.14586623312004562,
            "check_collision": false
        },
        {
            "head": [
                [
                    0.9906157873371565,
                    0.08805585765779095,
                    -0.10453003305527249,
                    -0.01761485943679812
                ],
                [
                    -0.08758669719944853,
                    0.9961155253517762,
                    0.00907913139276452,
                    -0.003393357266742536
                ],
                [
                    0.10492345949346894,
                    0.0001615094604795796,
                    0.9944802871664257,
                    0.011102179344586904
                ],
                [
                    0.0,
                    0.0,
                    0.0,
                    1.0
                ]
            ],
            "antennas": [
                0.18782130009060133,
                -0.2668471433292856
            ],
            "body_yaw": 0.14586623312004562,
            "check_collision": false
        },
        {
            "head": [
                [
                    0.9903203075301346,
                    0.08817855363751813,
                    -0.10719249587454782,
                    -0.017455957868951204
                ],
                [
                    -0.08771462881479387,
                    0.9961045849415104,
                    0.00904432144409678,
                    -0.0029979721349726617
                ],
                [
                    0.10757245179553426,
                    0.0004455747934479729,
                    0.9941971479931939,
                    0.010698539773537519
                ],
                [
                    0.0,
                    0.0,
                    0.0,
                    1.0
                ]
            ],
            "antennas": [
                0.18782130009060133,
                -0.2668471433292856
            ],
            "body_yaw": 0.14586623312004562,
            "check_collision": false
        },
        {
            "head": [
                [
                    0.9901044110904466,
                    0.08850240060837126,
                    -0.10890629102946911,
                    -0.01747831980661734
                ],
                [
                    -0.08802721802687412,
                    0.9960758356099625,
                    0.009172709543218294,
                    -0.0030908180048619554
                ],
                [
                    0.10929073165501835,
                    0.000504777644557414,
                    0.9940096987322812,
                    0.010571393068824042
                ],
                [
                    0.0,
                    0.0,
                    0.0,
                    1.0
                ]
            ],
            "antennas": [
                0.18782130009060133,
                -0.2668471433292856
            ],
            "body_yaw": 0.14586623312004562,
            "check_collision": false
        },
        {
            "head": [
                [
                    0.9899021026373143,
                    0.08890211317667265,
                    -0.11040942653119246,
                    -0.017513902523062928
                ],
                [
                    -0.0884026967055126,
                    0.9960402725866818,
                    0.00942011680619977,
                    -0.0031849184884429637
                ],
                [
                    0.11080970358871037,
                    0.0004354976135203274,
                    0.9938415466926362,
                    0.010453489434716912
                ],
                [
                    0.0,
                    0.0,
                    0.0,
                    1.0
                ]
            ],
            "antennas": [
                0.18782130009060133,
                -0.2668471433292856
            ],
            "body_yaw": 0.14586623312004562,
            "check_collision": false
        },
        {
            "head": [
                [
                    0.9896925936890574,
                    0.08949235255799767,
                    -0.11180200727474233,
                    -0.017478732604985836
                ],
                [
                    -0.08900551777286406,
                    0.9959872639488064,
                    0.009348147289971532,
                    -0.00322158821011943
                ],
                [
                    0.11218996302259339,
                    0.0006992034079346954,
                    0.9936865317148983,
                    0.010258795238628715
                ],
                [
                    0.0,
                    0.0,
                    0.0,
                    1.0
                ]
            ],
            "antennas": [
                0.18782130009060133,
                -0.2668471433292856
            ],
            "body_yaw": 0.14586623312004562,
            "check_collision": false
        },
        {
            "head": [
                [
                    0.9894767831001609,
                    0.08966391583456976,
                    -0.11356089953398611,
                    -0.017508894990881933
                ],
                [
                    -0.08914564487328375,
                    0.9959719096660095,
                    0.009644125484888964,
                    -0.003316885225056658
                ],
                [
                    0.11396819602802911,
                    0.0005808213607451686,
                    0.9934842288333838,
                    0.010149304056841557
                ],
                [
                    0.0,
                    0.0,
                    0.0,
                    1.0
                ]
            ],
            "antennas": [
                0.18782130009060133,
                -0.2668471433292856
            ],
            "body_yaw": 0.14586623312004562,
            "check_collision": false
        },
        {
            "head": [
                [
                    0.9892685339327043,
                    0.08983213083930557,
                    -0.11523001362278812,
                    -0.01752711006214313
                ],
                [
                    -0.08926147501502633,
                    0.9959568813080972,
                    0.010113340357701976,
                    -0.003414479560746845
                ],
                [
                    0.11567262791507713,
                    0.0002807915931453617,
                    0.9932873523343089,
                    0.010041815000764176
                ],
                [
                    0.0,
                    0.0,
                    0.0,
                    1.0
                ]
            ],
            "antennas": [
                0.18782130009060133,
                -0.2668471433292856
            ],
            "body_yaw": 0.14586623312004562,
            "check_collision": false
        },
        {
            "head": [
                [
                    0.989054986861279,
                    0.09052308868435757,
                    -0.11651524955935684,
                    -0.017494708790406165
                ],
                [
                    -0.0898788579889645,
                    0.9958943385475705,
                    0.010782269496571779,
                    -0.0029701321412966297
                ],
                [
                    0.11701292172847759,
                    -0.00019199984657237816,
                    0.9931303737599733,
                    0.009631355996496005
                ],
                [
                    0.0,
                    0.0,
                    0.0,
                    1.0
                ]
            ],
            "antennas": [
                0.18782130009060133,
                -0.2668471433292856
            ],
            "body_yaw": 0.14586623312004562,
            "check_collision": false
        },
        {
            "head": [
                [
                    0.9889171732031602,
                    0.0906900230948023,
                    -0.11755060295436938,
                    -0.017515041575225196
                ],
                [
                    -0.08996745484563941,
                    0.9958788890212662,
                    0.011449693025007004,
                    -0.003061808104469563
                ],
                [
                    0.1181045367988436,
                    -0.0007470694969589527,
                    0.9930008863413455,
                    0.009521666469253343
                ],
                [
                    0.0,
                    0.0,
                    0.0,
                    1.0
                ]
            ],
            "antennas": [
                0.18782130009060133,
                -0.2668471433292856
            ],
            "body_yaw": 0.14586623312004562,
            "check_collision": false
        },
        {
            "head": [
                [
                    0.9888025295542658,
                    0.09130943688860448,
                    -0.11803450462543374,
                    -0.017268594056047342
                ],
                [
                    -0.09046330448191713,
                    0.9958211172664273,
                    0.012517705399024975,
                    -0.0024636025220148923
                ],
                [
                    0.11868423690321112,
                    -0.001699747431468118,
                    0.9929305931279245,
                    0.009115460180957435
                ],
                [
                    0.0,
                    0.0,
                    0.0,
                    1.0
                ]
            ],
            "antennas": [
                0.18782130009060133,
                -0.2668471433292856
            ],
            "body_yaw": 0.14586623312004562,
            "check_collision": false
        },
        {
            "head": [
                [
                    0.9886797775809953,
                    0.0918068235917261,
                    -0.11867520610637396,
                    -0.017260094363483563
                ],
                [
                    -0.0908030105804106,
                    0.9957725639541246,
                    0.01384969839967028,
                    -0.0025494894754530856
                ],
                [
                    0.11944501108010537,
                    -0.0029168507376403988,
                    0.9928365330253752,
                    0.008991133178148814
                ],
                [
                    0.0,
                    0.0,
                    0.0,
                    1.0
                ]
            ],
            "antennas": [
                0.18782130009060133,
                -0.2668471433292856
            ],
            "body_yaw": 0.14586623312004562,
            "check_collision": false
        },
        {
            "head": [
                [
                    0.9885518710839097,
                    0.09227778295532238,
                    -0.11937340134783488,
                    -0.017235343517934994
                ],
                [
                    -0.09112271892185425,
                    0.9957250273062713,
                    0.015110264465385104,
                    -0.0026270831526698257
                ],
                [
                    0.12025742502144969,
                    -0.004059651312064705,
                    0.9927344413076614,
                    0.008862972297424832
                ],
                [
                    0.0,
                    0.0,
                    0.0,
                    1.0
                ]
            ],
            "antennas": [
                0.18782130009060133,
                -0.2668471433292856
            ],
            "body_yaw": 0.14586623312004562,
            "check_collision": false
        },
        {
            "head": [
                [
                    0.9885116245476849,
                    0.0923767650099167,
                    -0.1196298517110145,
                    -0.017174893961296466
                ],
                [
                    -0.09113129842772971,
                    0.9957127100074143,
                    0.015851989672178574,
                    -0.002879183185859811
                ],
                [
                    0.12058131936984584,
                    -0.004767852346016853,
                    0.992692003092114,
                    0.008842596570558414
                ],
                [
                    0.0,
                    0.0,
                    0.0,
                    1.0
                ]
            ],
            "antennas": [
                0.18782130009060133,
                -0.2668471433292856
            ],
            "body_yaw": 0.14586623312004562,
            "check_collision": false
        },
        {
            "head": [
                [
                    0.9885543494583328,
                    0.0923356212448652,
                    -0.11930813558319339,
                    -0.01714057299751357
                ],
                [
                    -0.09102076924136566,
                    0.9957133667639014,
                    0.01643504835425589,
                    -0.002936773602355012
                ],
                [
                    0.12031424576384511,
                    -0.005387420256622259,
                    0.9927212388023418,
                    0.008707904815094758
                ],
                [
                    0.0,
                    0.0,
                    0.0,
                    1.0
                ]
            ],
            "antennas": [
                0.18782130009060133,
                -0.2668471433292856
            ],
            "body_yaw": 0.14586623312004562,
            "check_collision": false
        },
        {
            "head": [
                [
                    0.9887374825303492,
                    0.09188145756623456,
                    -0.11813546628786893,
                    -0.01710913800166831
