{
    "description": "TODO: Add a description of the recording. You can add as much as you want, even if the wording is not perfect.",
    "time": [
        1753107781.370982,
        1753107781.3810782,
        1753107781.3910136,
        1753107781.401141,
        1753107781.4111485,
        1753107781.4213617,
        1753107781.4312732,
        1753107781.4412525,
        1753107781.45136,
        1753107781.461576,
        1753107781.4716163,
        1753107781.4817288,
        1753107781.4917467,
        1753107781.5017633,
        1753107781.5118997,
        1753107781.5218937,
        1753107781.5325148,
        1753107781.5419607,
        1753107781.5521264,
        1753107781.5620916,
        1753107781.5721323,
        1753107781.582144,
        1753107781.5924258,
        1753107781.6023355,
        1753107781.6126215,
        1753107781.6224222,
        1753107781.6325862,
        1753107781.6425624,
        1753107781.6528146,
        1753107781.6627085,
        1753107781.6727016,
        1753107781.682806,
        1753107781.6929996,
        1753107781.702894,
        1753107781.7129467,
        1753107781.7230208,
        1753107781.733063,
        1753107781.743051,
        1753107781.7531724,
        1753107781.7632113,
        1753107781.773236,
        1753107781.783324,
        1753107781.7933748,
        1753107781.8034823,
        1753107781.813772,
        1753107781.8237348,
        1753107781.8338292,
        1753107781.8437452,
        1753107781.8538754,
        1753107781.863884,
        1753107781.873901,
        1753107781.8840714,
        1753107781.8940613,
        1753107781.9040675,
        1753107781.9141092,
        1753107781.9241953,
        1753107781.9343047,
        1753107781.9443097,
        1753107781.9544504,
        1753107781.9644885,
        1753107781.9744937,
        1753107781.9845986,
        1753107781.9947248,
        1753107782.0046713,
        1753107782.014773,
        1753107782.0248601,
        1753107782.0348983,
        1753107782.0449324,
        1753107782.055076,
        1753107782.065081,
        1753107782.0750127,
        1753107782.0851433,
        1753107782.0951803,
        1753107782.1053011,
        1753107782.1153302,
        1753107782.1253762,
        1753107782.1354105,
        1753107782.1455371,
        1753107782.1555688,
        1753107782.1656618,
        1753107782.1756752,
        1753107782.1857996,
        1753107782.1958134,
        1753107782.2059932,
        1753107782.2159765,
        1753107782.226092,
        1753107782.2360432,
        1753107782.2461104,
        1753107782.2561677,
        1753107782.2662508,
        1753107782.27622,
        1753107782.2863882,
        1753107782.2964077,
        1753107782.3064902,
        1753107782.3166096,
        1753107782.3265774,
        1753107782.3366132,
        1753107782.3467126,
        1753107782.3568296,
        1753107782.3668816,
        1753107782.3769333,
        1753107782.3871682,
        1753107782.3970575,
        1753107782.4070756,
        1753107782.417182,
        1753107782.4273431,
        1753107782.437225,
        1753107782.4473007,
        1753107782.4573922,
        1753107782.4674497,
        1753107782.4774866,
        1753107782.488433,
        1753107782.4978583,
        1753107782.5077882,
        1753107782.5179262,
        1753107782.527851,
        1753107782.537914,
        1753107782.548401,
        1753107782.5580647,
        1753107782.5681574,
        1753107782.578145,
        1753107782.5882778,
        1753107782.598269,
        1753107782.6082642,
        1753107782.6184218,
        1753107782.6284935,
        1753107782.638518,
        1753107782.648579,
        1753107782.6586251,
        1753107782.6687324,
        1753107782.6787226,
        1753107782.6888092,
        1753107782.6989455,
        1753107782.7089598,
        1753107782.719139,
        1753107782.7291443,
        1753107782.7391768,
        1753107782.7491503,
        1753107782.7592113,
        1753107782.769202,
        1753107782.7792592,
        1753107782.7893507,
        1753107782.7994287,
        1753107782.8094485,
        1753107782.819571,
        1753107782.82971,
        1753107782.8396406,
        1753107782.8497593,
        1753107782.8598216,
        1753107782.8699417,
        1753107782.8799973,
        1753107782.890049,
        1753107782.9000862,
        1753107782.910053,
        1753107782.920152,
        1753107782.9302619,
        1753107782.9403143,
        1753107782.9503484,
        1753107782.9603765,
        1753107782.9704337,
        1753107782.9804802,
        1753107782.9905727,
        1753107783.0006132,
        1753107783.0106196,
        1753107783.0208921,
        1753107783.0308068,
        1753107783.0411265,
        1753107783.051235,
        1753107783.0625012,
        1753107783.0712435,
        1753107783.0813143,
        1753107783.0911918,
        1753107783.101471,
        1753107783.1115265,
        1753107783.1215541,
        1753107783.131653,
        1753107783.1415467,
        1753107783.1517334,
        1753107783.1618102,
        1753107783.1717253,
        1753107783.1818664,
        1753107783.1919749,
        1753107783.201888,
        1753107783.2120152,
        1753107783.221993,
        1753107783.2321367,
        1753107783.2425072,
        1753107783.2526426,
        1753107783.2628384,
        1753107783.272802,
        1753107783.2825754,
        1753107783.292518,
        1753107783.3025355,
        1753107783.3126554,
        1753107783.3228295,
        1753107783.3327978,
        1753107783.3428676,
        1753107783.353045,
        1753107783.3631895,
        1753107783.372987,
        1753107783.383223,
        1753107783.3932064,
        1753107783.4032757,
        1753107783.4133956,
        1753107783.423455,
        1753107783.4334161,
        1753107783.4436278,
        1753107783.453863,
        1753107783.4639049,
        1753107783.4738674,
        1753107783.4840908,
        1753107783.49421,
        1753107783.504047,
        1753107783.5139394,
        1753107783.5239956,
        1753107783.5342922,
        1753107783.5440972,
        1753107783.5542283,
        1753107783.5642717,
        1753107783.5742598,
        1753107783.5843642,
        1753107783.594445,
        1753107783.604463,
        1753107783.614534,
        1753107783.6250198,
        1753107783.635109,
        1753107783.64472,
        1753107783.6549022,
        1753107783.6649594,
        1753107783.6748364,
        1753107783.684988,
        1753107783.6950734,
        1753107783.70501,
        1753107783.715131,
        1753107783.7251906,
        1753107783.7352326,
        1753107783.7453718,
        1753107783.755363,
        1753107783.7653875,
        1753107783.775438,
        1753107783.7855566,
        1753107783.795638,
        1753107783.8055909,
        1753107783.8156438,
        1753107783.825718,
        1753107783.835814,
        1753107783.8458486,
        1753107783.855906,
        1753107783.866221,
        1753107783.8761196,
        1753107783.886076,
        1753107783.8962257,
        1753107783.906239,
        1753107783.9164605,
        1753107783.9263778,
        1753107783.9364681,
        1753107783.946524,
        1753107783.95654,
        1753107783.96665,
        1753107783.9766417,
        1753107783.9867554,
        1753107783.9967885,
        1753107784.0068333,
        1753107784.0169194,
        1753107784.0269833,
        1753107784.0372121,
        1753107784.0470655,
        1753107784.0571978,
        1753107784.0672362,
        1753107784.077341,
        1753107784.087376,
        1753107784.0974066,
        1753107784.107532,
        1753107784.117661,
        1753107784.1276145,
        1753107784.1376524,
        1753107784.1478062,
        1753107784.1577926,
        1753107784.1678925,
        1753107784.177985,
        1753107784.188239,
        1753107784.1981988,
        1753107784.2081559,
        1753107784.2182465,
        1753107784.2282841,
        1753107784.2383125,
        1753107784.248398,
        1753107784.2584841,
        1753107784.2685435,
        1753107784.2785997,
        1753107784.2885706,
        1753107784.298652,
        1753107784.308663,
        1753107784.318829,
        1753107784.3289459,
        1753107784.338877,
        1753107784.3491175,
        1753107784.3590622,
        1753107784.3692436,
        1753107784.3792703,
        1753107784.389346,
        1753107784.399369,
        1753107784.409533,
        1753107784.4197955,
        1753107784.4295952,
        1753107784.4395247,
        1753107784.449655,
        1753107784.459642,
        1753107784.4697917,
        1753107784.479844,
        1753107784.4899871,
        1753107784.5001404,
        1753107784.5100849,
        1753107784.5203094,
        1753107784.530321,
        1753107784.540213,
        1753107784.5504503,
        1753107784.560754,
        1753107784.5707219,
        1753107784.5807729,
        1753107784.590723,
        1753107784.6006453,
        1753107784.6109855,
        1753107784.6209137,
        1753107784.6308646,
        1753107784.6408865,
        1753107784.6510031,
        1753107784.6611934,
        1753107784.6710715,
        1753107784.6811564,
        1753107784.6911993,
        1753107784.7012706,
        1753107784.7114549,
        1753107784.7215736,
        1753107784.7314978,
        1753107784.7414925,
        1753107784.7517183,
        1753107784.761637,
        1753107784.7716906,
        1753107784.781796,
        1753107784.7918415,
        1753107784.8020542,
        1753107784.8120394,
        1753107784.8220196,
        1753107784.8322227,
        1753107784.8422194,
        1753107784.852285,
        1753107784.8622994,
        1753107784.8722765,
        1753107784.8824267,
        1753107784.892403,
        1753107784.902581,
        1753107784.9125698,
        1753107784.9225779,
        1753107784.9328318,
        1753107784.942673,
        1753107784.9528065,
        1753107784.962912,
        1753107784.972873,
        1753107784.9831607,
        1753107784.993152,
        1753107785.0033875,
        1753107785.013217,
        1753107785.023215,
        1753107785.0333347,
        1753107785.0433142,
        1753107785.0534306,
        1753107785.0635228,
        1753107785.0735042,
        1753107785.083635,
        1753107785.0935996,
        1753107785.1036706,
        1753107785.1137524,
        1753107785.1238456,
        1753107785.1339345,
        1753107785.1439776,
        1753107785.1541283,
        1753107785.1641135,
        1753107785.1740787,
        1753107785.1842813,
        1753107785.1942801,
        1753107785.2044246,
        1753107785.2143621,
        1753107785.2244167,
        1753107785.2344842,
        1753107785.2446084,
        1753107785.254588,
        1753107785.2646782,
        1753107785.2746978,
        1753107785.2848155,
        1753107785.2948592,
        1753107785.3048263,
        1753107785.314922,
        1753107785.324998,
        1753107785.3350651,
        1753107785.345089,
        1753107785.3551385,
        1753107785.365174,
        1753107785.3752217,
        1753107785.3853874,
        1753107785.3954096,
        1753107785.4054463,
        1753107785.4156232,
        1753107785.4256604,
        1753107785.4356737,
        1753107785.4457157,
        1753107785.4558237,
        1753107785.4658551,
        1753107785.4758775,
        1753107785.4861012,
        1753107785.496115,
        1753107785.5061314,
        1753107785.5162725,
        1753107785.5262315,
        1753107785.5364084,
        1753107785.5463896,
        1753107785.5563502,
        1753107785.5664449,
        1753107785.5764375,
        1753107785.5866287,
        1753107785.596657,
        1753107785.60663,
        1753107785.616797,
        1753107785.6268258,
        1753107785.636876,
        1753107785.647107,
        1753107785.6570103,
        1753107785.6670868,
        1753107785.6770527,
        1753107785.687249,
        1753107785.6972542,
        1753107785.7072334,
        1753107785.7173162,
        1753107785.7273562,
        1753107785.7374532,
        1753107785.7475405,
        1753107785.7575352,
        1753107785.7675998,
        1753107785.777785,
        1753107785.788831,
        1753107785.7982178,
        1753107785.8080983,
        1753107785.8181264,
        1753107785.8281412,
        1753107785.8381965,
        1753107785.8484278,
        1753107785.8582196,
        1753107785.8683386,
        1753107785.8784423,
        1753107785.8884585,
        1753107785.8986332,
        1753107785.9084752,
        1753107785.9186242,
        1753107785.9287953,
        1753107785.9388642,
        1753107785.9489267,
        1753107785.9588132,
        1753107785.968965,
        1753107785.9790041,
        1753107785.9890764,
        1753107785.9991846,
        1753107786.0090528,
        1753107786.0192525,
        1753107786.029283,
        1753107786.0394192,
        1753107786.0495875,
        1753107786.059502,
        1753107786.0696733,
        1753107786.0796058,
        1753107786.089639,
        1753107786.09989,
        1753107786.1099532,
        1753107786.1200814,
        1753107786.1300817,
        1753107786.1400654,
        1753107786.150215,
        1753107786.1602504,
        1753107786.17044,
        1753107786.1805742,
        1753107786.1904173,
        1753107786.2005274,
        1753107786.2105772,
        1753107786.2207656,
        1753107786.2306318,
        1753107786.2405152,
        1753107786.2506475,
        1753107786.260722,
        1753107786.2707236,
        1753107786.2808573,
        1753107786.2910542,
        1753107786.3010483,
        1753107786.3110797,
        1753107786.321134,
        1753107786.3312337,
        1753107786.3411164,
        1753107786.3512204,
        1753107786.361401,
        1753107786.3713062,
        1753107786.3814256,
        1753107786.3914607,
        1753107786.4015343,
        1753107786.41163,
        1753107786.4217033,
        1753107786.4320288,
        1753107786.4418244,
        1753107786.451906,
        1753107786.461939,
        1753107786.4719667,
        1753107786.4821227,
        1753107786.49218,
        1753107786.5021305,
        1753107786.51224,
        1753107786.5223484,
        1753107786.532387,
        1753107786.5426495,
        1753107786.5529392,
        1753107786.563019,
        1753107786.5731509,
        1753107786.5832286,
        1753107786.5931697,
        1753107786.6031945,
        1753107786.6132607,
        1753107786.6233265,
        1753107786.6333928,
        1753107786.6433945,
        1753107786.6535802,
        1753107786.6636,
        1753107786.673585,
        1753107786.683676,
        1753107786.6937315,
        1753107786.703761,
        1753107786.713882,
        1753107786.7239745,
        1753107786.7339916,
        1753107786.7439847,
        1753107786.7541976,
        1753107786.764219,
        1753107786.7741883,
        1753107786.7842803,
        1753107786.7944016,
        1753107786.80437,
        1753107786.814542,
        1753107786.8245003,
        1753107786.8346388,
        1753107786.8447626,
        1753107786.8547375,
        1753107786.8648129,
        1753107786.874801,
        1753107786.8849518,
        1753107786.8951259,
        1753107786.9049966,
        1753107786.9150486,
        1753107786.9251142,
        1753107786.9352126,
        1753107786.945268,
        1753107786.9552977,
        1753107786.9655504,
        1753107786.9755719,
        1753107786.9857295,
        1753107786.9957917,
        1753107787.0057995,
        1753107787.0159056,
        1753107787.0259664,
        1753107787.0358503,
        1753107787.0459213,
        1753107787.0559201,
        1753107787.0660157,
        1753107787.0760636,
        1753107787.0861104,
        1753107787.0961518,
        1753107787.1064591,
        1753107787.1163402,
        1753107787.1264021,
        1753107787.1364617,
        1753107787.146499,
        1753107787.1565676,
        1753107787.166615,
        1753107787.1766698,
        1753107787.1868153,
        1753107787.196814,
        1753107787.2068653,
        1753107787.2169068,
        1753107787.2269602,
        1753107787.2370377,
        1753107787.247082,
        1753107787.2571416,
        1753107787.2671835,
        1753107787.2773154,
        1753107787.2873406,
        1753107787.2974102,
        1753107787.3074088,
        1753107787.3175526,
        1753107787.3276274,
        1753107787.3376238,
        1753107787.3477561,
        1753107787.357811,
        1753107787.3678815,
        1753107787.3780074,
        1753107787.388045,
        1753107787.3981,
        1753107787.4080927,
        1753107787.4182558,
        1753107787.4282622,
        1753107787.438379,
        1753107787.4483557,
        1753107787.4583442,
        1753107787.4684372,
        1753107787.478514,
        1753107787.489018,
        1753107787.4988117,
        1753107787.508762,
        1753107787.518739,
        1753107787.5289042,
        1753107787.5389733,
        1753107787.5490317,
        1753107787.5590465,
        1753107787.5691073,
        1753107787.5791569,
        1753107787.5892234,
        1753107787.5992527,
        1753107787.6093037,
        1753107787.620797,
        1753107787.6302648,
        1753107787.6399493,
        1753107787.6500509,
        1753107787.6599424,
        1753107787.66996,
        1753107787.6800637,
        1753107787.690087,
        1753107787.7001188,
        1753107787.7101793,
        1753107787.7203128,
        1753107787.7304037,
        1753107787.7404006,
        1753107787.7505043,
        1753107787.76056,
        1753107787.7705758,
        1753107787.7806492,
        1753107787.790728,
        1753107787.8007755,
        1753107787.8108146,
        1753107787.8209233,
        1753107787.830995,
        1753107787.840992,
        1753107787.8510919,
        1753107787.8611403,
        1753107787.8711228,
        1753107787.8811874,
        1753107787.8912828,
        1753107787.9014633,
        1753107787.9114614,
        1753107787.921462,
        1753107787.9315708,
        1753107787.9416153,
        1753107787.9517767,
        1753107787.961741,
        1753107787.9718158,
        1753107787.9818735,
        1753107787.9919388,
        1753107788.0020542,
        1753107788.0120685,
        1753107788.0221667,
        1753107788.0321834,
        1753107788.0423052,
        1753107788.0523868,
        1753107788.0623677,
        1753107788.072379,
        1753107788.082534,
        1753107788.0925565,
        1753107788.102774,
        1753107788.1127934,
        1753107788.122935,
        1753107788.132978,
        1753107788.143001,
        1753107788.1530461,
        1753107788.1631272,
        1753107788.1731224,
        1753107788.1833322,
        1753107788.1931973,
        1753107788.203252,
        1753107788.2133565,
        1753107788.2234533,
        1753107788.2335217,
        1753107788.24353,
        1753107788.2536361,
        1753107788.2636733,
        1753107788.2737072,
        1753107788.2838259,
        1753107788.293883,
        1753107788.303937,
        1753107788.314079,
        1753107788.3241148,
        1753107788.334184,
        1753107788.3441439,
        1753107788.3542635,
        1753107788.364279,
        1753107788.374324,
        1753107788.3844683,
        1753107788.3945107,
        1753107788.4045677,
        1753107788.4147599,
        1753107788.4247444,
        1753107788.4348955,
        1753107788.444934
    ],
    "set_target_data": [
        {
            "head": [
                [
                    0.9984888996109622,
                    -0.01938059168033143,
                    -0.05142285503363419,
                    -0.008015853347756608
                ],
                [
                    0.01856579268586823,
                    0.9996951591115485,
                    -0.01627575469467104,
                    -0.005368848264636731
                ],
                [
                    0.05172261300084568,
                    0.015296454329550131,
                    0.9985443354149623,
                    0.007270166634274877
                ],
                [
                    0.0,
                    0.0,
                    0.0,
                    1.0
                ]
            ],
            "antennas": [
                0.20904962345573194,
                -0.17839397614782984
            ],
            "body_yaw": 0.0,
            "check_collision": false
        },
        {
            "head": [
                [
                    0.9984898412550265,
                    -0.0193895538408429,
                    -0.05140118784974681,
                    -0.007985943832429022
                ],
                [
                    0.01857434461776499,
                    0.9996947632576682,
                    -0.01629030500681423,
                    -0.005421268137744011
                ],
                [
                    0.05170136006462895,
                    0.015310960683366234,
                    0.998545213723655,
                    0.0072730389380179505
                ],
                [
                    0.0,
                    0.0,
                    0.0,
                    1.0
                ]
            ],
            "antennas": [
                0.20904962345573194,
                -0.17839397614782984
            ],
            "body_yaw": 0.0,
            "check_collision": false
        },
        {
            "head": [
                [
                    0.9984928757203414,
                    -0.01931641707233903,
                    -0.051369769000942596,
                    -0.007937867092909764
                ],
                [
                    0.018505841239805167,
                    0.9996973653722602,
                    -0.016208377703171125,
                    -0.005655318370257721
                ],
                [
                    0.051667310513804375,
                    0.015233308873943892,
                    0.9985481637482595,
                    0.007282701876324349
                ],
                [
                    0.0,
                    0.0,
                    0.0,
                    1.0
                ]
            ],
            "antennas": [
                0.20904962345573194,
                -0.17839397614782984
            ],
            "body_yaw": 0.0,
            "check_collision": false
        },
        {
            "head": [
                [
                    0.9984985993932899,
                    -0.019257270377145086,
                    -0.051280644957528675,
                    -0.007897779599048936
                ],
                [
                    0.01845563710345348,
                    0.9997006845575307,
                    -0.01606022273538817,
                    -0.005731038719230079
                ],
                [
                    0.051574571920125635,
                    0.015089692933462165,
                    0.998555138536891,
                    0.007273511275648015
                ],
                [
                    0.0,
                    0.0,
                    0.0,
                    1.0
                ]
            ],
            "antennas": [
                0.20904962345573194,
                -0.17839397614782984
            ],
            "body_yaw": 0.0,
            "check_collision": false
        },
        {
            "head": [
                [
                    0.9985021061733763,
                    -0.019277520599989786,
                    -0.051204698679401105,
                    -0.007919927274244119
                ],
                [
                    0.01848674879655903,
                    0.9997031099960809,
                    -0.0158723653907163,
                    -0.0056319851634879245
                ],
                [
                    0.0514954763669996,
                    0.014901981870894044,
                    0.998562039559914,
                    0.0072939465829238714
                ],
                [
                    0.0,
                    0.0,
                    0.0,
                    1.0
                ]
            ],
            "antennas": [
                0.20904962345573194,
                -0.17839397614782984
            ],
            "body_yaw": 0.0,
            "check_collision": false
        },
        {
            "head": [
                [
                    0.9985092636883977,
                    -0.019204454237950336,
                    -0.05109245801365003,
                    -0.007895641175171199
                ],
                [
                    0.018417330383350805,
                    0.9997050255840395,
                    -0.01583236443382663,
                    -0.005689826751198249
                ],
                [
                    0.05138143896393545,
                    0.014867775873931727,
                    0.9985684237800422,
                    0.007298251047799631
                ],
                [
                    0.0,
                    0.0,
                    0.0,
                    1.0
                ]
            ],
            "antennas": [
                0.20904962345573194,
                -0.17839397614782984
            ],
            "body_yaw": 0.0,
            "check_collision": false
        },
        {
            "head": [
                [
                    0.9985158710872806,
                    -0.019005305760733435,
                    -0.05103776581856106,
                    -0.007927095244871866
                ],
                [
                    0.018215121558469743,
                    0.999707606983994,
                    -0.015903140725855247,
                    -0.005515198238123465
                ],
                [
                    0.05132508678433401,
                    0.014949879306443158,
                    0.9985700959748911,
                    0.007276656841791185
                ],
                [
                    0.0,
                    0.0,
                    0.0,
                    1.0
                ]
            ],
            "antennas": [
                0.20904962345573194,
                -0.17839397614782984
            ],
            "body_yaw": 0.0,
            "check_collision": false
        },
        {
            "head": [
                [
                    0.9985185081076813,
                    -0.018987845243242502,
                    -0.05099265338682274,
                    -0.007920074135043123
                ],
                [
                    0.01819375601996631,
                    0.9997065794230552,
                    -0.015991944851709083,
                    -0.005547674457183522
                ],
                [
                    0.05128134366702876,
                    0.01504050502053831,
                    0.9985709824546429,
                    0.007290961699998433
                ],
                [
                    0.0,
                    0.0,
                    0.0,
                    1.0
                ]
            ],
            "antennas": [
                0.20904962345573194,
                -0.17839397614782984
            ],
            "body_yaw": 0.0,
            "check_collision": false
        },
        {
            "head": [
                [
                    0.9985218318312915,
                    -0.018919143298435977,
                    -0.05095308992726345,
                    -0.007860062981145515
                ],
                [
                    0.018122138559922486,
                    0.9997068085705557,
                    -0.016058797952827285,
                    -0.005422879323234267
                ],
                [
                    0.05124196961766323,
                    0.015111681393147633,
                    0.9985719291243746,
                    0.007340609530616993
                ],
                [
                    0.0,
                    0.0,
                    0.0,
                    1.0
                ]
            ],
            "antennas": [
                0.20904962345573194,
                -0.17839397614782984
            ],
            "body_yaw": 0.0,
            "check_collision": false
        },
        {
            "head": [
                [
                    0.9985261616609356,
                    -0.018875257034132682,
                    -0.050884468657685596,
                    -0.007845198298394161
                ],
                [
                    0.018072340093562254,
                    0.9997055381535602,
                    -0.01619344029672162,
                    -0.005439742452511268
                ],
                [
                    0.05117514047095704,
                    0.015249972360509055,
                    0.9985732538681286,
                    0.007363908585471035
                ],
                [
                    0.0,
                    0.0,
                    0.0,
                    1.0
                ]
            ],
            "antennas": [
                0.20904962345573194,
                -0.17839397614782984
            ],
            "body_yaw": 0.0,
            "check_collision": false
        },
        {
            "head": [
                [
                    0.9985322386415949,
                    -0.018830344929754637,
                    -0.05078175364470797,
                    -0.00780793298754523
                ],
                [
                    0.01802778308339743,
                    0.9997059741534073,
                    -0.01621617337984429,
                    -0.0053618414876453755
                ],
                [
                    0.0510721786347843,
                    0.015276889467874831,
                    0.9985781137285572,
                    0.007424818105621622
                ],
                [
                    0.0,
                    0.0,
                    0.0,
                    1.0
                ]
            ],
            "antennas": [
                0.20904962345573194,
                -0.17839397614782984
            ],
            "body_yaw": 0.0,
            "check_collision": false
        },
        {
            "head": [
                [
                    0.9985316672089004,
                    -0.018845057197795605,
                    -0.05078753193675214,
                    -0.007791448393133938
                ],
                [
                    0.01804981112536319,
                    0.9997079088596461,
                    -0.016071754161050916,
                    -0.005383041147606476
                ],
                [
                    0.051075570475066855,
                    0.015131450118424018,
                    0.9985801546786122,
                    0.007464028613406726
                ],
                [
                    0.0,
                    0.0,
                    0.0,
                    1.0
                ]
            ],
            "antennas": [
                0.20904962345573194,
                -0.17839397614782984
            ],
            "body_yaw": 0.0,
            "check_collision": false
        },
        {
            "head": [
                [
                    0.9985308118216529,
                    -0.018704266529337734,
                    -0.05085634922397185,
                    -0.007809716430883379
                ],
                [
                    0.017917645359281597,
                    0.999713355312824,
                    -0.015879710134462172,
                    -0.0053786297067919065
                ],
                [
                    0.051138789852421235,
                    0.014945153822394138,
                    0.9985797246838407,
                    0.007388866403020389
                ],
                [
                    0.0,
                    0.0,
                    0.0,
                    1.0
                ]
            ],
            "antennas": [
                0.20904962345573194,
                -0.17839397614782984
            ],
            "body_yaw": 0.0,
            "check_collision": false
        },
        {
            "head": [
                [
                    0.9985356711491474,
                    -0.018588522863468862,
                    -0.05080334891004838,
                    -0.007797351672643699
                ],
                [
                    0.017809082716979133,
                    0.9997173126612695,
                    -0.015752185185215914,
                    -0.005409105117018452
                ],
                [
                    0.05108179730101138,
                    0.014824357762946624,
                    0.9985844422989048,
                    0.007406107308189469
                ],
                [
                    0.0,
                    0.0,
                    0.0,
                    1.0
                ]
            ],
            "antennas": [
                0.20904962345573194,
                -0.17839397614782984
            ],
            "body_yaw": 0.0,
            "check_collision": false
        },
        {
            "head": [
                [
                    0.9985414034209451,
                    -0.01853917560760255,
                    -0.0507086247291343,
                    -0.007780990973206435
                ],
                [
                    0.017771358483785693,
                    0.9997211341544417,
                    -0.015550972400393912,
                    -0.005444148109358453
                ],
                [
                    0.05098278603382199,
                    0.01462712865696851,
                    0.9985924106638716,
                    0.007421868684013122
                ],
                [
                    0.0,
                    0.0,
                    0.0,
                    1.0
                ]
            ],
            "antennas": [
                0.20904962345573194,
                -0.17839397614782984
            ],
            "body_yaw": 0.0,
            "check_collision": false
        },
        {
            "head": [
                [
                    0.9985461159157083,
                    -0.01851647539854767,
                    -0.05062405088955283,
                    -0.0077608263987680864
                ],
                [
                    0.017746230306211898,
                    0.9997204666142758,
                    -0.015622417945173345,
                    -0.005356680678745582
                ],
                [
                    0.05089917189475623,
                    0.014701318694245308,
                    0.9985955865760064,
                    0.007390220365324107
                ],
                [
                    0.0,
                    0.0,
                    0.0,
                    1.0
                ]
            ],
            "antennas": [
                0.20904962345573194,
                -0.17839397614782984
            ],
            "body_yaw": 0.0,
            "check_collision": false
        },
        {
            "head": [
                [
                    0.9985506999780328,
                    -0.018463678833023547,
                    -0.05055286477868172,
                    -0.007745549361733212
                ],
                [
                    0.017693592895578526,
                    0.9997211451941385,
                    -0.015638689912073483,
                    -0.005384417072079651
                ],
                [
                    0.050827515617293886,
                    0.014721562949341151,
                    0.9985989381330738,
                    0.0074022302744825574
                ],
                [
                    0.0,
                    0.0,
                    0.0,
                    1.0
                ]
            ],
            "antennas": [
                0.20904962345573194,
                -0.17839397614782984
            ],
            "body_yaw": 0.0,
            "check_collision": false
        },
        {
            "head": [
                [
                    0.9985596111846539,
                    -0.018434077028996007,
                    -0.05038737654256172,
                    -0.007789813048353614
                ],
                [
                    0.017662759347984003,
                    0.9997205654778143,
                    -0.015710438979687616,
                    -0.005340245808194891
                ],
                [
                    0.05066290401238426,
                    0.014797829733049573,
                    0.9986061758231939,
                    0.007093184083047599
                ],
                [
                    0.0,
                    0.0,
                    0.0,
                    1.0
                ]
            ],
            "antennas": [
                0.20904962345573194,
                -0.17839397614782984
            ],
            "body_yaw": 0.0,
            "check_collision": false
        },
        {
            "head": [
                [
                    0.9985660301079229,
                    -0.01834181420260308,
                    -0.05029375076746803,
                    -0.00773469714209692
                ],
                [
                    0.017567664172265327,
                    0.9997209608799197,
                    -0.015791692526795322,
                    -0.0054225938471834005
                ],
                [
                    0.05056936513377945,
                    0.014885503991720467,
                    0.9986096139537608,
                    0.006963677801706092
                ],
                [
                    0.0,
                    0.0,
                    0.0,
                    1.0
                ]
            ],
            "antennas": [
                0.20904962345573194,
                -0.17839397614782984
            ],
            "body_yaw": 0.0,
            "check_collision": false
        },
        {
            "head": [
                [
                    0.9985692943172023,
                    -0.018290088843627022,
                    -0.050247757133400746,
                    -0.007721458189833254
                ],
                [
                    0.01751626867541892,
                    0.9997217700139367,
                    -0.01579755968155892,
                    -0.0054494364297622945
                ],
                [
                    0.050522715470722006,
                    0.01489480480886233,
                    0.9986118365066433,
                    0.0069322487356744955
                ],
                [
                    0.0,
                    0.0,
                    0.0,
                    1.0
                ]
            ],
            "antennas": [
                0.20904962345573194,
                -0.17839397614782984
            ],
            "body_yaw": 0.0,
            "check_collision": false
        },
        {
            "head": [
                [
                    0.9985645765053692,
                    -0.018201891491673467,
                    -0.05037338280063046,
                    -0.007739215435727535
                ],
                [
                    0.017421422986044145,
                    0.9997219680301874,
                    -0.015889639989348323,
                    -0.005133247229214192
                ],
                [
                    0.05064859889271213,
                    0.014989255617778675,
                    0.9986040464800005,
                    0.006961910640562563
                ],
                [
