{
    "description": "A calm movement showing you don’t really have an opinion, or what’s offered doesn’t suit you.",
    "time": [
        1753107968.136655,
        1753107968.1466978,
        1753107968.1568017,
        1753107968.1667664,
        1753107968.1767995,
        1753107968.1869228,
        1753107968.196961,
        1753107968.2069783,
        1753107968.2171066,
        1753107968.2271035,
        1753107968.237152,
        1753107968.2471607,
        1753107968.2574475,
        1753107968.2672925,
        1753107968.2775593,
        1753107968.287514,
        1753107968.2974927,
        1753107968.307544,
        1753107968.3176062,
        1753107968.3276715,
        1753107968.3377738,
        1753107968.3477263,
        1753107968.3579428,
        1753107968.3680217,
        1753107968.3780313,
        1753107968.3881726,
        1753107968.3980365,
        1753107968.408086,
        1753107968.418204,
        1753107968.4282506,
        1753107968.4383035,
        1753107968.4484665,
        1753107968.4583616,
        1753107968.468494,
        1753107968.4785144,
        1753107968.4891512,
        1753107968.4990087,
        1753107968.508777,
        1753107968.5188403,
        1753107968.5292668,
        1753107968.5393713,
        1753107968.5493932,
        1753107968.559448,
        1753107968.569509,
        1753107968.5795808,
        1753107968.5896764,
        1753107968.5996585,
        1753107968.6097188,
        1753107968.6199257,
        1753107968.6297863,
        1753107968.639915,
        1753107968.649951,
        1753107968.6599872,
        1753107968.6700606,
        1753107968.680096,
        1753107968.6902325,
        1753107968.700193,
        1753107968.7103066,
        1753107968.7204785,
        1753107968.730562,
        1753107968.7404904,
        1753107968.7506106,
        1753107968.7605877,
        1753107968.770651,
        1753107968.7806768,
        1753107968.790797,
        1753107968.800833,
        1753107968.8109097,
        1753107968.8210928,
        1753107968.8311815,
        1753107968.8412175,
        1753107968.8512347,
        1753107968.861216,
        1753107968.8712838,
        1753107968.8814178,
        1753107968.8914413,
        1753107968.9014623,
        1753107968.9114776,
        1753107968.9215994,
        1753107968.9316196,
        1753107968.941653,
        1753107968.9517229,
        1753107968.9618044,
        1753107968.9718604,
        1753107968.9819477,
        1753107968.99198,
        1753107969.0020392,
        1753107969.0120354,
        1753107969.0221803,
        1753107969.0321944,
        1753107969.0422482,
        1753107969.0523791,
        1753107969.0623918,
        1753107969.0725102,
        1753107969.082498,
        1753107969.0925658,
        1753107969.1025722,
        1753107969.1127186,
        1753107969.1227465,
        1753107969.1327877,
        1753107969.1427782,
        1753107969.1530237,
        1753107969.1629257,
        1753107969.1729982,
        1753107969.1832697,
        1753107969.1933239,
        1753107969.2032154,
        1753107969.2132502,
        1753107969.2233462,
        1753107969.2333636,
        1753107969.2434452,
        1753107969.2539227,
        1753107969.2636366,
        1753107969.2736542,
        1753107969.283874,
        1753107969.2939982,
        1753107969.3038244,
        1753107969.31384,
        1753107969.3240047,
        1753107969.3340144,
        1753107969.3440132,
        1753107969.3544037,
        1753107969.364296,
        1753107969.3744893,
        1753107969.3843503,
        1753107969.394374,
        1753107969.4045246,
        1753107969.41445,
        1753107969.4245982,
        1753107969.4346116,
        1753107969.4447129,
        1753107969.4548,
        1753107969.4647925,
        1753107969.4748218,
        1753107969.4850943,
        1753107969.4961293,
        1753107969.5051146,
        1753107969.5153327,
        1753107969.5252497,
        1753107969.5353048,
        1753107969.5452867,
        1753107969.555587,
        1753107969.565521,
        1753107969.5755289,
        1753107969.585627,
        1753107969.5956306,
        1753107969.605703,
        1753107969.61611,
        1753107969.625882,
        1753107969.6359587,
        1753107969.6461058,
        1753107969.6561117,
        1753107969.6661084,
        1753107969.6760864,
        1753107969.686224,
        1753107969.6962085,
        1753107969.706285,
        1753107969.7164817,
        1753107969.726476,
        1753107969.7364616,
        1753107969.7465572,
        1753107969.7565987,
        1753107969.7666519,
        1753107969.7767332,
        1753107969.7868857,
        1753107969.79685,
        1753107969.8069243,
        1753107969.817006,
        1753107969.827068,
        1753107969.837221,
        1753107969.84712,
        1753107969.8572567,
        1753107969.867245,
        1753107969.8772938,
        1753107969.8873959,
        1753107969.8973877,
        1753107969.9074914,
        1753107969.917573,
        1753107969.9276137,
        1753107969.9377422,
        1753107969.9478352,
        1753107969.9578679,
        1753107969.9679458,
        1753107969.9780045,
        1753107969.988043,
        1753107969.9979706,
        1753107970.0081465,
        1753107970.0181806,
        1753107970.0282075,
        1753107970.0382059,
        1753107970.048254,
        1753107970.0584285,
        1753107970.0684292,
        1753107970.0784507,
        1753107970.0885658,
        1753107970.0985677,
        1753107970.1088011,
        1753107970.1187482,
        1753107970.1289675,
        1753107970.1388378,
        1753107970.1488972,
        1753107970.1589968,
        1753107970.1690695,
        1753107970.1790426,
        1753107970.1894848,
        1753107970.1995578,
        1753107970.2092962,
        1753107970.2194357,
        1753107970.22943,
        1753107970.239451,
        1753107970.2495549,
        1753107970.259588,
        1753107970.2696502,
        1753107970.2797074,
        1753107970.289833,
        1753107970.299843,
        1753107970.3099098,
        1753107970.3200521,
        1753107970.3300068,
        1753107970.3400686,
        1753107970.3501484,
        1753107970.3603616,
        1753107970.370375,
        1753107970.3802714,
        1753107970.3904905,
        1753107970.4004278,
        1753107970.410457,
        1753107970.4209592,
        1753107970.4307559,
        1753107970.4406574,
        1753107970.4508429,
        1753107970.4607584,
        1753107970.470842,
        1753107970.4809263,
        1753107970.4911244,
        1753107970.5010402,
        1753107970.5110667,
        1753107970.5212498,
        1753107970.5316536,
        1753107970.5411944,
        1753107970.5516918,
        1753107970.5613923,
        1753107970.5715384,
        1753107970.5814662,
        1753107970.5917957,
        1753107970.6017697,
        1753107970.6117136,
        1753107970.6217399,
        1753107970.631777,
        1753107970.6417744,
        1753107970.6519103,
        1753107970.6619282,
        1753107970.672014,
        1753107970.6820402,
        1753107970.6921926,
        1753107970.7023852,
        1753107970.7122235,
        1753107970.7224,
        1753107970.7323787,
        1753107970.7424269,
        1753107970.7526066,
        1753107970.7625895,
        1753107970.7726288,
        1753107970.7827258,
        1753107970.7927368,
        1753107970.8028052,
        1753107970.8128567,
        1753107970.8229175,
        1753107970.83297,
        1753107970.8429952,
        1753107970.8531165,
        1753107970.863073,
        1753107970.8732076,
        1753107970.883232,
        1753107970.8932815,
        1753107970.9034,
        1753107970.91339,
        1753107970.9235017,
        1753107970.9336908,
        1753107970.9435754,
        1753107970.953752,
        1753107970.9637115,
        1753107970.9738321,
        1753107970.983889,
        1753107970.993974,
        1753107971.0039566,
        1753107971.0142612,
        1753107971.0243719,
        1753107971.0343544,
        1753107971.0446072,
        1753107971.0545855,
        1753107971.0645463,
        1753107971.0746357,
        1753107971.0847547,
        1753107971.0947175,
        1753107971.1047587,
        1753107971.114791,
        1753107971.124803,
        1753107971.1348298,
        1753107971.144885,
        1753107971.1549902,
        1753107971.165211,
        1753107971.1753154,
        1753107971.1853797,
        1753107971.19537,
        1753107971.2053077,
        1753107971.215313,
        1753107971.2254126,
        1753107971.2354527,
        1753107971.2455568,
        1753107971.255782,
        1753107971.265651,
        1753107971.2756782,
        1753107971.2858531,
        1753107971.2958696,
        1753107971.305897,
        1753107971.3159323,
        1753107971.3260024,
        1753107971.3360584,
        1753107971.3460698,
        1753107971.3561482,
        1753107971.3662348,
        1753107971.3763087,
        1753107971.386408,
        1753107971.3963974,
        1753107971.4065201,
        1753107971.4166143,
        1753107971.4266775,
        1753107971.436676,
        1753107971.4467452,
        1753107971.4567823,
        1753107971.4668174,
        1753107971.4768875,
        1753107971.487095,
        1753107971.497043,
        1753107971.5070963,
        1753107971.5171943,
        1753107971.5271943,
        1753107971.5372443,
        1753107971.5472646,
        1753107971.5573862,
        1753107971.567416,
        1753107971.5774257,
        1753107971.587644,
        1753107971.597549,
        1753107971.607753,
        1753107971.6177294,
        1753107971.627767,
        1753107971.6379192,
        1753107971.648007,
        1753107971.658056,
        1753107971.6680207,
        1753107971.6780832,
        1753107971.688112,
        1753107971.6981454,
        1753107971.708172,
        1753107971.7183177,
        1753107971.7283485,
        1753107971.7384005,
        1753107971.748401,
        1753107971.7584648,
        1753107971.768538,
        1753107971.778618,
        1753107971.7886746,
        1753107971.7987087,
        1753107971.8087866,
        1753107971.8188453,
        1753107971.8289597,
        1753107971.8389738,
        1753107971.8490746,
        1753107971.859266,
        1753107971.8691356,
        1753107971.8792455,
        1753107971.889298,
        1753107971.899276,
        1753107971.9093177,
        1753107971.9198055,
        1753107971.9295156,
        1753107971.939574,
        1753107971.9496255,
        1753107971.9596677,
        1753107971.9697585,
        1753107971.9798648,
        1753107971.9898813,
        1753107971.9998817,
        1753107972.0099952,
        1753107972.0200787,
        1753107972.0300722,
        1753107972.0401495,
        1753107972.0501966,
        1753107972.060247,
        1753107972.0703292,
        1753107972.0803366,
        1753107972.0904229,
        1753107972.1004477,
        1753107972.1105597,
        1753107972.1206717,
        1753107972.130641,
        1753107972.1406946,
        1753107972.1508358,
        1753107972.1608403,
        1753107972.1709666,
        1753107972.1809547,
        1753107972.1912067,
        1753107972.2010365,
        1753107972.2113771,
        1753107972.2213082,
        1753107972.231239,
        1753107972.2412713,
        1753107972.251397,
        1753107972.2614086,
        1753107972.271469,
        1753107972.281565,
        1753107972.2916281,
        1753107972.3016262,
        1753107972.3117306,
        1753107972.32181,
        1753107972.3318384,
        1753107972.3418477,
        1753107972.3519967,
        1753107972.362009,
        1753107972.3720994,
        1753107972.3821437,
        1753107972.3921714,
        1753107972.4022093,
        1753107972.4123247,
        1753107972.4224474,
        1753107972.4327092,
        1753107972.4426594,
        1753107972.45274,
        1753107972.4626696,
        1753107972.4727423,
        1753107972.4828134,
        1753107972.493165,
        1753107972.5032296,
        1753107972.5132134,
        1753107972.5233822,
        1753107972.533323,
        1753107972.5433202,
        1753107972.553382,
        1753107972.5633838,
        1753107972.573557,
        1753107972.5836015,
        1753107972.5935225,
        1753107972.6035967,
        1753107972.61363,
        1753107972.623796,
        1753107972.6337943,
        1753107972.643816,
        1753107972.653931,
        1753107972.6639454,
        1753107972.67409,
        1753107972.6841276,
        1753107972.6942003,
        1753107972.704249,
        1753107972.7142625,
        1753107972.7242894,
        1753107972.7343762,
        1753107972.7444491,
        1753107972.754524,
        1753107972.7645466,
        1753107972.7745748,
        1753107972.7846925,
        1753107972.7947423,
        1753107972.804818,
        1753107972.8148603,
        1753107972.8251147,
        1753107972.8350031,
        1753107972.8451035,
        1753107972.8551207,
        1753107972.8651662,
        1753107972.8751402,
        1753107972.8852482,
        1753107972.8952725,
        1753107972.9053483,
        1753107972.915439,
        1753107972.9254284,
        1753107972.9358277,
        1753107972.945598,
        1753107972.9557745,
        1753107972.9657838,
        1753107972.9759912,
        1753107972.9859738,
        1753107972.9960544,
        1753107973.0059893,
        1753107973.0160718,
        1753107973.02606,
        1753107973.036123,
        1753107973.0461454,
        1753107973.0562623,
        1753107973.0662646,
        1753107973.0763767,
        1753107973.086474,
        1753107973.0964859,
        1753107973.106618,
        1753107973.1166315,
        1753107973.126706,
        1753107973.136804,
        1753107973.1468055,
        1753107973.15698,
        1753107973.1668987,
        1753107973.1771832,
        1753107973.1872935,
        1753107973.1971548,
        1753107973.2071397,
        1753107973.21727,
        1753107973.2272904,
        1753107973.2373266,
        1753107973.2473683,
        1753107973.2574577,
        1753107973.2675016,
        1753107973.2775228,
        1753107973.2877493,
        1753107973.2976897,
        1753107973.3078032,
        1753107973.3178835,
        1753107973.327946,
        1753107973.3381133,
        1753107973.3481367,
        1753107973.3583577,
        1753107973.3683267,
        1753107973.3782477,
        1753107973.388277,
        1753107973.3982458,
        1753107973.4083087,
        1753107973.4183893,
        1753107973.4285038,
        1753107973.438563,
        1753107973.4485996,
        1753107973.45861,
        1753107973.4686959,
        1753107973.4787867,
        1753107973.4891129,
        1753107973.4990184,
        1753107973.5092793,
        1753107973.5193543,
        1753107973.5290785,
        1753107973.5392277,
        1753107973.549211,
        1753107973.5594814,
        1753107973.5694468,
        1753107973.5793886,
        1753107973.589744,
        1753107973.599494,
        1753107973.610041,
        1753107973.6207695,
        1753107973.6300852,
        1753107973.6401966,
        1753107973.6503627,
        1753107973.6602767,
        1753107973.6703792,
        1753107973.6804245,
        1753107973.6905823,
        1753107973.7005537,
        1753107973.7107723,
        1753107973.7207808,
        1753107973.7307367,
        1753107973.7409155,
        1753107973.7508948,
        1753107973.760885,
        1753107973.7709622,
        1753107973.7810555,
        1753107973.7910879,
        1753107973.8010676,
        1753107973.811136,
        1753107973.8212552,
        1753107973.8314588,
        1753107973.841501,
        1753107973.851626,
        1753107973.8616974,
        1753107973.8716235,
        1753107973.8816323,
        1753107973.8917587,
        1753107973.9017262,
        1753107973.9120347,
        1753107973.922106,
        1753107973.9322255,
        1753107973.942159,
        1753107973.9523075,
        1753107973.962178,
        1753107973.9721801,
        1753107973.9822824,
        1753107973.9923766,
        1753107974.0023503,
        1753107974.0124207,
        1753107974.0224416,
        1753107974.0325122,
        1753107974.0426135,
        1753107974.0529673,
        1753107974.0629506,
        1753107974.0729377,
        1753107974.0829782,
        1753107974.09299,
        1753107974.1030383,
        1753107974.113069,
        1753107974.1232326,
        1753107974.1331987,
        1753107974.1432147,
        1753107974.153398,
        1753107974.1633499,
        1753107974.173448,
        1753107974.183557,
        1753107974.1935909,
        1753107974.2035975,
        1753107974.2136524,
        1753107974.2237477,
        1753107974.2337856,
        1753107974.2438705,
        1753107974.2540436,
        1753107974.264015,
        1753107974.2740316,
        1753107974.2841763,
        1753107974.2943137,
        1753107974.3042316,
        1753107974.3142965,
        1753107974.3243454,
        1753107974.3343549,
        1753107974.3444457,
        1753107974.354548,
        1753107974.364572,
        1753107974.3746376,
        1753107974.384783,
        1753107974.3948936,
        1753107974.40483,
        1753107974.4148574,
        1753107974.4249628,
        1753107974.4350297,
        1753107974.445015,
        1753107974.4551013,
        1753107974.465142,
        1753107974.4752223,
        1753107974.485563,
        1753107974.4954681,
        1753107974.505452,
        1753107974.515497,
        1753107974.5266566,
        1753107974.5366786,
        1753107974.5462174,
        1753107974.5564845,
        1753107974.5664818,
        1753107974.576539,
        1753107974.5866215,
        1753107974.5965993,
        1753107974.6067858,
        1753107974.6167898,
        1753107974.6268256,
        1753107974.636839,
        1753107974.6468863,
        1753107974.6569865,
        1753107974.6669965,
        1753107974.677017,
        1753107974.6871877,
        1753107974.6971586,
        1753107974.7072468,
        1753107974.7173402,
        1753107974.7274013,
        1753107974.7377386,
        1753107974.7476895,
        1753107974.7576435,
        1753107974.767621,
        1753107974.777858,
        1753107974.78782,
        1753107974.7977843,
        1753107974.8078423,
        1753107974.8182704,
        1753107974.8280044,
        1753107974.8380587,
        1753107974.8481443,
        1753107974.858231,
        1753107974.868242,
        1753107974.8783152,
        1753107974.88841,
        1753107974.8984196,
        1753107974.9084907,
        1753107974.91859,
        1753107974.9286041,
        1753107974.9387608,
        1753107974.9487681,
        1753107974.9588156,
        1753107974.9689233,
        1753107974.9791152,
        1753107974.9891396,
        1753107974.999064,
        1753107975.0090525,
        1753107975.0191932,
        1753107975.02924,
        1753107975.0392292,
        1753107975.0494041,
        1753107975.0593636,
        1753107975.0694342,
        1753107975.079655,
        1753107975.0896325,
        1753107975.0996454,
        1753107975.109788,
        1753107975.1198676,
        1753107975.1298585,
        1753107975.1398346,
        1753107975.1500044,
        1753107975.1601608,
        1753107975.1702664,
        1753107975.180147,
        1753107975.1902359,
        1753107975.2002182,
        1753107975.2102752,
        1753107975.2204134,
        1753107975.230379,
        1753107975.2404091,
        1753107975.250547,
        1753107975.2605588,
        1753107975.270672,
        1753107975.2807016,
        1753107975.2908006,
        1753107975.3007977,
        1753107975.311159,
        1753107975.3209722,
        1753107975.331002,
        1753107975.341035,
        1753107975.3512459,
        1753107975.3611445,
        1753107975.3713138,
        1753107975.3813112,
        1753107975.391389,
        1753107975.4013596,
        1753107975.411455,
        1753107975.421633,
        1753107975.431569,
        1753107975.4416542,
        1753107975.451812,
        1753107975.4618065,
        1753107975.4718628,
        1753107975.482308,
        1753107975.492449,
        1753107975.5023315,
        1753107975.5131276,
        1753107975.5224917,
        1753107975.5323443,
        1753107975.5425017,
        1753107975.552414,
        1753107975.5624394,
        1753107975.5724988,
        1753107975.5825841,
        1753107975.5926201,
        1753107975.602667,
        1753107975.6127427,
        1753107975.6232665,
        1753107975.633314,
        1753107975.6429973,
        1753107975.653079,
        1753107975.6630902,
        1753107975.673134,
        1753107975.683184,
        1753107975.6932688,
        1753107975.703298,
        1753107975.7133431,
        1753107975.723493,
        1753107975.7336273,
        1753107975.7435164,
        1753107975.7536929,
        1753107975.7636027,
        1753107975.773699,
        1753107975.7839396,
        1753107975.793857,
        1753107975.8038657,
        1753107975.813942,
        1753107975.8241482,
        1753107975.8343496,
        1753107975.8442752,
        1753107975.8544254,
        1753107975.8644018,
        1753107975.874532,
        1753107975.8846743,
        1753107975.8944297,
        1753107975.9044764
    ],
    "set_target_data": [
        {
            "head": [
                [
                    0.9998704844364931,
                    0.006991112151407491,
                    -0.014496161685747272,
                    -0.003448397488771163
                ],
                [
                    -0.007376913598121704,
                    0.9996153731766518,
                    -0.026733627787285504,
                    0.00025669762918315193
                ],
                [
                    0.014303688283052444,
                    0.02683710229867821,
                    0.9995374802586003,
                    0.011107346064248014
                ],
                [
                    0.0,
                    0.0,
                    0.0,
                    1.0
                ]
            ],
            "antennas": [
                0.07565880867249711,
                -0.12990899797406524
            ],
            "body_yaw": 0.0,
            "check_collision": false
        },
        {
            "head": [
                [
                    0.9998724373436546,
                    0.0070781860278336965,
                    -0.014318111712627092,
                    -0.0034116082193938035
                ],
                [
                    -0.007460336962015126,
                    0.9996125719084222,
                    -0.026815097520668338,
                    0.00024887417830439344
                ],
                [
                    0.014122762225325476,
                    0.026918494853634407,
                    0.9995378643262807,
                    0.011079761023163881
                ],
                [
                    0.0,
                    0.0,
                    0.0,
                    1.0
                ]
            ],
            "antennas": [
                0.07565880867249711,
                -0.12990899797406524
            ],
            "body_yaw": 0.0,
            "check_collision": false
        },
        {
            "head": [
                [
                    0.9998745902373585,
                    0.00714344464137575,
                    -0.01413417830401959,
                    -0.003322539719268892
                ],
                [
                    -0.0075217259512045664,
                    0.9996099932672522,
                    -0.026893958409995825,
                    0.0004139119195430297
                ],
                [
                    0.013936550376229899,
                    0.026996899060803436,
                    0.9995383634482027,
                    0.011049696763031802
                ],
                [
                    0.0,
                    0.0,
                    0.0,
                    1.0
                ]
            ],
            "antennas": [
                0.07565880867249711,
                -0.12990899797406524
            ],
            "body_yaw": 0.0,
            "check_collision": false
        },
        {
            "head": [
                [
                    0.9998760047939244,
                    0.007149863374839056,
                    -0.014030484348778577,
                    -0.003298933572158857
                ],
                [
                    -0.007529093211790609,
                    0.9996026098838142,
                    -0.02716496031426127,
                    0.0004232351853807551
                ],
                [
                    0.01383068301814318,
                    0.027267228813877588,
                    0.9995324959400086,
                    0.011037124814147314
                ],
                [
                    0.0,
                    0.0,
                    0.0,
                    1.0
                ]
            ],
            "antennas": [
                0.07565880867249711,
                -0.12990899797406524
            ],
            "body_yaw": 0.0,
            "check_collision": false
        },
        {
            "head": [
                [
                    0.9998769067944359,
                    0.007080407054857659,
                    -0.01400139618498063,
                    -0.0032881094047952242
                ],
                [
                    -0.0074632230087978025,
                    0.9995944726795717,
                    -0.027480729443924472,
                    0.00043755445573984315
                ],
                [
                    0.013801143485676081,
                    0.027581842295009016,
                    0.9995242720485087,
                    0.011038071270351946
                ],
                [
                    0.0,
                    0.0,
                    0.0,
                    1.0
                ]
            ],
            "antennas": [
                0.07565880867249711,
                -0.12990899797406524
            ],
            "body_yaw": 0.0,
            "check_collision": false
        },
        {
            "head": [
                [
                    0.999879046946252,
                    0.007023332554798606,
                    -0.01387675313895893,
                    -0.0032133785496019796
                ],
                [
                    -0.007406487505531796,
                    0.9995873000794876,
                    -0.02775560236476486,
                    0.0004405343836338862
                ],
                [
                    0.01367608937837501,
                    0.027855023238641273,
                    0.9995184151678695,
                    0.010948352307731724
                ],
                [
                    0.0,
                    0.0,
                    0.0,
                    1.0
                ]
            ],
            "antennas": [
                0.07565880867249711,
                -0.12990899797406524
            ],
            "body_yaw": 0.0,
            "check_collision": false
        },
        {
            "head": [
                [
                    0.9998779411899946,
                    0.006975148118724716,
                    -0.013980344429928111,
                    -0.003212140879407138
                ],
                [
                    -0.007362321335316174,
                    0.9995853711723036,
                    -0.027836701724227017,
                    0.0004530411179898327
                ],
                [
                    0.013780382658443094,
                    0.027936231797611615,
                    0.999514716253211,
                    0.010974105239324072
                ],
                [
                    0.0,
                    0.0,
                    0.0,
                    1.0
                ]
            ],
            "antennas": [
                0.07565880867249711,
                -0.12990899797406524
            ],
            "body_yaw": 0.0,
            "check_collision": false
        },
        {
            "head": [
                [
                    0.9998773941699487,
                    0.00692348314456185,
                    -0.014044999432526037,
                    -0.003213523648072482
                ],
                [
                    -0.007313956743996486,
                    0.9995827478401705,
                    -0.027943447479520826,
                    0.00046395351035519346
                ],
                [
                    0.013845673138552601,
                    0.02804274596826706,
                    0.9995108312239039,
                    0.01099638945326098
                ],
                [
                    0.0,
                    0.0,
                    0.0,
                    1.0
                ]
            ],
            "antennas": [
                0.07565880867249711,
                -0.12990899797406524
            ],
            "body_yaw": 0.0,
            "check_collision": false
        },
        {
            "head": [
                [
                    0.9998792413555979,
                    0.006871659530795074,
                    -0.013938543734800385,
                    -0.00320948354894573
                ],
                [
                    -0.0072610603982977565,
                    0.9995792647407364,
                    -0.02808149750745302,
                    0.0004688842508724835
                ],
                [
                    0.013739712808002277,
                    0.028179315031803938,
                    0.9995084524386435,
                    0.011010057483456293
                ],
                [
                    0.0,
                    0.0,
                    0.0,
                    1.0
                ]
            ],
            "antennas": [
                0.07565880867249711,
                -0.12990899797406524
            ],
            "body_yaw": 0.0,
            "check_collision": false
        },
        {
            "head": [
                [
                    0.9998846402425484,
                    0.00678936866081579,
                    -0.013587151291460915,
                    -0.0030823546007360276
                ],
                [
                    -0.007173118221370005,
                    0.9995709853641436,
                    -0.028397034935661997,
                    0.0005619081026753629
                ],
                [
                    0.01338852426564501,
                    0.028491221303104764,
                    0.9995043760417689,
                    0.010825320042677555
                ],
                [
                    0.0,
                    0.0,
                    0.0,
                    1.0
                ]
            ],
            "antennas": [
                0.07565880867249711,
                -0.12990899797406524
            ],
            "body_yaw": 0.0,
            "check_collision": false
        },
        {
            "head": [
                [
                    0.9998906887551493,
                    0.006777151321628613,
                    -0.013140805177633571,
                    -0.0030444722125243847
                ],
                [
                    -0.007153869597078706,
                    0.9995585567466932,
                    -0.02883598072296722,
                    0.0005470008455702047
                ],
                [
                    0.012939578452977775,
                    0.028926836232659316,
                    0.9994977766133488,
                    0.010793757739333887
                ],
                [
                    0.0,
                    0.0,
                    0.0,
                    1.0
                ]
            ],
            "antennas": [
                0.07565880867249711,
                -0.12990899797406524
            ],
            "body_yaw": 0.0,
            "check_collision": false
        },
        {
            "head": [
                [
                    0.9998967111686324,
                    0.0069276705449877905,
                    -0.012592631773115386,
                    -0.0029935221334890395
                ],
                [
                    -0.007293866462908922,
                    0.999544908991566,
                    -0.029270709268206657,
                    0.000524447001313785
                ],
                [
                    0.012384123149194662,
                    0.029359534905422723,
                    0.9994921966698707,
                    0.010749765523654142
                ],
                [
                    0.0,
                    0.0,
                    0.0,
                    1.0
                ]
            ],
            "antennas": [
                0.07565880867249711,
                -0.12990899797406524
            ],
            "body_yaw": 0.0,
            "check_collision": false
        },
        {
            "head": [
                [
                    0.9999029345866733,
                    0.007160452657412633,
                    -0.01195195894823373,
                    -0.0029254059941168763
                ],
                [
                    -0.007512389089373051,
                    0.9995316514132748,
                    -0.029665499038816236,
                    0.0004972444812237058
                ],
                [
                    0.011733942863725762,
                    0.029752407310889833,
                    0.9994884235668156,
                    0.010691874455596495
                ],
                [
                    0.0,
                    0.0,
                    0.0,
                    1.0
                ]
            ],
            "antennas": [
                0.07565880867249711,
                -0.12990899797406524
            ],
            "body_yaw": 0.0,
            "check_collision": false
        },
        {
            "head": [
                [
                    0.9999070982040623,
                    0.007397689987481314,
                    -0.011448543312614653,
                    -0.0028536573815368064
                ],
                [
                    -0.007739736078770003,
                    0.999516122672482,
                    -0.030126682578717107,
                    0.0004717384938729332
                ],
                [
                    0.011220135764003969,
                    0.030212492459525907,
                    0.9994805219977128,
                    0.010634707516029906
                ],
                [
                    0.0,
                    0.0,
                    0.0,
                    1.0
                ]
            ],
            "antennas": [
                0.07565880867249711,
                -0.12990899797406524
            ],
            "body_yaw": 0.0,
            "check_collision": false
        },
        {
            "head": [
                [
                    0.9999059351495082,
                    0.007391844842346594,
                    -0.011553418654846305,
                    -0.0028928393200653765
                ],
                [
                    -0.007740077235763918,
                    0.9995080637230309,
                    -0.030392791201566162,
                    0.0004081193800440485
                ],
                [
                    0.01132307631219916,
                    0.030479356660931385,
                    0.999471258596446,
                    0.010616289617694563
                ],
                [
                    0.0,
                    0.0,
                    0.0,
                    1.0
                ]
            ],
            "antennas": [
                0.07565880867249711,
                -0.12990899797406524
            ],
            "body_yaw": 0.0,
            "check_collision": false
        },
        {
            "head": [
                [
                    0.9999068126540079,
                    0.007507275893206867,
                    -0.011402053182021477,
                    -0.002857792084606634
                ],
                [
                    -0.007854111418376898,
                    0.9994982503030615,
                    -0.030684859050451062,
                    0.00038605952902479555
                ],
                [
                    0.01116597250265702,
                    0.03077155260596387,
                    0.999464072695106,
                    0.01058841803571231
                ],
                [
                    0.0,
                    0.0,
                    0.0,
                    1.0
                ]
            ],
            "antennas": [
                0.07565880867249711,
                -0.12990899797406524
            ],
            "body_yaw": 0.0,
            "check_collision": false
        },
        {
            "head": [
                [
                    0.9999066782077761,
                    0.007443300815056396,
                    -0.011455660106147549,
                    -0.0029182207554240575
                ],
                [
                    -0.007796588887343729,
                    0.9994855470230833,
                    -0.03111035990935808,
                    0.00016780840528050033
                ],
                [
                    0.01121820294043337,
                    0.03119677170709538,
                    0.999450305596953,
                    0.010629812389531978
                ],
                [
                    0.0,
                    0.0,
                    0.0,
                    1.0
                ]
            ],
            "antennas": [
                0.07565880867249711,
                -0.12990899797406524
            ],
            "body_yaw": 0.0,
            "check_collision": false
        },
        {
            "head": [
                [
                    0.9999091610395686,
                    0.007361696917339567,
                    -0.011290486599035783,
                    -0.002906908310089563
                ],
                [
                    -0.007713893904498416,
                    0.999474787076435,
                    -0.03147452683273988,
                    0.00014316379796974234
                ],
                [
                    0.01105285076240133,
                    0.03155876133519746,
                    0.9994407831747771,
                    0.010629989726688605
                ],
                [
                    0.0,
                    0.0,
                    0.0,
                    1.0
                ]
            ],
            "antennas": [
                0.07565880867249711,
                -0.12990899797406524
            ],
            "body_yaw": 0.0,
            "check_collision": false
        },
        {
            "head": [
                [
                    0.9999108956459498,
                    0.007282056044173241,
                    -0.011188048457373326,
                    -0.0029294628541270597
                ],
                [
                    -0.007635386546667463,
                    0.9994628619392942,
                    -0.031869867844073196,
                    -2.5339009244380525e-05
                ],
                [
                    0.010949960766960913,
                    0.03195245317476017,
                    0.9994294067593354,
                    0.010633423862839608
                ],
                [
                    0.0,
