{
    "description": "TODO: Add a description of the recording. You can add as much as you want, even if the wording is not perfect.",
    "time": [
        1753108163.8152647,
        1753108163.8252063,
        1753108163.8352337,
        1753108163.8452106,
        1753108163.8553095,
        1753108163.8653255,
        1753108163.8754196,
        1753108163.8854058,
        1753108163.8954973,
        1753108163.9055467,
        1753108163.915583,
        1753108163.9256177,
        1753108163.9356186,
        1753108163.9459326,
        1753108163.9560182,
        1753108163.9660168,
        1753108163.9758935,
        1753108163.9860275,
        1753108163.9960735,
        1753108164.006128,
        1753108164.0163894,
        1753108164.0264416,
        1753108164.036267,
        1753108164.046305,
        1753108164.0566933,
        1753108164.0664659,
        1753108164.0765593,
        1753108164.086648,
        1753108164.0966685,
        1753108164.106816,
        1753108164.1168547,
        1753108164.1271107,
        1753108164.1372657,
        1753108164.1475408,
        1753108164.1572552,
        1753108164.1672177,
        1753108164.1772997,
        1753108164.1874218,
        1753108164.197593,
        1753108164.207701,
        1753108164.2176151,
        1753108164.227632,
        1753108164.237579,
        1753108164.2477682,
        1753108164.2577572,
        1753108164.2677999,
        1753108164.2778845,
        1753108164.2879932,
        1753108164.297962,
        1753108164.307977,
        1753108164.3180838,
        1753108164.3281093,
        1753108164.3381214,
        1753108164.3481944,
        1753108164.3582864,
        1753108164.368326,
        1753108164.3784018,
        1753108164.3885067,
        1753108164.3985057,
        1753108164.408631,
        1753108164.418691,
        1753108164.428761,
        1753108164.438795,
        1753108164.4488297,
        1753108164.4589014,
        1753108164.468906,
        1753108164.4805746,
        1753108164.4892652,
        1753108164.4991937,
        1753108164.5092056,
        1753108164.519344,
        1753108164.52933,
        1753108164.539703,
        1753108164.5498354,
        1753108164.5599022,
        1753108164.570084,
        1753108164.5801105,
        1753108164.590172,
        1753108164.6001165,
        1753108164.6102421,
        1753108164.620378,
        1753108164.63038,
        1753108164.6403768,
        1753108164.6505878,
        1753108164.6605227,
        1753108164.670588,
        1753108164.6806192,
        1753108164.690728,
        1753108164.7007148,
        1753108164.710818,
        1753108164.7208912,
        1753108164.730938,
        1753108164.7409816,
        1753108164.751047,
        1753108164.7610624,
        1753108164.7711158,
        1753108164.7814426,
        1753108164.7913094,
        1753108164.8013337,
        1753108164.8114145,
        1753108164.821474,
        1753108164.831703,
        1753108164.8416464,
        1753108164.8516383,
        1753108164.8617303,
        1753108164.8717372,
        1753108164.8818772,
        1753108164.8919086,
        1753108164.9019237,
        1753108164.9120014,
        1753108164.922066,
        1753108164.9321692,
        1753108164.9421525,
        1753108164.9522665,
        1753108164.9622645,
        1753108164.972356,
        1753108164.9824448,
        1753108164.9924798,
        1753108165.0025191,
        1753108165.0125947,
        1753108165.022716,
        1753108165.0327365,
        1753108165.0428162,
        1753108165.052914,
        1753108165.0629907,
        1753108165.07301,
        1753108165.0831406,
        1753108165.0931354,
        1753108165.1032367,
        1753108165.1132863,
        1753108165.12331,
        1753108165.1333683,
        1753108165.143422,
        1753108165.1535342,
        1753108165.1635451,
        1753108165.1735651,
        1753108165.1836672,
        1753108165.193668,
        1753108165.2037582,
        1753108165.2137966,
        1753108165.2239559,
        1753108165.2339864,
        1753108165.243981,
        1753108165.2541192,
        1753108165.2640662,
        1753108165.2741485,
        1753108165.2844884,
        1753108165.2943509,
        1753108165.30437,
        1753108165.3144903,
        1753108165.3245564,
        1753108165.334719,
        1753108165.3448231,
        1753108165.3547254,
        1753108165.3647091,
        1753108165.3748085,
        1753108165.3850048,
        1753108165.3948843,
        1753108165.4049463,
        1753108165.415039,
        1753108165.42507,
        1753108165.43511,
        1753108165.445153,
        1753108165.455284,
        1753108165.465265,
        1753108165.4754252,
        1753108165.4856055,
        1753108165.4956038,
        1753108165.505579,
        1753108165.5157356,
        1753108165.5257294,
        1753108165.5358427,
        1753108165.545876,
        1753108165.555925,
        1753108165.5659559,
        1753108165.5760024,
        1753108165.5861025,
        1753108165.5960925,
        1753108165.6061273,
        1753108165.616323,
        1753108165.626824,
        1753108165.6364124,
        1753108165.6465428,
        1753108165.656714,
        1753108165.6666524,
        1753108165.6767502,
        1753108165.6868145,
        1753108165.6968198,
        1753108165.7069476,
        1753108165.717106,
        1753108165.7271,
        1753108165.7371638,
        1753108165.7470937,
        1753108165.757121,
        1753108165.7671866,
        1753108165.7771747,
        1753108165.7874224,
        1753108165.7973628,
        1753108165.8076541,
        1753108165.8176231,
        1753108165.8275766,
        1753108165.8375864,
        1753108165.847648,
        1753108165.8577452,
        1753108165.8677506,
        1753108165.8779466,
        1753108165.8879802,
        1753108165.8979707,
        1753108165.90804,
        1753108165.9181516,
        1753108165.9283917,
        1753108165.938289,
        1753108165.948349,
        1753108165.958335,
        1753108165.9683855,
        1753108165.9784267,
        1753108165.9885082,
        1753108165.9984927,
        1753108166.0085754,
        1753108166.0187244,
        1753108166.0287204,
        1753108166.0387602,
        1753108166.048943,
        1753108166.0589573,
        1753108166.0689423,
        1753108166.079075,
        1753108166.0891502,
        1753108166.099125,
        1753108166.1092849,
        1753108166.1192555,
        1753108166.129308,
        1753108166.1393425,
        1753108166.149585,
        1753108166.1595109,
        1753108166.169617,
        1753108166.1797004,
        1753108166.1898818,
        1753108166.1999,
        1753108166.2100155,
        1753108166.2202842,
        1753108166.229965,
        1753108166.2400174,
        1753108166.250152,
        1753108166.2601242,
        1753108166.2702122,
        1753108166.2801704,
        1753108166.2904248,
        1753108166.3003826,
        1753108166.3106499,
        1753108166.320547,
        1753108166.330612,
        1753108166.340717,
        1753108166.3507364,
        1753108166.3608117,
        1753108166.3708048,
        1753108166.3808565,
        1753108166.3909585,
        1753108166.4009373,
        1753108166.4110732,
        1753108166.4210844,
        1753108166.43121,
        1753108166.4411793,
        1753108166.4512455,
        1753108166.461288,
        1753108166.4713416,
        1753108166.481472,
        1753108166.491609,
        1753108166.50157,
        1753108166.5116634,
        1753108166.5217721,
        1753108166.5318317,
        1753108166.5432267,
        1753108166.5521705,
        1753108166.5620894,
        1753108166.5721598,
        1753108166.582088,
        1753108166.5921645,
        1753108166.6021152,
        1753108166.6122437,
        1753108166.6223235,
        1753108166.6323087,
        1753108166.6424186,
        1753108166.652557,
        1753108166.6625416,
        1753108166.6726098,
        1753108166.6826594,
        1753108166.6927254,
        1753108166.702829,
        1753108166.7128685,
        1753108166.7229464,
        1753108166.733009,
        1753108166.7430756,
        1753108166.7531157,
        1753108166.7631729,
        1753108166.7731912,
        1753108166.7833898,
        1753108166.793371,
        1753108166.8035202,
        1753108166.8134553,
        1753108166.8235948,
        1753108166.833576,
        1753108166.843612,
        1753108166.8537922,
        1753108166.8637831,
        1753108166.87382,
        1753108166.8839557,
        1753108166.8940148,
        1753108166.9040325,
        1753108166.9140677,
        1753108166.9241512,
        1753108166.9342568,
        1753108166.9442928,
        1753108166.9543707,
        1753108166.9644156,
        1753108166.9745219,
        1753108166.9846237,
        1753108166.9946787,
        1753108167.004656,
        1753108167.0149581,
        1753108167.0247557,
        1753108167.0347807,
        1753108167.0450609,
        1753108167.055097,
        1753108167.065145,
        1753108167.0750654,
        1753108167.0851169,
        1753108167.0951555,
        1753108167.1052568,
        1753108167.1152833,
        1753108167.1252773,
        1753108167.1353233,
        1753108167.1455028,
        1753108167.1555007,
        1753108167.165575,
        1753108167.1756282,
        1753108167.1857038,
        1753108167.1958513,
        1753108167.2057803,
        1753108167.2158997,
        1753108167.2258937,
        1753108167.2359695,
        1753108167.2460256,
        1753108167.2560916,
        1753108167.2660131,
        1753108167.2760835,
        1753108167.286221,
        1753108167.2962627,
        1753108167.3063025,
        1753108167.316411,
        1753108167.3264465,
        1753108167.336484,
        1753108167.3465505,
        1753108167.356637,
        1753108167.3666499,
        1753108167.3767343,
        1753108167.3869305,
        1753108167.3968303,
        1753108167.4068706,
        1753108167.4169962,
        1753108167.427072,
        1753108167.4371452,
        1753108167.4471376,
        1753108167.4572074,
        1753108167.467205,
        1753108167.4773161,
        1753108167.4877076,
        1753108167.4974768,
        1753108167.5075371,
        1753108167.5175774,
        1753108167.5276966,
        1753108167.53784,
        1753108167.547845,
        1753108167.5579393,
        1753108167.5678308,
        1753108167.5779881,
        1753108167.5880513,
        1753108167.5980372,
        1753108167.6080854,
        1753108167.6184494,
        1753108167.6283953,
        1753108167.638489,
        1753108167.6486313,
        1753108167.658603,
        1753108167.6686187,
        1753108167.6787348,
        1753108167.6889532,
        1753108167.698832,
        1753108167.708857,
        1753108167.7190876,
        1753108167.7290905,
        1753108167.7390535,
        1753108167.7491632,
        1753108167.7591727,
        1753108167.7692833,
        1753108167.7792943,
        1753108167.7893972,
        1753108167.7994883,
        1753108167.809467,
        1753108167.8196156,
        1753108167.8296168,
        1753108167.8396566,
        1753108167.849781,
        1753108167.8598456,
        1753108167.8698587,
        1753108167.8799188,
        1753108167.8899984,
        1753108167.9000576,
        1753108167.9101217,
        1753108167.920238,
        1753108167.9306023,
        1753108167.940326,
        1753108167.950639,
        1753108167.9604468,
        1753108167.9704676,
        1753108167.9805121,
        1753108167.9906342,
        1753108168.0006218,
        1753108168.0106869,
        1753108168.0208237,
        1753108168.0308485,
        1753108168.0410256,
        1753108168.0511782,
        1753108168.0610847,
        1753108168.0710702,
        1753108168.0811803,
        1753108168.0912223,
        1753108168.1012642,
        1753108168.111472,
        1753108168.1213815,
        1753108168.1314197,
        1753108168.141459,
        1753108168.1515403,
        1753108168.1616042,
        1753108168.1716897,
        1753108168.1817355,
        1753108168.191802,
        1753108168.2018416,
        1753108168.2119179,
        1753108168.2220304,
        1753108168.2320526,
        1753108168.242201,
        1753108168.2521648,
        1753108168.2621884,
        1753108168.272269,
        1753108168.282696,
        1753108168.2924647,
        1753108168.302494,
        1753108168.3125267,
        1753108168.3225672,
        1753108168.3326428,
        1753108168.3426442,
        1753108168.352853,
        1753108168.362785,
        1753108168.3728464,
        1753108168.3829813,
        1753108168.3930023,
        1753108168.4031208,
        1753108168.4131436,
        1753108168.4232278,
        1753108168.4331582,
        1753108168.4432924,
        1753108168.4534073,
        1753108168.4633815,
        1753108168.4734118,
        1753108168.4836884,
        1753108168.493875,
        1753108168.503881,
        1753108168.513969,
        1753108168.524064,
        1753108168.5339208,
        1753108168.5441656,
        1753108168.5547712,
        1753108168.564368,
        1753108168.5743861,
        1753108168.5844467,
        1753108168.5944467,
        1753108168.6045113,
        1753108168.614573,
        1753108168.6246674,
        1753108168.63468,
        1753108168.644739,
        1753108168.654849,
        1753108168.6648998,
        1753108168.6750433,
        1753108168.6850264,
        1753108168.6950738,
        1753108168.7051003,
        1753108168.715247,
        1753108168.7252393,
        1753108168.735233,
        1753108168.7453175,
        1753108168.7553906,
        1753108168.7653832,
        1753108168.7754962,
        1753108168.7855647,
        1753108168.7956357,
        1753108168.8057218,
        1753108168.815751,
        1753108168.8258734,
        1753108168.8358939,
        1753108168.8459451,
        1753108168.8560572,
        1753108168.866063,
        1753108168.876159,
        1753108168.8863065,
        1753108168.896193,
        1753108168.9062717,
        1753108168.9163551,
        1753108168.9264286,
        1753108168.9365182,
        1753108168.9465368,
        1753108168.9566028,
        1753108168.9666061,
        1753108168.9767165,
        1753108168.9867945,
        1753108168.9968276,
        1753108169.0069463,
        1753108169.0170763,
        1753108169.0271266,
        1753108169.0370512,
        1753108169.0470872,
        1753108169.0572374,
        1753108169.067462,
        1753108169.077304,
        1753108169.0874195,
        1753108169.0974016,
        1753108169.107611,
        1753108169.1175957,
        1753108169.1276543,
        1753108169.137647,
        1753108169.147753,
        1753108169.1578362,
        1753108169.1678839,
        1753108169.1779768,
        1753108169.188113,
        1753108169.1980746,
        1753108169.2081423,
        1753108169.2182093,
        1753108169.2282717,
        1753108169.2383163,
        1753108169.2483323,
        1753108169.2584586,
        1753108169.2684858,
        1753108169.278777,
        1753108169.288962,
        1753108169.2987075,
        1753108169.308765,
        1753108169.31888,
        1753108169.328892,
        1753108169.3389568,
        1753108169.3490033,
        1753108169.359053,
        1753108169.369133,
        1753108169.3792408
    ],
    "set_target_data": [
        {
            "head": [
                [
                    0.9990586010224624,
                    -0.041022775697859656,
                    0.01410828115270218,
                    -0.007219768882088777
                ],
                [
                    0.041895637179150055,
                    0.9967742973419206,
                    -0.06845258025723867,
                    -0.00921275969223807
                ],
                [
                    -0.011254657186854538,
                    0.06897921449656973,
                    0.9975546103642862,
                    0.02
                ],
                [
                    0.0,
                    0.0,
                    0.0,
                    1.0
                ]
            ],
            "antennas": [
                0.12038872970924998,
                -0.12513767856507926
            ],
            "body_yaw": 0.01828803373201769,
            "check_collision": false
        },
        {
            "head": [
                [
                    0.9990981601249733,
                    -0.040370817941167515,
                    0.013155359883115688,
                    -0.007196697021565042
                ],
                [
                    0.04117390262099901,
                    0.9968409336763171,
                    -0.067918058646319,
                    -0.00944308653220689
                ],
                [
                    -0.010371893648204926,
                    0.06839846493956894,
                    0.9976041668999087,
                    0.02
                ],
                [
                    0.0,
                    0.0,
                    0.0,
                    1.0
                ]
            ],
            "antennas": [
                0.12038872970924998,
                -0.12513767856507926
            ],
            "body_yaw": 0.01828803373201769,
            "check_collision": false
        },
        {
            "head": [
                [
                    0.9991647716968596,
                    -0.03903425862544451,
                    0.012086589821954381,
                    -0.007049377079455965
                ],
                [
                    0.03975952064281691,
                    0.996954087987754,
                    -0.06709491011067138,
                    -0.008891214657229661
                ],
                [
                    -0.009430775059117703,
                    0.06751942756027755,
                    0.9976733871281306,
                    0.02
                ],
                [
                    0.0,
                    0.0,
                    0.0,
                    1.0
                ]
            ],
            "antennas": [
                0.12038872970924998,
                -0.12513767856507926
            ],
            "body_yaw": 0.01828803373201769,
            "check_collision": false
        },
        {
            "head": [
                [
                    0.999207160125581,
                    -0.03818155841146996,
                    0.01127917333154235,
                    -0.006790665017428263
                ],
                [
                    0.03884626623288928,
                    0.9970509248945681,
                    -0.06618474723567072,
                    -0.00854866419316
                ],
                [
                    -0.008718873409733313,
                    0.06657042709910793,
                    0.997743634147724,
                    0.02
                ],
                [
                    0.0,
                    0.0,
                    0.0,
                    1.0
                ]
            ],
            "antennas": [
                0.12038872970924998,
                -0.12513767856507926
            ],
            "body_yaw": 0.01828803373201769,
            "check_collision": false
        },
        {
            "head": [
                [
                    0.9992686339538847,
                    -0.03673392995696727,
                    0.010621468159022278,
                    -0.0066252693311090235
                ],
                [
                    0.037351681920741606,
                    0.9971588425883476,
                    -0.0654147881259116,
                    -0.00784190467388227
                ],
                [
                    -0.008188348650872554,
                    0.0657636756711696,
                    0.9978016285357467,
                    0.02
                ],
                [
                    0.0,
                    0.0,
                    0.0,
                    1.0
                ]
            ],
            "antennas": [
                0.12038872970924998,
                -0.12513767856507926
            ],
            "body_yaw": 0.01828803373201769,
            "check_collision": false
        },
        {
            "head": [
                [
                    0.9993000480673747,
                    -0.03593304433075605,
                    0.010403377224046695,
                    -0.006505713945485108
                ],
                [
                    0.03653522602538933,
                    0.9972128227076054,
                    -0.06505200601674839,
                    -0.007884340800691114
                ],
                [
                    -0.008036864551279188,
                    0.06538656247772377,
                    0.9978276435615173,
                    0.02
                ],
                [
                    0.0,
                    0.0,
                    0.0,
                    1.0
                ]
            ],
            "antennas": [
                0.12038872970924998,
                -0.12513767856507926
            ],
            "body_yaw": 0.01828803373201769,
            "check_collision": false
        },
        {
            "head": [
                [
                    0.9993543874038673,
                    -0.03468183473663139,
                    0.009379697006963589,
                    -0.006428589759369224
                ],
                [
                    0.03521692658759669,
                    0.9972857464981745,
                    -0.06465994056062181,
                    -0.007658111025005212
                ],
                [
                    -0.007111712758912478,
                    0.06494851938943881,
                    0.9978632738861345,
                    0.02
                ],
                [
                    0.0,
                    0.0,
                    0.0,
                    1.0
                ]
            ],
            "antennas": [
                0.12038872970924998,
                -0.12513767856507926
            ],
            "body_yaw": 0.01828803373201769,
            "check_collision": false
        },
        {
            "head": [
                [
                    0.9993812285784428,
                    -0.03409412299713531,
                    0.008645851149439193,
                    -0.006303680095200409
                ],
                [
                    0.03458273372830277,
                    0.9973083916615392,
                    -0.06465296937767977,
                    -0.007683105542974534
                ],
                [
                    -0.006418293614299636,
                    0.06491196113606566,
                    0.9978703537076098,
                    0.02
                ],
                [
                    0.0,
                    0.0,
                    0.0,
                    1.0
                ]
            ],
            "antennas": [
                0.12038872970924998,
                -0.12513767856507926
            ],
            "body_yaw": 0.01828803373201769,
            "check_collision": false
        },
        {
            "head": [
                [
                    0.9993332437546635,
                    -0.035144317718533075,
                    0.009896709497652142,
                    -0.006153060737920147
                ],
                [
                    0.035723379587832324,
                    0.9971697061124707,
                    -0.06615449616157941,
                    -0.009309220542913943
                ],
                [
                    -0.007543744269642261,
                    0.06646393114816172,
                    0.9977603107854744,
                    0.02
                ],
                [
                    0.0,
                    0.0,
                    0.0,
                    1.0
                ]
            ],
            "antennas": [
                0.12038872970924998,
                -0.12513767856507926
            ],
            "body_yaw": 0.01828803373201769,
            "check_collision": false
        },
        {
            "head": [
                [
                    0.999356737934266,
                    -0.03461124956711036,
                    0.009389981298486607,
                    -0.005983979073270567
                ],
                [
                    0.03516101975084667,
                    0.9971593375942176,
                    -0.06661049571007288,
                    -0.009426451864991007
                ],
                [
                    -0.00705783504081073,
                    0.06689780902289902,
                    0.9977348696484816,
                    0.02
                ],
                [
                    0.0,
                    0.0,
                    0.0,
                    1.0
                ]
            ],
            "antennas": [
                0.12038872970924998,
                -0.12513767856507926
            ],
            "body_yaw": 0.01828803373201769,
            "check_collision": false
        },
        {
            "head": [
                [
                    0.9993786638828029,
                    -0.03419894001045809,
                    0.008527524727876538,
                    -0.006046208241205763
                ],
                [
                    0.034692215625569275,
                    0.997172722759847,
                    -0.06665591615679749,
                    -0.009612061880999976
                ],
                [
                    -0.006223853373310131,
                    0.06691033915527629,
                    0.9977395803331214,
                    0.02
                ],
                [
                    0.0,
                    0.0,
                    0.0,
                    1.0
                ]
            ],
            "antennas": [
                0.12038872970924998,
                -0.12513767856507926
            ],
            "body_yaw": 0.01828803373201769,
            "check_collision": false
        },
        {
            "head": [
                [
                    0.999379101740686,
                    -0.03415605437673591,
                    0.008647251204479988,
                    -0.0059097409754006736
                ],
                [
                    0.03465965122189779,
                    0.9971504939589004,
                    -0.06700448473570741,
                    -0.009704059237580855
                ],
                [
                    -0.0063340019858159225,
                    0.06726259247854419,
                    0.9977152018847409,
                    0.02
                ],
                [
                    0.0,
                    0.0,
                    0.0,
                    1.0
                ]
            ],
            "antennas": [
                0.12038872970924998,
                -0.12513767856507926
            ],
            "body_yaw": 0.01828803373201769,
            "check_collision": false
        },
        {
            "head": [
                [
                    0.9993997506269723,
                    -0.033726313473352594,
                    0.007916705516973889,
                    -0.005876937397461231
                ],
                [
                    0.034182893915275826,
                    0.9971531783359034,
                    -0.06720914147779913,
                    -0.00906362826256555
                ],
                [
                    -0.005627451494444737,
                    0.06743941513761056,
                    0.9977075007614078,
                    0.02
                ],
                [
                    0.0,
                    0.0,
                    0.0,
                    1.0
                ]
            ],
            "antennas": [
                0.12038872970924998,
                -0.12513767856507926
            ],
            "body_yaw": 0.01828803373201769,
            "check_collision": false
        },
        {
            "head": [
                [
                    0.9993724619057827,
                    -0.034541879410443406,
                    0.007844804087387502,
                    -0.0057681089640574945
                ],
                [
                    0.03499360633472667,
                    0.9971026122525023,
                    -0.06754130702708179,
                    -0.009096902763425863
                ],
                [
                    -0.005489070965589991,
                    0.06777344026999617,
                    0.9976856373096208,
                    0.02
                ],
                [
                    0.0,
                    0.0,
                    0.0,
                    1.0
                ]
            ],
            "antennas": [
                0.12038872970924998,
                -0.12513767856507926
            ],
            "body_yaw": 0.01828803373201769,
            "check_collision": false
        },
        {
            "head": [
                [
                    0.9993677891037227,
                    -0.0347460822967849,
                    0.007532055958564009,
                    -0.005438528324793116
                ],
                [
                    0.03517576217853867,
                    0.9971012733094123,
                    -0.06746641030844995,
                    -0.008032039964596666
                ],
                [
                    -0.005166029142075859,
                    0.0676887031178341,
                    0.9976931149472414,
                    0.02
                ],
                [
                    0.0,
                    0.0,
                    0.0,
                    1.0
                ]
            ],
            "antennas": [
                0.12038872970924998,
                -0.12513767856507926
            ],
            "body_yaw": 0.01828803373201769,
            "check_collision": false
        },
        {
            "head": [
                [
                    0.9993264502426241,
                    -0.035902808964617235,
                    0.007591716138418358,
                    -0.0053323212524352005
                ],
                [
                    0.03633607613717924,
                    0.9970310426981992,
                    -0.06788806571920385,
                    -0.007993395436850596
                ],
                [
                    -0.005131804402862045,
                    0.06811819290462738,
                    0.9976640598813705,
                    0.02
                ],
                [
                    0.0,
                    0.0,
                    0.0,
                    1.0
                ]
            ],
            "antennas": [
                0.12038872970924998,
                -0.12513767856507926
            ],
            "body_yaw": 0.01828803373201769,
            "check_collision": false
        },
        {
            "head": [
                [
                    0.999212495668627,
                    -0.03854910175252383,
                    0.009399747536384648,
                    -0.005485645355443434
                ],
                [
                    0.0391089440123791,
                    0.9968301977306618,
                    -0.06928237431328682,
                    -0.009799183057255086
                ],
                [
                    -0.006699178898253274,
                    0.06959542834355825,
                    0.9975528042944725,
                    0.02
                ],
                [
                    0.0,
                    0.0,
                    0.0,
                    1.0
                ]
            ],
            "antennas": [
                0.12038872970924998,
                -0.12513767856507926
            ],
            "body_yaw": 0.01828803373201769,
            "check_collision": false
        },
        {
            "head": [
                [
                    0.9991696546603629,
                    -0.03956788833981693,
                    0.009715112877329568,
                    -0.005403676424662088
                ],
                [
                    0.04014842376976873,
                    0.9967771788076125,
                    -0.06945041308113482,
                    -0.009850568040467605
                ],
                [
                    -0.006935796615713569,
                    0.06978279172306719,
                    0.9975380978712747,
                    0.02
                ],
                [
                    0.0,
                    0.0,
                    0.0,
                    1.0
                ]
            ],
            "antennas": [
                0.12038872970924998,
                -0.12513767856507926
            ],
            "body_yaw": 0.01828803373201769,
            "check_collision": false
        },
        {
            "head": [
                [
                    0.9990272910135425,
                    -0.04260840165973584,
                    0.011357636996529152,
                    -0.005708813533445255
                ],
                [
                    0.043303324523854325,
                    0.9965868518052493,
                    -0.0702813552379533,
                    -0.011918547728747484
                ],
                [
                    -0.008324295485148521,
                    0.07070481537281777,
                    0.9974625482632274,
                    0.02
                ],
                [
                    0.0,
                    0.0,
                    0.0,
                    1.0
                ]
            ],
            "antennas": [
                0.12038872970924998,
                -0.12513767856507926
            ],
            "body_yaw": 0.01828803373201769,
            "check_collision": false
        },
        {
            "head": [
                [
                    0.9988958865549729,
                    -0.045326373521969825,
                    0.012350209994240118,
                    -0.006056720727570464
                ],
                [
                    0.046085199812636236,
                    0.9964596609365788,
                    -0.07031570581589905,
                    -0.012654710855487713
                ],
                [
                    -0.009119330117083668,
                    0.07080723119502372,
                    0.9974483314080536,
                    0.02
                ],
                [
                    0.0,
                    0.0,
                    0.0,
                    1.0
                ]
            ],
            "antennas": [
                0.12038872970924998,
                -0.12513767856507926
            ],
            "body_yaw": 0.01828803373201769,
            "check_collision": false
        },
        {
            "head": [
                [
                    0.9987335326842277,
                    -0.04879996359751132,
                    0.012243130521407275,
                    -0.00602810721568366
                ],
                [
                    0.04953351142725515,
                    0.9963674370038978,
                    -0.0692702080549041,
                    -0.012826166574391036
                ],
                [
                    -0.008818272947047406,
                    0.06978892484603332,
                    0.9975228037649396,
                    0.02
                ],
                [
                    0.0,
                    0.0,
                    0.0,
                    1.0
                ]
            ],
            "antennas": [
                0.12038872970924998,
                -0.12513767856507926
            ],
            "body_yaw": 0.01828803373201769,
            "check_collision": false
        },
        {
            "head": [
                [
                    0.9984428920793662,
                    -0.05434085067138082,
                    0.012604094751372374,
                    -0.006008040632417642
                ],
                [
                    0.055065147624467625,
                    0.9962411772053805,
                    -0.06686812661898696,
                    -0.013022443314023179
                ],
                [
                    -0.008923047309438017,
                    0.0674580520675477,
                    0.9976822091417513,
                    0.02
                ],
                [
                    0.0,
                    0.0,
                    0.0,
                    1.0
                ]
            ],
            "antennas": [
                0.12038872970924998,
                -0.12513767856507926
            ],
            "body_yaw": 0.01828803373201769,
            "check_collision": false
        },
        {
            "head": [
                [
                    0.9981377285704414,
                    -0.05956846990816182,
                    0.013140479330710067,
                    -0.006228003683315877
                ],
                [
                    0.0602904786882711,
                    0.9961308359574027,
                    -0.06394072125293605,
                    -0.01242499273727776
                ],
                [
                    -0.009280785730719502,
                    0.06461389206360317,
                    0.9978671815269876,
                    0.02
                ],
                [
                    0.0,
                    0.0,
                    0.0,
                    1.0
                ]
            ],
            "antennas": [
                0.12038872970924998,
                -0.12513767856507926
            ],
            "body_yaw": 0.01828803373201769,
            "check_collision": false
        },
        {
            "head": [
                [
                    0.9976052839270471,
                    -0.06757356378523403,
                    0.014748252716809459,
                    -0.00630275214254572
                ],
                [
                    0.06834858355419089,
                    0.9958187220589044,
                    -0.060609767555289726,
                    -0.012623824623143544
                ],
                [
                    -0.010590968179149382,
                    0.0614726465538403,
                    0.998052576329872,
                    0.02
                ],
                [
                    0.0,
                    0.0,
                    0.0,
                    1.0
                ]
            ],
            "antennas": [
                0.12038872970924998,
                -0.12513767856507926
            ],
            "body_yaw": 0.01828803373201769,
            "check_collision": false
        },
        {
            "head": [
                [
                    0.9969608396559483,
                    -0.0760539720875329,
                    0.016878315147411428,
                    -0.006325213053886718
                ],
                [
                    0.07692047772495661,
                    0.9953132909845315,
                    -0.0586062530461198,
                    -0.013748653727218136
                ],
                [
                    -0.01234197306231965,
                    0.05972642731027983,
                    0.9981384821665171,
                    0.02
                ],
                [
                    0.0,
                    0.0,
                    0.0,
                    1.0
                ]
            ],
            "antennas": [
                0.12038872970924998,
                -0.12513767856507926
            ],
            "body_yaw": 0.01828803373201769,
