{
    "description": "TODO: Add a description of the recording. You can add as much as you want, even if the wording is not perfect.",
    "time": [
        1753108240.1805263,
        1753108240.1905782,
        1753108240.2005012,
        1753108240.2106273,
        1753108240.2206566,
        1753108240.2306666,
        1753108240.240797,
        1753108240.2509387,
        1753108240.260893,
        1753108240.2709396,
        1753108240.2810643,
        1753108240.2911284,
        1753108240.3010795,
        1753108240.3111334,
        1753108240.3212407,
        1753108240.3312428,
        1753108240.341512,
        1753108240.3516114,
        1753108240.361771,
        1753108240.3716624,
        1753108240.381872,
        1753108240.3918645,
        1753108240.4018185,
        1753108240.4118164,
        1753108240.4218824,
        1753108240.4318733,
        1753108240.4419498,
        1753108240.4520335,
        1753108240.4620965,
        1753108240.4722896,
        1753108240.482549,
        1753108240.4926903,
        1753108240.5025196,
        1753108240.512689,
        1753108240.5226955,
        1753108240.5328712,
        1753108240.542853,
        1753108240.5529203,
        1753108240.563277,
        1753108240.5732548,
        1753108240.5837145,
        1753108240.593397,
        1753108240.6033704,
        1753108240.6134644,
        1753108240.623523,
        1753108240.6336074,
        1753108240.6436512,
        1753108240.6537478,
        1753108240.663805,
        1753108240.6738777,
        1753108240.684026,
        1753108240.694048,
        1753108240.7040405,
        1753108240.714057,
        1753108240.7241647,
        1753108240.7341478,
        1753108240.7442229,
        1753108240.75454,
        1753108240.7643876,
        1753108240.7744257,
        1753108240.7845767,
        1753108240.7945905,
        1753108240.8045967,
        1753108240.81468,
        1753108240.8247836,
        1753108240.8348024,
        1753108240.8448834,
        1753108240.854986,
        1753108240.8649476,
        1753108240.8750105,
        1753108240.885184,
        1753108240.8951209,
        1753108240.9051592,
        1753108240.915294,
        1753108240.9253016,
        1753108240.935361,
        1753108240.9454176,
        1753108240.9555497,
        1753108240.965495,
        1753108240.9755852,
        1753108240.985734,
        1753108240.995738,
        1753108241.005765,
        1753108241.015872,
        1753108241.0261633,
        1753108241.0361533,
        1753108241.046149,
        1753108241.0561352,
        1753108241.0661263,
        1753108241.0762165,
        1753108241.0863352,
        1753108241.0963566,
        1753108241.1064615,
        1753108241.1165333,
        1753108241.1265576,
        1753108241.1366067,
        1753108241.1466725,
        1753108241.1568353,
        1753108241.1668067,
        1753108241.1769505,
        1753108241.187034,
        1753108241.1970165,
        1753108241.207076,
        1753108241.2171748,
        1753108241.2272809,
        1753108241.2371871,
        1753108241.2472587,
        1753108241.2573538,
        1753108241.2673643,
        1753108241.2774296,
        1753108241.287714,
        1753108241.29758,
        1753108241.3076472,
        1753108241.3176982,
        1753108241.327812,
        1753108241.3378322,
        1753108241.347896,
        1753108241.3580518,
        1753108241.368229,
        1753108241.378292,
        1753108241.388211,
        1753108241.3982162,
        1753108241.4083366,
        1753108241.4183853,
        1753108241.4284508,
        1753108241.4384592,
        1753108241.4485123,
        1753108241.45855,
        1753108241.4685695,
        1753108241.478703,
        1753108241.4891882,
        1753108241.498954,
        1753108241.5089061,
        1753108241.518939,
        1753108241.5291512,
        1753108241.539194,
        1753108241.5492866,
        1753108241.5595908,
        1753108241.5693538,
        1753108241.5794861,
        1753108241.5895414,
        1753108241.5995643,
        1753108241.6101418,
        1753108241.6197402,
        1753108241.6298366,
        1753108241.6398215,
        1753108241.6500695,
        1753108241.6599672,
        1753108241.670003,
        1753108241.6800919,
        1753108241.6902103,
        1753108241.7001848,
        1753108241.7102463,
        1753108241.7203267,
        1753108241.7303247,
        1753108241.740389,
        1753108241.7504973,
        1753108241.7604954,
        1753108241.7705693,
        1753108241.7806175,
        1753108241.790781,
        1753108241.800769,
        1753108241.810841,
        1753108241.8208973,
        1753108241.830953,
        1753108241.8410132,
        1753108241.851088,
        1753108241.861164,
        1753108241.8712132,
        1753108241.8813016,
        1753108241.8913348,
        1753108241.9013526,
        1753108241.9115412,
        1753108241.921538,
        1753108241.931597,
        1753108241.9416068,
        1753108241.9517214,
        1753108241.9617329,
        1753108241.9717724,
        1753108241.9818716,
        1753108241.9921513,
        1753108242.001975,
        1753108242.0120647,
        1753108242.022087,
        1753108242.032099,
        1753108242.0422363,
        1753108242.0522563,
        1753108242.0624418,
        1753108242.0724034,
        1753108242.0824976,
        1753108242.0925689,
        1753108242.1025279,
        1753108242.112954,
        1753108242.122754,
        1753108242.1326942,
        1753108242.1427994,
        1753108242.1528997,
        1753108242.1629534,
        1753108242.1729982,
        1753108242.1831207,
        1753108242.193192,
        1753108242.2031565,
        1753108242.213276,
        1753108242.223628,
        1753108242.2334244,
        1753108242.2436507,
        1753108242.2537525,
        1753108242.263637,
        1753108242.2736154,
        1753108242.283918,
        1753108242.2938235,
        1753108242.3038216,
        1753108242.3139486,
        1753108242.3239837,
        1753108242.3339994,
        1753108242.3440506,
        1753108242.354132,
        1753108242.3641307,
        1753108242.3742416,
        1753108242.3843322,
        1753108242.394433,
        1753108242.404422,
        1753108242.4145145,
        1753108242.4246473,
        1753108242.4346035,
        1753108242.4448347,
        1753108242.454767,
        1753108242.4647882,
        1753108242.474849,
        1753108242.4851124,
        1753108242.4952152,
        1753108242.505115,
        1753108242.5156574,
        1753108242.5257149,
        1753108242.536204,
        1753108242.5457554,
        1753108242.5559838,
        1753108242.5658977,
        1753108242.5761192,
        1753108242.5860817,
        1753108242.5960836,
        1753108242.6061227,
        1753108242.616266,
        1753108242.626306,
        1753108242.6362803,
        1753108242.6464305,
        1753108242.6565135,
        1753108242.6664972,
        1753108242.676551,
        1753108242.6866746,
        1753108242.6967118,
        1753108242.7067513,
        1753108242.7169707,
        1753108242.7268744,
        1753108242.7368867,
        1753108242.7469664,
        1753108242.7570899,
        1753108242.767049,
        1753108242.7771761,
        1753108242.78727,
        1753108242.7972977,
        1753108242.8073893,
        1753108242.8174732,
        1753108242.827523,
        1753108242.8374844,
        1753108242.8478763,
        1753108242.857762,
        1753108242.8677652,
        1753108242.8778036,
        1753108242.8879504,
        1753108242.897924,
        1753108242.9079833,
        1753108242.918063,
        1753108242.9281292,
        1753108242.9381745,
        1753108242.94823,
        1753108242.9582973,
        1753108242.968326,
        1753108242.978458,
        1753108242.988512,
        1753108242.9986036,
        1753108243.0085757,
        1753108243.0187721,
        1753108243.0287323,
        1753108243.0387495,
        1753108243.0491078,
        1753108243.0589237,
        1753108243.0689168,
        1753108243.0790367,
        1753108243.0890746,
        1753108243.099107,
        1753108243.10935,
        1753108243.1193006,
        1753108243.1293669,
        1753108243.1393986,
        1753108243.1494513,
        1753108243.15954,
        1753108243.1696103,
        1753108243.1796315,
        1753108243.1897392,
        1753108243.19972,
        1753108243.2098265,
        1753108243.219893,
        1753108243.229907,
        1753108243.2399096,
        1753108243.2500281,
        1753108243.2601273,
        1753108243.2701008,
        1753108243.2801776,
        1753108243.2903926,
        1753108243.3002534,
        1753108243.3104138,
        1753108243.3204331,
        1753108243.330447,
        1753108243.3405569,
        1753108243.3506954,
        1753108243.3607104,
        1753108243.3707254,
        1753108243.3808098,
        1753108243.3909922,
        1753108243.4009354,
        1753108243.4110665,
        1753108243.4211001,
        1753108243.4311638,
        1753108243.441168,
        1753108243.4512563,
        1753108243.4613085,
        1753108243.471354,
        1753108243.481593,
        1753108243.4916625,
        1753108243.5017543,
        1753108243.5116434,
        1753108243.5217245,
        1753108243.5317278,
        1753108243.5419028,
        1753108243.5519273,
        1753108243.5619774,
        1753108243.5719993,
        1753108243.5822778,
        1753108243.59223,
        1753108243.6021714,
        1753108243.612263,
        1753108243.6229186,
        1753108243.6323636,
        1753108243.642462,
        1753108243.6526785,
        1753108243.662546,
        1753108243.6725924,
        1753108243.6826665,
        1753108243.6927698,
        1753108243.7034783,
        1753108243.7130795,
        1753108243.7230341,
        1753108243.7330382,
        1753108243.7431278,
        1753108243.7531054,
        1753108243.7632043,
        1753108243.7732646,
        1753108243.7833805,
        1753108243.7933621,
        1753108243.803411,
        1753108243.8134623,
        1753108243.8235698,
        1753108243.8335934,
        1753108243.8436372,
        1753108243.853753,
        1753108243.8637264,
        1753108243.873823,
        1753108243.8839786,
        1753108243.8940392,
        1753108243.9040585,
        1753108243.914021,
        1753108243.9241226,
        1753108243.9342012,
        1753108243.9448912,
        1753108243.9544907,
        1753108243.964335,
        1753108243.9744108,
        1753108243.9846046,
        1753108243.9945815,
        1753108244.0045433,
        1753108244.0146036,
        1753108244.024734,
        1753108244.034733,
        1753108244.0448914,
        1753108244.0549574,
        1753108244.0649483,
        1753108244.0750177,
        1753108244.0851257,
        1753108244.095113,
        1753108244.1052363,
        1753108244.11533,
        1753108244.1253483,
        1753108244.1353126,
        1753108244.1454227,
        1753108244.1554673,
        1753108244.1655235,
        1753108244.1755693,
        1753108244.1857092,
        1753108244.1957266,
        1753108244.205753,
        1753108244.2158413,
        1753108244.2259347,
        1753108244.235949,
        1753108244.2460992,
        1753108244.2561395,
        1753108244.2661555,
        1753108244.2762227,
        1753108244.2864895,
        1753108244.2964258,
        1753108244.3064127,
        1753108244.3165689,
        1753108244.3265684,
        1753108244.3365662,
        1753108244.3466663,
        1753108244.3567462,
        1753108244.3668187,
        1753108244.3769524,
        1753108244.3869786,
        1753108244.3969853,
        1753108244.4071114
    ],
    "set_target_data": [
        {
            "head": [
                [
                    0.9990151187421138,
                    -0.02608810854967103,
                    0.03589154659499565,
                    -0.010078898926305986
                ],
                [
                    0.02785658314308078,
                    0.9983762083921459,
                    -0.049688603241738905,
                    -0.007480905286972001
                ],
                [
                    -0.034536984527789784,
                    0.050639481719532836,
                    0.9981196519410407,
                    0.014408603873562851
                ],
                [
                    0.0,
                    0.0,
                    0.0,
                    1.0
                ]
            ],
            "antennas": [
                0.14090891854052853,
                -0.2192218335553986
            ],
            "body_yaw": 0.0,
            "check_collision": false
        },
        {
            "head": [
                [
                    0.9990420840209853,
                    -0.025788470245025768,
                    0.03535348861750129,
                    -0.010082669720634927
                ],
                [
                    0.0275289210843605,
                    0.9983866759949201,
                    -0.04966088702132905,
                    -0.007540758409901762
                ],
                [
                    -0.03401577367836023,
                    0.050586559462327305,
                    0.998140234207011,
                    0.014301852782323652
                ],
                [
                    0.0,
                    0.0,
                    0.0,
                    1.0
                ]
            ],
            "antennas": [
                0.14090891854052853,
                -0.2192218335553986
            ],
            "body_yaw": 0.0,
            "check_collision": false
        },
        {
            "head": [
                [
                    0.999041152857033,
                    -0.025700664448886044,
                    0.035443627706212025,
                    -0.01005031484730465
                ],
                [
                    0.027445583374590132,
                    0.9983891955678543,
                    -0.049656360384159756,
                    -0.00744398472669652
                ],
                [
                    -0.03411033349762528,
                    0.050581518564184025,
                    0.998137262669029,
                    0.014271237994486262
                ],
                [
                    0.0,
                    0.0,
                    0.0,
                    1.0
                ]
            ],
            "antennas": [
                0.14090891854052853,
                -0.2192218335553986
            ],
            "body_yaw": 0.0,
            "check_collision": false
        },
        {
            "head": [
                [
                    0.9990348807338327,
                    -0.02571595470864946,
                    0.03560894200280421,
                    -0.010027307212856594
                ],
                [
                    0.02746960957036047,
                    0.9983879938795229,
                    -0.04966723494692816,
                    -0.0073505686491046095
                ],
                [
                    -0.03427429980595293,
                    0.050597463875614264,
                    0.9981308376270955,
                    0.014239805251025027
                ],
                [
                    0.0,
                    0.0,
                    0.0,
                    1.0
                ]
            ],
            "antennas": [
                0.14090891854052853,
                -0.2192218335553986
            ],
            "body_yaw": 0.0,
            "check_collision": false
        },
        {
            "head": [
                [
                    0.9990788150370322,
                    -0.02445134670376297,
                    0.03526546453078006,
                    -0.010212098239839543
                ],
                [
                    0.026243218224185294,
                    0.9983396204703502,
                    -0.051276658396923205,
                    -0.006571560380405614
                ],
                [
                    -0.033953127123095984,
                    0.05215490239171526,
                    0.9980616470514602,
                    0.013455971888404304
                ],
                [
                    0.0,
                    0.0,
                    0.0,
                    1.0
                ]
            ],
            "antennas": [
                0.14090891854052853,
                -0.2192218335553986
            ],
            "body_yaw": 0.0,
            "check_collision": false
        },
        {
            "head": [
                [
                    0.9990837340870538,
                    -0.024746576811059323,
                    0.03491846529851845,
                    -0.01024454995432774
                ],
                [
                    0.026522329829848867,
                    0.998328852571386,
                    -0.051342654235018874,
                    -0.0065018728064377964
                ],
                [
                    -0.03358955645831312,
                    0.05222172976486258,
                    0.9980704547462066,
                    0.013379603715373665
                ],
                [
                    0.0,
                    0.0,
                    0.0,
                    1.0
                ]
            ],
            "antennas": [
                0.14090891854052853,
                -0.2192218335553986
            ],
            "body_yaw": 0.0,
            "check_collision": false
        },
        {
            "head": [
                [
                    0.999110590784115,
                    -0.024703797048980663,
                    0.03417235424109713,
                    -0.010172176903282365
                ],
                [
                    0.026438768279137773,
                    0.9983339030235638,
                    -0.05128751900432504,
                    -0.005838110854506067
                ],
                [
                    -0.03284842332438975,
                    0.0521453783675957,
                    0.9980991136154773,
                    0.013135853957779274
                ],
                [
                    0.0,
                    0.0,
                    0.0,
                    1.0
                ]
            ],
            "antennas": [
                0.14090891854052853,
                -0.2192218335553986
            ],
            "body_yaw": 0.0,
            "check_collision": false
        },
        {
            "head": [
                [
                    0.9991350591437789,
                    -0.024517168602719318,
                    0.03358633700574284,
                    -0.010260678163836025
                ],
                [
                    0.02621658181472724,
                    0.9983478829609889,
                    -0.0511292032527732,
                    -0.0062487065969421
                ],
                [
                    -0.032277305149426734,
                    0.05196549846790191,
                    0.9981271274448327,
                    0.01350728273767443
                ],
                [
                    0.0,
                    0.0,
                    0.0,
                    1.0
                ]
            ],
            "antennas": [
                0.14090891854052853,
                -0.2192218335553986
            ],
            "body_yaw": 0.0,
            "check_collision": false
        },
        {
            "head": [
                [
                    0.9991649431210006,
                    -0.024524889496438673,
                    0.03267944664762893,
                    -0.010293190117123608
                ],
                [
                    0.026174930026065354,
                    0.9983525587110494,
                    -0.051059196558811304,
                    -0.00617668581341036
                ],
                [
                    -0.03137338802453978,
                    0.05187194145478091,
                    0.9981608148056973,
                    0.01346446916016225
                ],
                [
                    0.0,
                    0.0,
                    0.0,
                    1.0
                ]
            ],
            "antennas": [
                0.14090891854052853,
                -0.2192218335553986
            ],
            "body_yaw": 0.0,
            "check_collision": false
        },
        {
            "head": [
                [
                    0.9991841916628488,
                    -0.024495258163137267,
                    0.03210815252518222,
                    -0.010312880649105198
                ],
                [
                    0.026108853575297283,
                    0.998365549131883,
                    -0.05083854907033626,
                    -0.006109036012378494
                ],
                [
                    -0.030810369943296598,
                    0.05163538161100931,
                    0.9981906173020473,
                    0.013417246371813405
                ],
                [
                    0.0,
                    0.0,
                    0.0,
                    1.0
                ]
            ],
            "antennas": [
                0.14090891854052853,
                -0.2192218335553986
            ],
            "body_yaw": 0.0,
            "check_collision": false
        },
        {
            "head": [
                [
                    0.9992050882449991,
                    -0.024203036686921267,
                    0.031676562951727306,
                    -0.010313051061446568
                ],
                [
                    0.025784104617001917,
                    0.9983914299693247,
                    -0.050494876105461925,
                    -0.005885109140776515
                ],
                [
                    -0.03040347964300633,
                    0.05127148894793278,
                    0.9982218505155349,
                    0.013474541673170635
                ],
                [
                    0.0,
                    0.0,
                    0.0,
                    1.0
                ]
            ],
            "antennas": [
                0.14090891854052853,
                -0.2192218335553986
            ],
            "body_yaw": 0.0,
            "check_collision": false
        },
        {
            "head": [
                [
                    0.9992376236821621,
                    -0.024177353283474718,
                    0.03065333597232284,
                    -0.010320114685295227
                ],
                [
                    0.025707888659438568,
                    0.998390053498505,
                    -0.050560909168313614,
                    -0.005803877581991172
                ],
                [
                    -0.02938155677801905,
                    0.05131039527677217,
                    0.9982504532720441,
                    0.013431203746722185
                ],
                [
                    0.0,
                    0.0,
                    0.0,
                    1.0
                ]
            ],
            "antennas": [
                0.14090891854052853,
                -0.2192218335553986
            ],
            "body_yaw": 0.0,
            "check_collision": false
        },
        {
            "head": [
                [
                    0.9993067471354019,
                    -0.02443646629005852,
                    0.028087083239752716,
                    -0.01042711652901414
                ],
                [
                    0.025826896672748904,
                    0.9984023362066622,
                    -0.05025680516441895,
                    -0.005974856695060548
                ],
                [
                    -0.026814110798553732,
                    0.05094736668694516,
                    0.9983413090169859,
                    0.013562452230068077
                ],
                [
                    0.0,
                    0.0,
                    0.0,
                    1.0
                ]
            ],
            "antennas": [
                0.14090891854052853,
                -0.2192218335553986
            ],
            "body_yaw": 0.0,
            "check_collision": false
        },
        {
            "head": [
                [
                    0.9993624144023122,
                    -0.025333149880029687,
                    0.02515941567557783,
                    -0.010525316697954954
                ],
                [
                    0.02655988650708315,
                    0.9984117401625632,
                    -0.04968470120965301,
                    -0.005925490322396879
                ],
                [
                    -0.02386078600363831,
                    0.0503212541846642,
                    0.998448012802154,
                    0.01354260825992165
                ],
                [
                    0.0,
                    0.0,
                    0.0,
                    1.0
                ]
            ],
            "antennas": [
                0.14090891854052853,
                -0.2192218335553986
            ],
            "body_yaw": 0.0,
            "check_collision": false
        },
        {
            "head": [
                [
                    0.9994116163046591,
                    -0.026120512284150636,
                    0.022229260746199013,
                    -0.010648459872702461
                ],
                [
                    0.027190305687527342,
                    0.9984154346865242,
                    -0.04926770804835608,
                    -0.005858224174505158
                ],
                [
                    -0.02090713925738734,
                    0.049843140127130516,
                    0.9985382080372988,
                    0.013599372223634719
                ],
                [
                    0.0,
                    0.0,
                    0.0,
                    1.0
                ]
            ],
            "antennas": [
                0.14090891854052853,
                -0.2192218335553986
            ],
            "body_yaw": 0.0,
            "check_collision": false
        },
        {
            "head": [
                [
                    0.9994622609632069,
                    -0.0264406859143271,
                    0.01939275737729474,
                    -0.010712674388064107
                ],
                [
                    0.027362342399616456,
                    0.9984283242270526,
                    -0.04890995399267769,
                    -0.005934266222561249
                ],
                [
                    -0.018069065518749622,
                    0.0494142844685583,
                    0.9986149094429442,
                    0.013560759411735067
                ],
                [
                    0.0,
                    0.0,
                    0.0,
                    1.0
                ]
            ],
            "antennas": [
                0.14090891854052853,
                -0.2192218335553986
            ],
            "body_yaw": 0.0,
            "check_collision": false
        },
        {
            "head": [
                [
                    0.9994991683528638,
                    -0.026805946489747958,
                    0.01681825480608894,
                    -0.010799902176527291
                ],
                [
                    0.02759565403710643,
                    0.9984357320714017,
                    -0.048626832112617174,
                    -0.005868884320184051
                ],
                [
                    -0.015488458289904005,
                    0.04906658899733192,
                    0.9986754114846169,
                    0.01357081662405185
                ],
                [
                    0.0,
                    0.0,
                    0.0,
                    1.0
                ]
            ],
            "antennas": [
                0.14090891854052853,
                -0.2192218335553986
            ],
            "body_yaw": 0.0,
            "check_collision": false
        },
        {
            "head": [
                [
                    0.9995339147705078,
                    -0.026738038800549972,
                    0.014731955221333446,
                    -0.010830928773997757
                ],
                [
                    0.027423430483111362,
                    0.9984479338301484,
                    -0.048473486472970784,
                    -0.006390793716939097
                ],
                [
                    -0.013413004289906421,
                    0.04885489444679629,
                    0.9987158207440748,
                    0.013591983648171988
                ],
                [
                    0.0,
                    0.0,
                    0.0,
                    1.0
                ]
            ],
            "antennas": [
                0.14090891854052853,
                -0.2192218335553986
            ],
            "body_yaw": 0.0,
            "check_collision": false
        },
        {
            "head": [
                [
                    0.9995579957835742,
                    -0.026412448695419505,
                    0.013645351554139986,
                    -0.010813049389134317
                ],
                [
                    0.027040603416195692,
                    0.998476039030607,
                    -0.04810826590761445,
                    -0.006348536544658455
                ],
                [
                    -0.012353899465847364,
                    0.04845598039108842,
                    0.9987489169617788,
                    0.01355823580601345
                ],
                [
                    0.0,
                    0.0,
                    0.0,
                    1.0
                ]
            ],
            "antennas": [
                0.14090891854052853,
                -0.2192218335553986
            ],
            "body_yaw": 0.0,
            "check_collision": false
        },
        {
            "head": [
                [
                    0.9995799178881382,
                    -0.0257587315135485,
                    0.013284408363040439,
                    -0.010747250801890037
                ],
                [
                    0.026368089273667492,
                    0.9985020784856705,
                    -0.04794082944476509,
                    -0.006295548593436461
                ],
                [
                    -0.012029614407743777,
                    0.048270974825552024,
                    0.9987618341559674,
                    0.013511218077884244
                ],
                [
                    0.0,
                    0.0,
                    0.0,
                    1.0
                ]
            ],
            "antennas": [
                0.14090891854052853,
                -0.2192218335553986
            ],
            "body_yaw": 0.0,
            "check_collision": false
        },
        {
            "head": [
                [
                    0.9996075037107179,
                    -0.024907626779904362,
                    0.012823753484071332,
                    -0.010735211345082768
                ],
                [
                    0.025495470595721378,
                    0.9985255632029828,
                    -0.04792369569710733,
                    -0.006261508706537145
                ],
                [
                    -0.01161118014372128,
                    0.04823183345425745,
                    0.9987686772908485,
                    0.013376496156373095
                ],
                [
                    0.0,
                    0.0,
                    0.0,
                    1.0
                ]
            ],
            "antennas": [
                0.14090891854052853,
                -0.2192218335553986
            ],
            "body_yaw": 0.0,
            "check_collision": false
        },
        {
            "head": [
                [
                    0.999621296624247,
                    -0.024370914240368635,
                    0.012779744690236537,
                    -0.01066705298496672
                ],
                [
                    0.024959624883643686,
                    0.9985291182171006,
                    -0.04813124970585481,
                    -0.006199458879873656
                ],
                [
                    -0.011587944637718405,
                    0.04843199987268904,
                    0.9987592607467553,
                    0.01332319434246476
                ],
                [
                    0.0,
                    0.0,
                    0.0,
                    1.0
                ]
            ],
            "antennas": [
                0.14090891854052853,
                -0.2192218335553986
            ],
            "body_yaw": 0.0,
            "check_collision": false
        },
        {
            "head": [
                [
                    0.9996493630230533,
                    -0.02375792686171897,
                    0.011692387217220029,
                    -0.010673284032602414
                ],
                [
                    0.02429526634544701,
                    0.9985427265174072,
                    -0.048188830162048245,
                    -0.0060701952744005765
                ],
                [
                    -0.010530481508838424,
                    0.04845600303797407,
                    0.9987698056753499,
                    0.013168757050893319
                ],
                [
                    0.0,
                    0.0,
                    0.0,
                    1.0
                ]
            ],
            "antennas": [
                0.14090891854052853,
                -0.2192218335553986
            ],
            "body_yaw": 0.0,
            "check_collision": false
        },
        {
            "head": [
                [
                    0.9996732078438221,
                    -0.023250264059808047,
                    0.010625570120789081,
                    -0.010710188227015336
                ],
                [
                    0.02373482924075078,
                    0.998564598830637,
                    -0.0480145794850007,
                    -0.0060345461111211696
                ],
                [
                    -0.009493966513265641,
                    0.04825108478944538,
                    0.9987901167995641,
                    0.013290506200778538
                ],
                [
                    0.0,
                    0.0,
                    0.0,
                    1.0
                ]
            ],
            "antennas": [
                0.14090891854052853,
                -0.2192218335553986
            ],
            "body_yaw": 0.0,
            "check_collision": false
        },
        {
            "head": [
                [
                    0.9996905157414658,
                    -0.02311278851175319,
                    0.009201725043319635,
                    -0.010750224470343262
                ],
                [
                    0.023529612572930625,
                    0.9985647612591331,
                    -0.04811210766177367,
                    -0.00596230136628279
                ],
                [
                    -0.008076513401813383,
                    0.048313730747079404,
                    0.9987995561435582,
                    0.013272372279039822
                ],
                [
                    0.0,
                    0.0,
                    0.0,
                    1.0
                ]
            ],
            "antennas": [
                0.14090891854052853,
                -0.2192218335553986
            ],
            "body_yaw": 0.0,
            "check_collision": false
        },
        {
            "head": [
                [
                    0.9997047791509781,
                    -0.023189143564969854,
                    0.0072538378405498745,
                    -0.010831955912847933
                ],
                [
                    0.023512117236827567,
                    0.9985627584811422,
                    -0.04816220216698431,
                    -0.006286074656719556
                ],
                [
                    -0.006126572103179074,
                    0.04831853676649376,
                    0.9988131877979031,
                    0.013459490006052842
                ],
                [
                    0.0,
                    0.0,
                    0.0,
                    1.0
                ]
            ],
            "antennas": [
                0.14090891854052853,
                -0.2192218335553986
            ],
            "body_yaw": 0.0,
            "check_collision": false
        },
        {
            "head": [
                [
                    0.9997077153030978,
                    -0.023709549322410154,
                    0.004726651498546223,
                    -0.010884877295021779
                ],
                [
                    0.023908831369412843,
                    0.9985674478825817,
                    -0.047868777003558995,
                    -0.006266081541842988
                ],
                [
                    -0.0035849331945643466,
                    0.047967794406202156,
                    0.9988424495153352,
                    0.01343017533068763
                ],
                [
                    0.0,
                    0.0,
                    0.0,
                    1.0
                ]
            ],
            "antennas": [
                0.14090891854052853,
                -0.2192218335553986
            ],
            "body_yaw": 0.0,
            "check_collision": false
        },
        {
            "head": [
                [
                    0.9997123993521335,
                    -0.02378255264544584,
                    0.003083629560605544,
                    -0.010885164894527018
                ],
                [
                    0.023902672693115502,
                    0.9985749197033007,
                    -0.04771574140336231,
                    -0.00634136975818976
                ],
                [
                    -0.0019444330089344608,
                    0.04777572531331524,
                    0.9988561954811416,
                    0.013486369079996062
                ],
                [
                    0.0,
                    0.0,
                    0.0,
                    1.0
                ]
            ],
            "antennas": [
                0.14090891854052853,
                -0.2192218335553986
            ],
            "body_yaw": 0.0,
            "check_collision": false
        },
        {
            "head": [
                [
                    0.999718694026681,
                    -0.02367241900263997,
                    0.0014660805401832564,
                    -0.010886396300991088
                ],
                [
                    0.023715438704403402,
                    0.9985761342815452,
                    -0.04778370025837764,
                    -0.006313489341163592
                ],
                [
                    -0.00033283726434872466,
                    0.04780502716125412,
                    0.9988566306520004,
                    0.013471829819677482
                ],
                [
                    0.0,
