{
    "description": "A friendly welcoming gesture, can mean 'welcome' or 'the pleasure is mine.'",
    "time": [
        1753108388.9719055,
        1753108388.9818907,
        1753108388.9920378,
        1753108389.0021086,
        1753108389.0120625,
        1753108389.0221624,
        1753108389.0322948,
        1753108389.0421937,
        1753108389.052285,
        1753108389.0623653,
        1753108389.072346,
        1753108389.0824704,
        1753108389.0925634,
        1753108389.1025505,
        1753108389.112732,
        1753108389.1227171,
        1753108389.1328366,
        1753108389.1429782,
        1753108389.1529303,
        1753108389.1629074,
        1753108389.1729195,
        1753108389.1830363,
        1753108389.1930964,
        1753108389.2030907,
        1753108389.2131934,
        1753108389.2232785,
        1753108389.2333465,
        1753108389.2433705,
        1753108389.253466,
        1753108389.2635157,
        1753108389.2734842,
        1753108389.2836761,
        1753108389.293764,
        1753108389.3038483,
        1753108389.3137894,
        1753108389.3239243,
        1753108389.3339016,
        1753108389.3439665,
        1753108389.3540545,
        1753108389.3640697,
        1753108389.374082,
        1753108389.3841736,
        1753108389.3944135,
        1753108389.4043653,
        1753108389.4144015,
        1753108389.4245508,
        1753108389.4347384,
        1753108389.4446707,
        1753108389.4548836,
        1753108389.4646769,
        1753108389.4748476,
        1753108389.4851594,
        1753108389.4950109,
        1753108389.50494,
        1753108389.5150042,
        1753108389.525121,
        1753108389.5351768,
        1753108389.5451972,
        1753108389.5552986,
        1753108389.5653107,
        1753108389.5753822,
        1753108389.5854707,
        1753108389.595494,
        1753108389.605562,
        1753108389.6156757,
        1753108389.6262004,
        1753108389.635799,
        1753108389.6459444,
        1753108389.6559002,
        1753108389.665964,
        1753108389.676024,
        1753108389.6861737,
        1753108389.6961288,
        1753108389.7061691,
        1753108389.7162983,
        1753108389.7263649,
        1753108389.7363865,
        1753108389.7464082,
        1753108389.7565145,
        1753108389.7665265,
        1753108389.7766159,
        1753108389.7867372,
        1753108389.7969613,
        1753108389.8068204,
        1753108389.8169148,
        1753108389.8270824,
        1753108389.8371558,
        1753108389.8472636,
        1753108389.8571522,
        1753108389.8672094,
        1753108389.8773496,
        1753108389.8873749,
        1753108389.8974314,
        1753108389.907442,
        1753108389.9175458,
        1753108389.9276295,
        1753108389.9378057,
        1753108389.9477193,
        1753108389.9578598,
        1753108389.9678247,
        1753108389.9778967,
        1753108389.9880514,
        1753108389.9980001,
        1753108390.0081031,
        1753108390.0181227,
        1753108390.0282233,
        1753108390.0382686,
        1753108390.0486288,
        1753108390.0584736,
        1753108390.0684235,
        1753108390.0784988,
        1753108390.0885704,
        1753108390.0986705,
        1753108390.1087897,
        1753108390.1188407,
        1753108390.128861,
        1753108390.138912,
        1753108390.1489398,
        1753108390.1590354,
        1753108390.1690176,
        1753108390.179052,
        1753108390.1894372,
        1753108390.1995003,
        1753108390.2093284,
        1753108390.2194443,
        1753108390.229471,
        1753108390.2394848,
        1753108390.249567,
        1753108390.2596605,
        1753108390.2697177,
        1753108390.2798076,
        1753108390.289922,
        1753108390.299884,
        1753108390.309959,
        1753108390.3200853,
        1753108390.330098,
        1753108390.3400936,
        1753108390.3501093,
        1753108390.3602915,
        1753108390.3703988,
        1753108390.3803968,
        1753108390.3905225,
        1753108390.4006467,
        1753108390.410762,
        1753108390.420745,
        1753108390.4307065,
        1753108390.4407992,
        1753108390.4507987,
        1753108390.4608862,
        1753108390.4708905,
        1753108390.48112,
        1753108390.4912574,
        1753108390.5011513,
        1753108390.511225,
        1753108390.5213244,
        1753108390.531428,
        1753108390.541432,
        1753108390.551792,
        1753108390.5619981,
        1753108390.5720572,
        1753108390.5820837,
        1753108390.5921366,
        1753108390.602092,
        1753108390.6121907,
        1753108390.6223867,
        1753108390.6322975,
        1753108390.6423607,
        1753108390.652497,
        1753108390.6624892,
        1753108390.6725397,
        1753108390.682598,
        1753108390.6927514,
        1753108390.7026935,
        1753108390.712778,
        1753108390.7229185,
        1753108390.7329829,
        1753108390.7429953,
        1753108390.753155,
        1753108390.7634358,
        1753108390.7731845,
        1753108390.7834044,
        1753108390.7933831,
        1753108390.8034215,
        1753108390.8134027,
        1753108390.8235712,
        1753108390.8335564,
        1753108390.8435962,
        1753108390.853678,
        1753108390.8637235,
        1753108390.8738403,
        1753108390.8838727,
        1753108390.8940034,
        1753108390.903963,
        1753108390.9140832,
        1753108390.9241743,
        1753108390.9342701,
        1753108390.9442832,
        1753108390.9543924,
        1753108390.9643693,
        1753108390.9744768,
        1753108390.9844935,
        1753108390.994538,
        1753108391.0045476,
        1753108391.0146494,
        1753108391.024829,
        1753108391.034772,
        1753108391.0448687,
        1753108391.0550923,
        1753108391.0649717,
        1753108391.0750039,
        1753108391.0851123,
        1753108391.0951273,
        1753108391.1052692,
        1753108391.1152785,
        1753108391.125404,
        1753108391.1353354,
        1753108391.145554,
        1753108391.1555438,
        1753108391.1656272,
        1753108391.1756697,
        1753108391.1857834,
        1753108391.1958256,
        1753108391.2058325,
        1753108391.2159455,
        1753108391.2259746,
        1753108391.2359905,
        1753108391.2460644,
        1753108391.2560968,
        1753108391.2661855,
        1753108391.2762256,
        1753108391.2863386,
        1753108391.2965894,
        1753108391.3063881,
        1753108391.3164995,
        1753108391.3265827,
        1753108391.3365495,
        1753108391.3468814,
        1753108391.35679,
        1753108391.3669076,
        1753108391.376922,
        1753108391.3871365,
        1753108391.3970633,
        1753108391.4070587,
        1753108391.4172297,
        1753108391.4272037,
        1753108391.4371543,
        1753108391.4472141,
        1753108391.4573553,
        1753108391.4673584,
        1753108391.4774184,
        1753108391.487719,
        1753108391.4976385,
        1753108391.5075846,
        1753108391.5177536,
        1753108391.5277977,
        1753108391.5378358,
        1753108391.5479205,
        1753108391.5580294,
        1753108391.567971,
        1753108391.57801,
        1753108391.5881522,
        1753108391.5981166,
        1753108391.608429,
        1753108391.6185966,
        1753108391.628722,
        1753108391.6387591,
        1753108391.6488397,
        1753108391.6588962,
        1753108391.6688275,
        1753108391.6788805,
        1753108391.6890085,
        1753108391.6990814,
        1753108391.709083,
        1753108391.7191887,
        1753108391.7293355,
        1753108391.7392929,
        1753108391.7494125,
        1753108391.7594953,
        1753108391.7695255,
        1753108391.7795699,
        1753108391.7896757,
        1753108391.7997086,
        1753108391.8097384,
        1753108391.8198743,
        1753108391.829883,
        1753108391.8398995,
        1753108391.849978,
        1753108391.8600376,
        1753108391.8700647,
        1753108391.8801453,
        1753108391.8902977,
        1753108391.9002886,
        1753108391.9103441,
        1753108391.920405,
        1753108391.930481,
        1753108391.9404926,
        1753108391.9505303,
        1753108391.9606898,
        1753108391.9707096,
        1753108391.9807572,
        1753108391.9908392,
        1753108392.0008657,
        1753108392.0109055,
        1753108392.0210266,
        1753108392.031082,
        1753108392.0412667,
        1753108392.0512707,
        1753108392.0612674,
        1753108392.071215,
        1753108392.0812774,
        1753108392.0913923,
        1753108392.101418,
        1753108392.1115727,
        1753108392.1215696,
        1753108392.1316493,
        1753108392.141668,
        1753108392.1518438,
        1753108392.161823,
        1753108392.171916,
        1753108392.1818929,
        1753108392.1921468,
        1753108392.2020218,
        1753108392.2120578,
        1753108392.2221575,
        1753108392.232185,
        1753108392.2422779,
        1753108392.252367,
        1753108392.2623725,
        1753108392.2723243,
        1753108392.2824063,
        1753108392.2925575,
        1753108392.302579,
        1753108392.312727,
        1753108392.3228486,
        1753108392.3328042,
        1753108392.3428802,
        1753108392.3532326,
        1753108392.363226,
        1753108392.3730924,
        1753108392.383294,
        1753108392.3931882,
        1753108392.4034455,
        1753108392.4134007,
        1753108392.4234688,
        1753108392.4333527,
        1753108392.4434795,
        1753108392.4534853,
        1753108392.4635491,
        1753108392.4735663,
        1753108392.48403,
        1753108392.4938977,
        1753108392.5038278,
        1753108392.5139759,
        1753108392.5240092,
        1753108392.5341368,
        1753108392.5441127,
        1753108392.5541754,
        1753108392.5646417,
        1753108392.574416,
        1753108392.5845733,
        1753108392.5944717,
        1753108392.6043763,
        1753108392.6144621,
        1753108392.6245632,
        1753108392.634619,
        1753108392.6447098,
        1753108392.654793,
        1753108392.664801,
        1753108392.6748388,
        1753108392.6850092,
        1753108392.6950111,
        1753108392.7050242,
        1753108392.715039,
        1753108392.7251523,
        1753108392.7351182,
        1753108392.7452056,
        1753108392.755332,
        1753108392.765546,
        1753108392.7754316,
        1753108392.7855294,
        1753108392.7955606,
        1753108392.8056417,
        1753108392.815771,
        1753108392.8257234,
        1753108392.8357637,
        1753108392.8458664,
        1753108392.8558755,
        1753108392.8659627,
        1753108392.8759592,
        1753108392.8860407,
        1753108392.8960912,
        1753108392.9061363,
        1753108392.916258,
        1753108392.926331,
        1753108392.9363985,
        1753108392.9465182,
        1753108392.9565158,
        1753108392.9665456,
        1753108392.9765887,
        1753108392.9868417,
        1753108392.9967537,
        1753108393.0067954,
        1753108393.0168788,
        1753108393.0269544,
        1753108393.0369883,
        1753108393.0470273,
        1753108393.0571918,
        1753108393.067151,
        1753108393.077506,
        1753108393.0873227,
        1753108393.0973399,
        1753108393.1074624,
        1753108393.117493,
        1753108393.1278272,
        1753108393.137681,
        1753108393.1476948,
        1753108393.1578512,
        1753108393.1678767,
        1753108393.177849,
        1753108393.1881204,
        1753108393.1979942,
        1753108393.2080326,
        1753108393.2181215,
        1753108393.2281084,
        1753108393.2381396,
        1753108393.248314,
        1753108393.2583296,
        1753108393.268302,
        1753108393.2784255,
        1753108393.2885232,
        1753108393.2985582,
        1753108393.3086412,
        1753108393.318782,
        1753108393.3287644,
        1753108393.3388255,
        1753108393.3489716,
        1753108393.3589647,
        1753108393.3689837,
        1753108393.379131,
        1753108393.389127,
        1753108393.3991337,
        1753108393.4092128,
        1753108393.419276,
        1753108393.4295027,
        1753108393.4395976,
        1753108393.449468,
        1753108393.4595633,
        1753108393.4695377,
        1753108393.4796596,
        1753108393.4898074,
        1753108393.4999804,
        1753108393.5098708,
        1753108393.5199761,
        1753108393.5302086,
        1753108393.5400457,
        1753108393.550099,
        1753108393.5602355,
        1753108393.5702426,
        1753108393.580647,
        1753108393.590429,
        1753108393.6003687,
        1753108393.6104598,
        1753108393.620554,
        1753108393.6311405,
        1753108393.6407108,
        1753108393.6507502,
        1753108393.6607122,
        1753108393.670745,
        1753108393.6808243,
        1753108393.690906,
        1753108393.700938,
        1753108393.7110186,
        1753108393.721082,
        1753108393.7311049,
        1753108393.7411933,
        1753108393.7512715,
        1753108393.7613385,
        1753108393.7714274,
        1753108393.7814775,
        1753108393.7915819,
        1753108393.8015366,
        1753108393.8116508,
        1753108393.821759,
        1753108393.8317654,
        1753108393.84182,
        1753108393.8518898,
        1753108393.8619852,
        1753108393.871978,
        1753108393.882093,
        1753108393.8921537,
        1753108393.9021542,
        1753108393.91224,
        1753108393.9222853,
        1753108393.932374,
        1753108393.942454,
        1753108393.9525409,
        1753108393.962562,
        1753108393.972777,
        1753108393.982775,
        1753108393.992861,
        1753108394.002759,
        1753108394.012849,
        1753108394.0229208,
        1753108394.0329673,
        1753108394.0430336,
        1753108394.053153,
        1753108394.0631275,
        1753108394.0731688,
        1753108394.083209,
        1753108394.0932994,
        1753108394.1033792,
        1753108394.113459,
        1753108394.1234894,
        1753108394.1338615,
        1753108394.1436217,
        1753108394.1539025,
        1753108394.1637585,
        1753108394.1739314,
        1753108394.1838923,
        1753108394.1939704,
        1753108394.2039359,
        1753108394.2140312,
        1753108394.224088,
        1753108394.2341084,
        1753108394.2441912,
        1753108394.2542896,
        1753108394.2642844,
        1753108394.2743967,
        1753108394.2844353,
        1753108394.2944903,
        1753108394.304681,
        1753108394.3148217,
        1753108394.324737,
        1753108394.3347414,
        1753108394.3447976,
        1753108394.3549557,
        1753108394.3649182,
        1753108394.3750262,
        1753108394.3857014,
        1753108394.3950846,
        1753108394.4050946,
        1753108394.415203,
        1753108394.4253287,
        1753108394.435263,
        1753108394.4453456,
        1753108394.4554498,
        1753108394.4654505,
        1753108394.475517,
        1753108394.4858155,
        1753108394.4957757,
        1753108394.505734,
        1753108394.5159006,
        1753108394.5261574,
        1753108394.5361044,
        1753108394.5464182,
        1753108394.5565486,
        1753108394.5665386,
        1753108394.576587,
        1753108394.5865366,
        1753108394.596598,
        1753108394.6066113,
        1753108394.61673,
        1753108394.6268039,
        1753108394.6368039,
        1753108394.6469471,
        1753108394.6569676,
        1753108394.667044,
        1753108394.6772783,
        1753108394.687427,
        1753108394.6973715,
        1753108394.7073417,
        1753108394.717451,
        1753108394.7273977,
        1753108394.7374315,
        1753108394.7474627,
        1753108394.7575788,
        1753108394.7675388,
        1753108394.7776291,
        1753108394.7877164,
        1753108394.7977736,
        1753108394.8078508,
        1753108394.8179169,
        1753108394.8279974,
        1753108394.838068,
        1753108394.8481023,
        1753108394.8581066,
        1753108394.8682287,
        1753108394.8781946,
        1753108394.8883762,
        1753108394.8983717
    ],
    "set_target_data": [
        {
            "head": [
                [
                    0.9909985290171498,
                    -0.023940059554942546,
                    -0.13171480188024087,
                    -0.004933478868513908
                ],
                [
                    0.01566448133698613,
                    0.9978582101373356,
                    -0.06351075882050317,
                    -0.008070098371321749
                ],
                [
                    0.13295314780135337,
                    0.06087582451202375,
                    0.9892510270298903,
                    0.0005212489030632667
                ],
                [
                    0.0,
                    0.0,
                    0.0,
                    1.0
                ]
            ],
            "antennas": [
                0.2325222404571085,
                -0.2864801245566957
            ],
            "body_yaw": 0.0,
            "check_collision": false
        },
        {
            "head": [
                [
                    0.9910126197882003,
                    -0.02381137957210519,
                    -0.13163208432370038,
                    -0.004919399788906497
                ],
                [
                    0.015556492941709335,
                    0.997867690215769,
                    -0.06338823511347537,
                    -0.00809931095092546
                ],
                [
                    0.13286076526907098,
                    0.060770807352871464,
                    0.9892698954409751,
                    0.0004970024004604685
                ],
                [
                    0.0,
                    0.0,
                    0.0,
                    1.0
                ]
            ],
            "antennas": [
                0.2325222404571085,
                -0.2864801245566957
            ],
            "body_yaw": 0.0,
            "check_collision": false
        },
        {
            "head": [
                [
                    0.9910223197609119,
                    -0.023820258654385928,
                    -0.1315574285752752,
                    -0.004907525981511569
                ],
                [
                    0.015582774016236148,
                    0.9978732969034766,
                    -0.0632934473776281,
                    -0.008132209959656734
                ],
                [
                    0.13278531127221638,
                    0.06067518936619657,
                    0.9892858952323723,
                    0.00047901444680198586
                ],
                [
                    0.0,
                    0.0,
                    0.0,
                    1.0
                ]
            ],
            "antennas": [
                0.2325222404571085,
                -0.2864801245566957
            ],
            "body_yaw": 0.0,
            "check_collision": false
        },
        {
            "head": [
                [
                    0.9910321202436854,
                    -0.02391188476363513,
                    -0.13146694798448708,
                    -0.004899641021067517
                ],
                [
                    0.015659310301890064,
                    0.9978620095062058,
                    -0.06345231268524017,
                    -0.008158762431411379
                ],
                [
                    0.13270313728836372,
                    0.06082459824188734,
                    0.9892877466149766,
                    0.00046338165080339784
                ],
                [
                    0.0,
                    0.0,
                    0.0,
                    1.0
                ]
            ],
            "antennas": [
                0.2325222404571085,
                -0.2864801245566957
            ],
            "body_yaw": 0.0,
            "check_collision": false
        },
        {
            "head": [
                [
                    0.9910631513568147,
                    -0.024085628662138255,
                    -0.13120103854257015,
                    -0.004896473227383246
                ],
                [
                    0.015818550627435046,
                    0.9978441957142535,
                    -0.06369249983649347,
                    -0.008188899858490802
                ],
                [
                    0.1324522686810108,
                    0.06104787933519092,
                    0.9893076129040599,
                    0.00045280173041995116
                ],
                [
                    0.0,
                    0.0,
                    0.0,
                    1.0
                ]
            ],
            "antennas": [
                0.2325222404571085,
                -0.2864801245566957
            ],
            "body_yaw": 0.0,
            "check_collision": false
        },
        {
            "head": [
                [
                    0.9910387182177126,
                    -0.024298529570509635,
                    -0.13134626166779412,
                    -0.004849022117242271
                ],
                [
                    0.016042440395112833,
                    0.9978494451985678,
                    -0.06355410941143042,
                    -0.007867863360424493
                ],
                [
                    0.13260806574097528,
                    0.06087746855464578,
                    0.9892972428561679,
                    0.0005939330629975998
                ],
                [
                    0.0,
                    0.0,
                    0.0,
                    1.0
                ]
            ],
            "antennas": [
                0.2325222404571085,
                -0.2864801245566957
            ],
            "body_yaw": 0.0,
            "check_collision": false
        },
        {
            "head": [
                [
                    0.9910431657875183,
                    -0.02422779605576241,
                    -0.13132576839346446,
                    -0.0048454120771211
                ],
                [
                    0.0159541205420805,
                    0.9978421215294758,
                    -0.06369118101655476,
                    -0.007874606409955026
                ],
                [
                    0.13258548028944292,
                    0.06102552252816164,
                    0.989291148255448,
                    0.000614339929022158
                ],
                [
                    0.0,
                    0.0,
                    0.0,
                    1.0
                ]
            ],
            "antennas": [
                0.2325222404571085,
                -0.2864801245566957
            ],
            "body_yaw": 0.0,
            "check_collision": false
        },
        {
            "head": [
                [
                    0.991024447640831,
                    -0.024158408138551066,
                    -0.13147971514418813,
                    -0.004848990866654662
                ],
                [
                    0.015892923604107025,
                    0.9978517612046738,
                    -0.06355531165877944,
                    -0.007874859169821828
                ],
                [
                    0.13273266047774254,
                    0.06089527056300643,
                    0.9892794382102351,
                    0.0006300051371663801
                ],
                [
                    0.0,
                    0.0,
                    0.0,
                    1.0
                ]
            ],
            "antennas": [
                0.2325222404571085,
                -0.2864801245566957
            ],
            "body_yaw": 0.0,
            "check_collision": false
        },
        {
            "head": [
                [
                    0.9910159149400489,
                    -0.024316689639815935,
                    -0.13151484684437273,
                    -0.0048568265027657005
                ],
                [
                    0.016065540033006646,
                    0.9978563084542418,
                    -0.06344041378743519,
                    -0.00787624523181057
                ],
                [
                    0.13277558043174134,
                    0.06075760267681736,
                    0.9892821432523586,
                    0.0006493974053867219
                ],
                [
                    0.0,
                    0.0,
                    0.0,
                    1.0
                ]
            ],
            "antennas": [
                0.2325222404571085,
                -0.2864801245566957
            ],
            "body_yaw": 0.0,
            "check_collision": false
        },
        {
            "head": [
                [
                    0.9910221330514077,
                    -0.024445108144500738,
                    -0.13144416491439267,
                    -0.00500958254060711
                ],
                [
                    0.016198490010322315,
                    0.9978538156174881,
                    -0.06344581608747778,
                    -0.007935626415734889
                ],
                [
                    0.13271300133605554,
                    0.06074701099991858,
                    0.9892911906668088,
                    0.0009084655539155512
                ],
                [
                    0.0,
                    0.0,
                    0.0,
                    1.0
                ]
            ],
            "antennas": [
                0.2325222404571085,
                -0.2864801245566957
            ],
            "body_yaw": 0.0,
            "check_collision": false
        },
        {
            "head": [
                [
                    0.9910079166555615,
                    -0.02462814204902895,
                    -0.13151716140951505,
                    -0.005026255084222213
                ],
                [
                    0.01636721851076658,
                    0.9978458221892792,
                    -0.06352817719423533,
                    -0.00793509603338635
                ],
                [
                    0.13279843103073322,
                    0.06080435641147922,
                    0.9892762035736842,
                    0.0009492598412492743
                ],
                [
                    0.0,
                    0.0,
                    0.0,
                    1.0
                ]
            ],
            "antennas": [
                0.2325222404571085,
                -0.2864801245566957
            ],
            "body_yaw": 0.0,
            "check_collision": false
        },
        {
            "head": [
                [
                    0.9910056163604659,
                    -0.024753985137259432,
                    -0.1315108686072662,
                    -0.005119841228787657
                ],
                [
                    0.016475875882479396,
                    0.9978352774966954,
                    -0.06366556759346587,
                    -0.008278838986819616
                ],
                [
                    0.13280216058452673,
                    0.06092617830553116,
                    0.9892682077885473,
                    0.0011695716531380258
                ],
                [
                    0.0,
                    0.0,
                    0.0,
                    1.0
                ]
            ],
            "antennas": [
                0.2325222404571085,
                -0.2864801245566957
            ],
            "body_yaw": 0.0,
            "check_collision": false
        },
        {
            "head": [
                [
                    0.9910051285266327,
                    -0.02486147067713869,
                    -0.13149426797272137,
                    -0.005127149340294578
                ],
                [
                    0.016579040735150888,
                    0.9978306726799413,
                    -0.06371094150456352,
                    -0.008305524094246494
                ],
                [
                    0.13279296156880563,
                    0.06095782094912416,
                    0.9892674933620937,
                    0.001204928946968888
                ],
                [
                    0.0,
                    0.0,
                    0.0,
                    1.0
                ]
            ],
            "antennas": [
                0.2325222404571085,
                -0.2864801245566957
            ],
            "body_yaw": 0.0,
            "check_collision": false
        },
        {
            "head": [
                [
                    0.991012972255994,
                    -0.024802776224964518,
                    -0.13144622897548078,
                    -0.0051290858840610035
                ],
                [
                    0.016522814342069127,
                    0.9978315536284678,
                    -0.06371175079697293,
                    -0.008332146469313744
                ],
                [
                    0.13274142317512536,
                    0.06096730988761437,
                    0.9892738254388973,
                    0.0012424176351306677
                ],
                [
                    0.0,
                    0.0,
                    0.0,
                    1.0
                ]
            ],
            "antennas": [
                0.2325222404571085,
                -0.2864801245566957
            ],
            "body_yaw": 0.0,
            "check_collision": false
        },
        {
            "head": [
                [
                    0.9910065200480874,
                    -0.02469684899929272,
                    -0.1315148009605214,
                    -0.005154994967492589
                ],
                [
                    0.01638753871114318,
                    0.9978221801387621,
                    -0.06389323436889177,
                    -0.008432206088890871
                ],
                [
                    0.1328063469762278,
                    0.06116340795470346,
                    0.9892530069351299,
                    0.001008744825749976
                ],
                [
                    0.0,
                    0.0,
                    0.0,
                    1.0
                ]
            ],
            "antennas": [
                0.2325222404571085,
                -0.2864801245566957
            ],
            "body_yaw": 0.0,
            "check_collision": false
        },
        {
            "head": [
                [
                    0.9910156144717441,
                    -0.024679825193097523,
                    -0.13144945074678063,
                    -0.005167922024214802
                ],
                [
                    0.016374887748047563,
                    0.997822588977796,
                    -0.0638900929478741,
                    -0.008482114758343491
                ],
                [
                    0.13274002758938616,
                    0.06116360972087323,
                    0.9892618955167951,
                    0.0010101580465143884
                ],
                [
                    0.0,
                    0.0,
                    0.0,
                    1.0
                ]
            ],
            "antennas": [
                0.2325222404571085,
                -0.2864801245566957
            ],
            "body_yaw": 0.0,
            "check_collision": false
        },
        {
            "head": [
                [
                    0.991022273823149,
                    -0.02465616572621189,
                    -0.13140367680577794,
                    -0.005182628529560094
                ],
                [
                    0.01636000841355318,
                    0.9978257405599682,
                    -0.06384466775432322,
                    -0.008533087633936235
                ],
                [
                    0.1326921358299136,
                    0.061121722551258514,
                    0.9892709093677339,
                    0.001011766353841594
                ],
                [
                    0.0,
                    0.0,
                    0.0,
                    1.0
                ]
            ],
            "antennas": [
                0.2325222404571085,
                -0.2864801245566957
            ],
            "body_yaw": 0.0,
            "check_collision": false
        },
        {
            "head": [
                [
                    0.9910209736309807,
                    -0.024636955513441198,
                    -0.13141708506329075,
                    -0.005212248726872121
                ],
                [
                    0.016350432843335507,
                    0.9978309507027195,
                    -0.06376564251650799,
                    -0.008612647984613
                ],
                [
                    0.1327030262252487,
                    0.06104436290712054,
                    0.9892742251711227,
                    0.0010333588917872411
                ],
                [
                    0.0,
                    0.0,
                    0.0,
                    1.0
                ]
            ],
            "antennas": [
                0.2325222404571085,
                -0.2864801245566957
            ],
            "body_yaw": 0.0,
            "check_collision": false
        },
        {
            "head": [
                [
                    0.991017848668234,
                    -0.024663877410392752,
                    -0.13143559933317436,
                    -0.005230360158766115
                ],
                [
                    0.01637000680563182,
                    0.9978275884357385,
                    -0.06381321676347639,
                    -0.008657650465525106
                ],
                [
                    0.1327239484726445,
                    0.06108843513795368,
                    0.9892686978744587,
                    0.0010395396687157294
                ],
                [
                    0.0,
                    0.0,
                    0.0,
                    1.0
                ]
            ],
            "antennas": [
                0.2325222404571085,
                -0.2864801245566957
            ],
            "body_yaw": 0.0,
            "check_collision": false
        },
        {
            "head": [
                [
                    0.9910121689756469,
                    -0.024764996881263143,
                    -0.13145940769551054,
                    -0.0052541206577987574
                ],
                [
                    0.01646264907056763,
                    0.9978223968567752,
                    -0.06387053715586725,
                    -0.008701266283155791
                ],
                [
                    0.132754894929576,
                    0.061132309464559796,
                    0.9892618352144017,
                    0.001046400647314762
                ],
                [
                    0.0,
                    0.0,
                    0.0,
                    1.0
                ]
            ],
            "antennas": [
                0.2325222404571085,
                -0.2864801245566957
            ],
            "body_yaw": 0.0,
            "check_collision": false
        },
        {
            "head": [
                [
                    0.9910104879784247,
                    -0.02488635599784884,
                    -0.1314491612826539,
                    -0.0051330059097357255
                ],
                [
                    0.01660103262605279,
                    0.9978275162480896,
                    -0.063754635391613,
                    -0.008366209622777798
                ],
                [
                    0.13275021066843382,
                    0.060999320515208316,
                    0.9892706730031825,
                    0.0010530098316335907
                ],
                [
                    0.0,
                    0.0,
                    0.0,
                    1.0
                ]
            ],
            "antennas": [
                0.2325222404571085,
                -0.2864801245566957
            ],
            "body_yaw": 0.0,
            "check_collision": false
        },
        {
            "head": [
                [
                    0.9910088013402171,
                    -0.025015656075914394,
                    -0.1314373334228813,
                    -0.005145265348375101
                ],
                [
                    0.016717041357361653,
                    0.997818471429133,
                    -0.06386578585662833,
                    -0.00838786584399782
                ],
                [
                    0.13274824365874813,
                    0.06109431254969659,
                    0.9892650750833154,
                    0.0010789774267785397
                ],
                [
                    0.0,
                    0.0,
                    0.0,
                    1.0
                ]
            ],
            "antennas": [
                0.2325222404571085,
                -0.2864801245566957
            ],
            "body_yaw": 0.0,
            "check_collision": false
        },
        {
            "head": [
                [
                    0.9910025671552457,
                    -0.024992340278909935,
                    -0.13148876309059798,
                    -0.005169041771874864
                ],
                [
                    0.016687850891484193,
                    0.9978177600991448,
                    -0.06388453070461196,
                    -0.008416593659541692
                ],
                [
                    0.13279844699519577,
                    0.061115469057417,
                    0.9892570302593535,
                    0.0011640899451907955
                ],
                [
                    0.0,
                    0.0,
                    0.0,
                    1.0
                ]
            ],
            "antennas": [
                0.2325222404571085,
                -0.2864801245566957
            ],
            "body_yaw": 0.0,
            "check_collision": false
        },
        {
            "head": [
                [
                    0.9909978552043781,
                    -0.02497712953962914,
                    -0.13152716061818787,
                    -0.005179284503130063
                ],
                [
                    0.01667055584985274,
                    0.9978182441379618,
                    -0.06388148583972728,
                    -0.008445636850621384
                ],
                [
                    0.13283577661149476,
                    0.061113784577580536,
                    0.9892521224574783,
                    0.0011973547760252296
                ],
                [
                    0.0,
                    0.0,
                    0.0,
                    1.0
                ]
            ],
            "antennas": [
                0.2325222404571085,
                -0.2864801245566957
            ],
            "body_yaw": 0.0,
            "check_collision": false
