{
    "description": "TODO: Add a description of the recording. You can add as much as you want, even if the wording is not perfect.",
    "time": [
        1753108522.493019,
        1753108522.5032277,
        1753108522.513149,
        1753108522.5231202,
        1753108522.5332103,
        1753108522.5437875,
        1753108522.5534554,
        1753108522.5633855,
        1753108522.573457,
        1753108522.583392,
        1753108522.5934525,
        1753108522.6034582,
        1753108522.6135488,
        1753108522.6235788,
        1753108522.6336718,
        1753108522.6437173,
        1753108522.6538107,
        1753108522.663927,
        1753108522.6739705,
        1753108522.6842003,
        1753108522.6941516,
        1753108522.7040873,
        1753108522.7141547,
        1753108522.7242944,
        1753108522.734297,
        1753108522.7442937,
        1753108522.7545986,
        1753108522.7645192,
        1753108522.7744517,
        1753108522.7846138,
        1753108522.7945936,
        1753108522.804612,
        1753108522.8147285,
        1753108522.8247895,
        1753108522.8348367,
        1753108522.8449738,
        1753108522.854967,
        1753108522.865001,
        1753108522.8750381,
        1753108522.885148,
        1753108522.8951783,
        1753108522.9052303,
        1753108522.9153664,
        1753108522.9254842,
        1753108522.9354846,
        1753108522.945661,
        1753108522.9558494,
        1753108522.9657447,
        1753108522.9756567,
        1753108522.9857976,
        1753108522.9958122,
        1753108523.0058594,
        1753108523.0159357,
        1753108523.0260139,
        1753108523.0360532,
        1753108523.046077,
        1753108523.0563264,
        1753108523.0662348,
        1753108523.0762227,
        1753108523.0863843,
        1753108523.0964012,
        1753108523.106477,
        1753108523.1164918,
        1753108523.126519,
        1753108523.1365836,
        1753108523.1468577,
        1753108523.1567965,
        1753108523.1668553,
        1753108523.1768844,
        1753108523.1869795,
        1753108523.1970024,
        1753108523.2070174,
        1753108523.2170544,
        1753108523.2271078,
        1753108523.2371247,
        1753108523.247253,
        1753108523.257321,
        1753108523.267413,
        1753108523.2774322,
        1753108523.2875714,
        1753108523.2975762,
        1753108523.3076026,
        1753108523.3177238,
        1753108523.3277767,
        1753108523.3377566,
        1753108523.3478615,
        1753108523.357905,
        1753108523.368014,
        1753108523.3780596,
        1753108523.3880847,
        1753108523.3981028,
        1753108523.4081082,
        1753108523.4182446,
        1753108523.4282868,
        1753108523.438327,
        1753108523.4484437,
        1753108523.4584901,
        1753108523.4685366,
        1753108523.4785697,
        1753108523.4888191,
        1753108523.4990242,
        1753108523.5088735,
        1753108523.519066,
        1753108523.5289388,
        1753108523.5389845,
        1753108523.5490456,
        1753108523.5590746,
        1753108523.5691175,
        1753108523.579124,
        1753108523.5892267,
        1753108523.5992768,
        1753108523.6093144,
        1753108523.6199915,
        1753108523.6299825,
        1753108523.63954,
        1753108523.6497242,
        1753108523.6596959,
        1753108523.6697578,
        1753108523.6799736,
        1753108523.6898458,
        1753108523.6999588,
        1753108523.7099526,
        1753108523.7204354,
        1753108523.7301638,
        1753108523.740142,
        1753108523.7502227,
        1753108523.7602487,
        1753108523.7703097,
        1753108523.780413,
        1753108523.7904556,
        1753108523.8005037,
        1753108523.8105397,
        1753108523.8206258,
        1753108523.8308003,
        1753108523.840703,
        1753108523.8508239,
        1753108523.8608956,
        1753108523.8709404,
        1753108523.8809853,
        1753108523.8912616,
        1753108523.9010613,
        1753108523.9110858,
        1753108523.921234,
        1753108523.9313679,
        1753108523.9413035,
        1753108523.9514592,
        1753108523.9615622,
        1753108523.971486,
        1753108523.9816134,
        1753108523.9917016,
        1753108524.0017679,
        1753108524.0119088,
        1753108524.0220492,
        1753108524.0319774,
        1753108524.0419683,
        1753108524.0532672,
        1753108524.0622544,
        1753108524.0721734,
        1753108524.082193,
        1753108524.0921977,
        1753108524.102318,
        1753108524.1124175,
        1753108524.1224563,
        1753108524.1325135,
        1753108524.1425245,
        1753108524.152613,
        1753108524.1629488,
        1753108524.1729796,
        1753108524.1828687,
        1753108524.1928828,
        1753108524.2029316,
        1753108524.213105,
        1753108524.2232726,
        1753108524.2331111,
        1753108524.2430954,
        1753108524.2533076,
        1753108524.263489,
        1753108524.2735374,
        1753108524.2835643,
        1753108524.2936487,
        1753108524.303765,
        1753108524.3137543,
        1753108524.3238175,
        1753108524.3337157,
        1753108524.343807,
        1753108524.35387,
        1753108524.363933,
        1753108524.3739314,
        1753108524.384168,
        1753108524.3940809,
        1753108524.4041367,
        1753108524.4142478,
        1753108524.4242976,
        1753108524.4344463,
        1753108524.4443681,
        1753108524.45449,
        1753108524.46452,
        1753108524.4745398,
        1753108524.4848437,
        1753108524.4948113,
        1753108524.5047553,
        1753108524.515076,
        1753108524.5251346,
        1753108524.5350168,
        1753108524.545144,
        1753108524.555429,
        1753108524.5656192,
        1753108524.5756373,
        1753108524.5856802,
        1753108524.5957086,
        1753108524.6057165,
        1753108524.6157453,
        1753108524.6257842,
        1753108524.6358347,
        1753108524.645878,
        1753108524.6559875,
        1753108524.6660554,
        1753108524.6760023,
        1753108524.6861532,
        1753108524.6962152,
        1753108524.7061524,
        1753108524.7164092,
        1753108524.7263892,
        1753108524.7366562,
        1753108524.7465565,
        1753108524.7565875,
        1753108524.7666626,
        1753108524.7767642,
        1753108524.7869284,
        1753108524.7968476,
        1753108524.806852,
        1753108524.8169577,
        1753108524.827035,
        1753108524.837187,
        1753108524.847122,
        1753108524.857163,
        1753108524.86722,
        1753108524.877253,
        1753108524.887372,
        1753108524.8974183,
        1753108524.9074242,
        1753108524.9175396,
        1753108524.9275866,
        1753108524.9376929,
        1753108524.947894,
        1753108524.9577878,
        1753108524.9678905,
        1753108524.9779406,
        1753108524.988032,
        1753108524.99806,
        1753108525.0080445,
        1753108525.0182326,
        1753108525.0282202,
        1753108525.0382164,
        1753108525.0482714,
        1753108525.0583105,
        1753108525.0684025,
        1753108525.0784822,
        1753108525.0885618,
        1753108525.0986137,
        1753108525.1089,
        1753108525.1187732,
        1753108525.128791,
        1753108525.138831,
        1753108525.148963,
        1753108525.1589742,
        1753108525.1690803,
        1753108525.1790595,
        1753108525.1891518,
        1753108525.1992414,
        1753108525.209262,
        1753108525.2194655,
        1753108525.22944,
        1753108525.2394288,
        1753108525.2494876,
        1753108525.259607,
        1753108525.2695594,
        1753108525.2796564,
        1753108525.2897224,
        1753108525.2997847,
        1753108525.309798,
        1753108525.3199887,
        1753108525.3300009,
        1753108525.339981,
        1753108525.3501942,
        1753108525.3601055,
        1753108525.3703694,
        1753108525.3804977,
        1753108525.390378,
        1753108525.4005904,
        1753108525.4103787,
        1753108525.4206722,
        1753108525.4305866,
        1753108525.4405625,
        1753108525.450648,
        1753108525.4607768,
        1753108525.470776,
        1753108525.480965,
        1753108525.491075,
        1753108525.5010612,
        1753108525.5110943,
        1753108525.521208,
        1753108525.5312693,
        1753108525.5412264,
        1753108525.55139,
        1753108525.561477,
        1753108525.5715525,
        1753108525.5815258,
        1753108525.5915816,
        1753108525.601694,
        1753108525.6117275,
        1753108525.622044,
        1753108525.632651,
        1753108525.6422732,
        1753108525.6522431,
        1753108525.6621704,
        1753108525.6721995,
        1753108525.6823094,
        1753108525.6923542,
        1753108525.7024333,
        1753108525.7125752,
        1753108525.7227874,
        1753108525.7327063,
        1753108525.742692,
        1753108525.7528656,
        1753108525.762848,
        1753108525.7729986,
        1753108525.7832654,
        1753108525.7932565,
        1753108525.8033235,
        1753108525.8135488,
        1753108525.8235874,
        1753108525.833514,
        1753108525.8435752,
        1753108525.8537297,
        1753108525.8637555,
        1753108525.8737957,
        1753108525.8839118,
        1753108525.8939223,
        1753108525.903965,
        1753108525.9140692,
        1753108525.924096,
        1753108525.9341214,
        1753108525.9442382,
        1753108525.9541936,
        1753108525.9640853,
        1753108525.9741018,
        1753108525.9842641,
        1753108525.9943247,
        1753108526.0044034,
        1753108526.0143874,
        1753108526.024426,
        1753108526.034495,
        1753108526.0447304,
        1753108526.0548947,
        1753108526.0647364,
        1753108526.0747662,
        1753108526.0848389,
        1753108526.0949702,
        1753108526.104942,
        1753108526.1151035,
        1753108526.1250973,
        1753108526.1352327,
        1753108526.145186,
        1753108526.1553345,
        1753108526.1653872,
        1753108526.175414,
        1753108526.1855044,
        1753108526.1955633,
        1753108526.2056108,
        1753108526.2156222,
        1753108526.2256613,
        1753108526.2357507,
        1753108526.24577,
        1753108526.2558951,
        1753108526.2659428,
        1753108526.2760162,
        1753108526.286536,
        1753108526.2962773,
        1753108526.306187,
        1753108526.3162947,
        1753108526.3263116,
        1753108526.3364348,
        1753108526.346503,
        1753108526.3565264,
        1753108526.366598,
        1753108526.376632,
        1753108526.3867848,
        1753108526.3967755,
        1753108526.4067738,
        1753108526.4169102,
        1753108526.4269345,
        1753108526.4370337,
        1753108526.447104,
        1753108526.4570808,
        1753108526.4671416,
        1753108526.4771647,
        1753108526.4873917,
        1753108526.4974127,
        1753108526.5075598,
        1753108526.5177474,
        1753108526.5277646,
        1753108526.5378816,
        1753108526.5482364,
        1753108526.5582433,
        1753108526.5679734,
        1753108526.5779057,
        1753108526.5879233,
        1753108526.5980651,
        1753108526.6080203,
        1753108526.6181135,
        1753108526.6281419,
        1753108526.6382277,
        1753108526.6482625,
        1753108526.6583376,
        1753108526.6684003,
        1753108526.6784523,
        1753108526.6886232,
        1753108526.6986287,
        1753108526.708665,
        1753108526.7188575,
        1753108526.7288206,
        1753108526.7393053,
        1753108526.748977,
        1753108526.7589986,
        1753108526.7690475,
        1753108526.7790194,
        1753108526.7892094,
        1753108526.7992468,
        1753108526.8092039,
        1753108526.8193154,
        1753108526.829364,
        1753108526.8394232,
        1753108526.8495142,
        1753108526.8595598,
        1753108526.8696182,
        1753108526.8797498,
        1753108526.8897905,
        1753108526.8998775,
        1753108526.909829,
        1753108526.9199877,
        1753108526.9300673,
        1753108526.9401662,
        1753108526.9500825,
        1753108526.9600935,
        1753108526.9703567,
        1753108526.9804251,
        1753108526.9904125,
        1753108527.0003996,
        1753108527.0105016,
        1753108527.0205407,
        1753108527.030658,
        1753108527.0406058,
        1753108527.050714,
        1753108527.0607986,
        1753108527.070807,
        1753108527.0809467,
        1753108527.090966,
        1753108527.1010568,
        1753108527.1113749,
        1753108527.1213732,
        1753108527.1312578,
        1753108527.1412933,
        1753108527.1514118,
        1753108527.1613982,
        1753108527.1716304,
        1753108527.1815045,
        1753108527.191572,
        1753108527.2015939,
        1753108527.2116988,
        1753108527.2217174,
        1753108527.2317832,
        1753108527.2420554,
        1753108527.2521992,
        1753108527.2620387,
        1753108527.2720718,
        1753108527.2824197,
        1753108527.2924976,
        1753108527.3024309,
        1753108527.3123207,
        1753108527.3223848,
        1753108527.3325672,
        1753108527.3424952,
        1753108527.352653,
        1753108527.362706,
        1753108527.3726418,
        1753108527.382822,
        1753108527.3928049,
        1753108527.402884,
        1753108527.4129968,
        1753108527.423009,
        1753108527.433082,
        1753108527.4431279,
        1753108527.453252,
        1753108527.4632647,
        1753108527.4732957,
        1753108527.4836464,
        1753108527.4935603,
        1753108527.5035627,
        1753108527.5135896
    ],
    "set_target_data": [
        {
            "head": [
                [
                    0.9909866087162207,
                    0.1254892013582189,
                    0.04688285067698791,
                    0.0011531496866955034
                ],
                [
                    -0.12262209766557826,
                    0.9906552227398406,
                    -0.059716420039804534,
                    -0.004681242965902716
                ],
                [
                    -0.053938506738857146,
                    0.053429299085364916,
                    0.9971138086948896,
                    0.02
                ],
                [
                    0.0,
                    0.0,
                    0.0,
                    1.0
                ]
            ],
            "antennas": [
                0.16918112798910864,
                -0.3676850607212992
            ],
            "body_yaw": 0.0,
            "check_collision": false
        },
        {
            "head": [
                [
                    0.9910461452266913,
                    0.1250712669038436,
                    0.04674094806894109,
                    0.0011177558400093778
                ],
                [
                    -0.1221996361349533,
                    0.9906936837411536,
                    -0.05994392316046911,
                    -0.004658321381380162
                ],
                [
                    -0.05380322443683973,
                    0.05369546713132054,
                    0.9971068196786884,
                    0.02
                ],
                [
                    0.0,
                    0.0,
                    0.0,
                    1.0
                ]
            ],
            "antennas": [
                0.16918112798910864,
                -0.3676850607212992
            ],
            "body_yaw": 0.0,
            "check_collision": false
        },
        {
            "head": [
                [
                    0.9910975970166933,
                    0.12473765312186369,
                    0.04654106876067288,
                    0.001079289713704426
                ],
                [
                    -0.12186635134104817,
                    0.9907228359412257,
                    -0.0601402922789324,
                    -0.004633605381699848
                ],
                [
                    -0.05361105854724639,
                    0.053933108924155454,
                    0.9971043446717193,
                    0.02
                ],
                [
                    0.0,
                    0.0,
                    0.0,
                    1.0
                ]
            ],
            "antennas": [
                0.16918112798910864,
                -0.3676850607212992
            ],
            "body_yaw": 0.0,
            "check_collision": false
        },
        {
            "head": [
                [
                    0.9911211588610955,
                    0.12464094184956051,
                    0.04629777610959162,
                    0.0009590146841544122
                ],
                [
                    -0.12175373582839596,
                    0.9907035473138296,
                    -0.060683681098168116,
                    -0.0045898724974095875
                ],
                [
                    -0.05343104219148793,
                    0.05450795313208409,
                    0.9970827482088346,
                    0.02
                ],
                [
                    0.0,
                    0.0,
                    0.0,
                    1.0
                ]
            ],
            "antennas": [
                0.16918112798910864,
                -0.3676850607212992
            ],
            "body_yaw": 0.0,
            "check_collision": false
        },
        {
            "head": [
                [
                    0.9911651038049983,
                    0.12437901880406839,
                    0.0460607933123604,
                    0.0008771289677600705
                ],
                [
                    -0.12150252925515535,
                    0.9907316873291292,
                    -0.060727745772230037,
                    -0.004574324377602275
                ],
                [
                    -0.05318714491140598,
                    0.054594719555225206,
                    0.9970910410854463,
                    0.02
                ],
                [
                    0.0,
                    0.0,
                    0.0,
                    1.0
                ]
            ],
            "antennas": [
                0.16918112798910864,
                -0.3676850607212992
            ],
            "body_yaw": 0.0,
            "check_collision": false
        },
        {
            "head": [
                [
                    0.9912138804926867,
                    0.12412563762644652,
                    0.045693207399544314,
                    0.0007850365598640894
                ],
                [
                    -0.12126544906757844,
                    0.9907561707387218,
                    -0.06080214638960541,
                    -0.004554790446757901
                ],
                [
                    -0.052817932381609076,
                    0.05472692415048145,
                    0.9971034198075739,
                    0.02
                ],
                [
                    0.0,
                    0.0,
                    0.0,
                    1.0
                ]
            ],
            "antennas": [
                0.16918112798910864,
                -0.3676850607212992
            ],
            "body_yaw": 0.0,
            "check_collision": false
        },
        {
            "head": [
                [
                    0.9912729804383358,
                    0.12378661646822742,
                    0.04532937056971793,
                    0.0006932227181304399
                ],
                [
                    -0.12094252335790343,
                    0.9907909305089775,
                    -0.06087888028682528,
                    -0.004538004034881603
                ],
                [
                    -0.052447919851237465,
                    0.054865340648742766,
                    0.9971153444305105,
                    0.02
                ],
                [
                    0.0,
                    0.0,
                    0.0,
                    1.0
                ]
            ],
            "antennas": [
                0.16918112798910864,
                -0.3676850607212992
            ],
            "body_yaw": 0.0,
            "check_collision": false
        },
        {
            "head": [
                [
                    0.9913293010840535,
                    0.12342337734789953,
                    0.045087545245231,
                    0.0006067255163692805
                ],
                [
                    -0.12059526105147327,
                    0.990836182612249,
                    -0.06083126037091227,
                    -0.004521649814076713
                ],
                [
                    -0.05218237081744916,
                    0.05486646653853977,
                    0.9971292148089165,
                    0.02
                ],
                [
                    0.0,
                    0.0,
                    0.0,
                    1.0
                ]
            ],
            "antennas": [
                0.16918112798910864,
                -0.3676850607212992
            ],
            "body_yaw": 0.0,
            "check_collision": false
        },
        {
            "head": [
                [
                    0.9913766461497504,
                    0.12309213013687784,
                    0.044951896147312466,
                    0.0005335116327905192
                ],
                [
                    -0.1202715003207642,
                    0.9908753667681673,
                    -0.06083398509585367,
                    -0.0045041910427309
                ],
                [
                    -0.0520299113920565,
                    0.05490296012435086,
                    0.9971351730282705,
                    0.02
                ],
                [
                    0.0,
                    0.0,
                    0.0,
                    1.0
                ]
            ],
            "antennas": [
                0.16918112798910864,
                -0.3676850607212992
            ],
            "body_yaw": 0.0,
            "check_collision": false
        },
        {
            "head": [
                [
                    0.9914004360564669,
                    0.12296366536680471,
                    0.04477848128965372,
                    0.0005709972214055252
                ],
                [
                    -0.12011913197294062,
                    0.9908541001154512,
                    -0.0614780157329989,
                    -0.0041480325361406886
                ],
                [
                    -0.05192850393680403,
                    0.055570579302001676,
                    0.9971034756708681,
                    0.02
                ],
                [
                    0.0,
                    0.0,
                    0.0,
                    1.0
                ]
            ],
            "antennas": [
                0.16918112798910864,
                -0.3676850607212992
            ],
            "body_yaw": 0.0,
            "check_collision": false
        },
        {
            "head": [
                [
                    0.9914546217825136,
                    0.12264422065484767,
                    0.04445366223448652,
                    0.0004881731892282552
                ],
                [
                    -0.11980464582070116,
                    0.9908761698295032,
                    -0.06173542665107143,
                    -0.004112969900543486
                ],
                [
                    -0.05161956785821761,
                    0.0558821188214844,
                    0.9971021056091258,
                    0.02
                ],
                [
                    0.0,
                    0.0,
                    0.0,
                    1.0
                ]
            ],
            "antennas": [
                0.16918112798910864,
                -0.3676850607212992
            ],
            "body_yaw": 0.0,
            "check_collision": false
        },
        {
            "head": [
                [
                    0.9915021926104071,
                    0.12235807572490183,
                    0.04418035031158002,
                    0.0003981651409608088
                ],
                [
                    -0.11952429783112133,
                    0.9908982872688845,
                    -0.06192355380279789,
                    -0.004075647466064907
                ],
                [
                    -0.051355080340041756,
                    0.05611671402077807,
                    0.9971025875659824,
                    0.02
                ],
                [
                    0.0,
                    0.0,
                    0.0,
                    1.0
                ]
            ],
            "antennas": [
                0.16918112798910864,
                -0.3676850607212992
            ],
            "body_yaw": 0.0,
            "check_collision": false
        },
        {
            "head": [
                [
                    0.9915245292460083,
                    0.12218183958388126,
                    0.0441667972506522,
                    0.0003018165782105531
                ],
                [
                    -0.11933570550442188,
                    0.9909049343705655,
                    -0.062180386230927524,
                    -0.004039506265519008
                ],
                [
                    -0.051362411306746555,
                    0.05638270227617805,
                    0.9970872046058923,
                    0.02
                ],
                [
                    0.0,
                    0.0,
                    0.0,
                    1.0
                ]
            ],
            "antennas": [
                0.16918112798910864,
                -0.3676850607212992
            ],
            "body_yaw": 0.0,
            "check_collision": false
        },
        {
            "head": [
                [
                    0.9915422662645422,
                    0.1220081268935999,
                    0.04424874216168477,
                    0.0002149128531676184
                ],
                [
                    -0.1191333980571035,
                    0.9908999010877625,
                    -0.06264678356971304,
                    -0.003991337919488729
                ],
                [
                    -0.05148949095052077,
                    0.05684543074142341,
                    0.9970543763132874,
                    0.02
                ],
                [
                    0.0,
                    0.0,
                    0.0,
                    1.0
                ]
            ],
            "antennas": [
                0.16918112798910864,
                -0.3676850607212992
            ],
            "body_yaw": 0.0,
            "check_collision": false
        },
        {
            "head": [
                [
                    0.991583567880902,
                    0.12162127427642117,
                    0.04438798882536491,
                    0.00014793422893090175
                ],
                [
                    -0.11872284666133812,
                    0.9909295729110489,
                    -0.06295607366215743,
                    -0.003950998890615365
                ],
                [
                    -0.05164216871133107,
                    0.057156339750775935,
                    0.9970287053225121,
                    0.02
                ],
                [
                    0.0,
                    0.0,
                    0.0,
                    1.0
                ]
            ],
            "antennas": [
                0.16918112798910864,
                -0.3676850607212992
            ],
            "body_yaw": 0.0,
            "check_collision": false
        },
        {
            "head": [
                [
                    0.9916414727815094,
                    0.1211353262832567,
                    0.04442321674493848,
                    -9.534925562595638e-05
                ],
                [
                    -0.11822089931560324,
                    0.9909720109569817,
                    -0.06323205251204013,
                    -0.00516807550371641
                ],
                [
                    -0.05168179974351556,
                    0.05745177304595863,
                    0.9970096716427311,
                    0.02
                ],
                [
                    0.0,
                    0.0,
                    0.0,
                    1.0
                ]
            ],
            "antennas": [
                0.16918112798910864,
                -0.3676850607212992
            ],
            "body_yaw": 0.0,
            "check_collision": false
        },
        {
            "head": [
                [
                    0.9916648230749983,
                    0.12082152721547841,
                    0.044755304009151516,
                    -0.00012660397368383048
                ],
                [
                    -0.11787329858208061,
                    0.9909951625156891,
                    -0.06351750429513509,
                    -0.0051725651104630715
                ],
                [
                    -0.05202657164384212,
                    0.057712619346398084,
                    0.9969766744569131,
                    0.02
                ],
                [
                    0.0,
                    0.0,
                    0.0,
                    1.0
                ]
            ],
            "antennas": [
                0.16918112798910864,
                -0.3676850607212992
            ],
            "body_yaw": 0.0,
            "check_collision": false
        },
        {
            "head": [
                [
                    0.991664048143249,
                    0.12075814044919816,
                    0.04494315448871017,
                    -9.453484007751088e-05
                ],
                [
                    -0.11778097768263726,
                    0.9909839206695831,
                    -0.0638632153157352,
                    -0.004590765060546495
                ],
                [
                    -0.05224994656711569,
                    0.05803740595162381,
                    0.9969461382613106,
                    0.02
                ],
                [
                    0.0,
                    0.0,
                    0.0,
                    1.0
                ]
            ],
            "antennas": [
                0.16918112798910864,
                -0.3676850607212992
            ],
            "body_yaw": 0.0,
            "check_collision": false
        },
        {
            "head": [
                [
                    0.9916889796629614,
                    0.12048013851808038,
                    0.04513871772323662,
                    -0.00013954089685122703
                ],
                [
                    -0.11748169002754495,
                    0.9910070549115743,
                    -0.06405520762404336,
                    -0.004577354280689115
                ],
                [
                    -0.05245016800073876,
                    0.0582198706469846,
                    0.9969249854119125,
                    0.02
                ],
                [
                    0.0,
                    0.0,
                    0.0,
                    1.0
                ]
            ],
            "antennas": [
                0.16918112798910864,
                -0.3676850607212992
            ],
            "body_yaw": 0.0,
            "check_collision": false
        },
        {
            "head": [
                [
                    0.9917255787888601,
                    0.12015006445567462,
                    0.045214360409028716,
                    -0.0001907016395554218
                ],
                [
                    -0.11714904271568961,
                    0.9910484145037008,
                    -0.06402454139233076,
                    -0.0045649089434939664
                ],
                [
                    -0.05250217297120036,
                    0.058197956330080666,
                    0.9969235275146756,
                    0.02
                ],
                [
                    0.0,
                    0.0,
                    0.0,
                    1.0
                ]
            ],
            "antennas": [
                0.16918112798910864,
                -0.3676850607212992
            ],
            "body_yaw": 0.0,
            "check_collision": false
        },
        {
            "head": [
                [
                    0.9917617057271642,
                    0.11982333564819973,
                    0.04528893117843543,
                    -0.0002445436839472229
                ],
                [
                    -0.11682391848748734,
                    0.9910938118461247,
                    -0.06391578982964806,
                    -0.004546876487134109
                ],
                [
                    -0.05254418257405007,
                    0.05809840233997572,
                    0.9969271209688136,
                    0.02
                ],
                [
                    0.0,
                    0.0,
                    0.0,
                    1.0
                ]
            ],
            "antennas": [
                0.16918112798910864,
                -0.3676850607212992
            ],
            "body_yaw": 0.0,
            "check_collision": false
        },
        {
            "head": [
                [
                    0.9917895269993633,
                    0.11967156290288257,
                    0.045080496523006726,
                    -0.0002825399371021507
                ],
                [
                    -0.11668713510771352,
                    0.9911132957632602,
                    -0.06386350649347862,
                    -0.004253082602368459
                ],
                [
                    -0.05232252511809437,
                    0.05807884290918503,
                    0.9969399186368237,
                    0.02
                ],
                [
                    0.0,
                    0.0,
                    0.0,
                    1.0
                ]
            ],
            "antennas": [
                0.16918112798910864,
                -0.3676850607212992
            ],
            "body_yaw": 0.0,
            "check_collision": false
        },
        {
            "head": [
                [
                    0.9918283682532982,
                    0.11941698213106716,
                    0.04490069383325875,
                    -0.00035530173537263446
                ],
                [
                    -0.11645667211930305,
                    0.9911569745988642,
                    -0.0636057797918032,
                    -0.004238511821401943
                ],
                [
                    -0.05209924612599299,
                    0.057857031402713754,
                    0.9969645091327817,
                    0.02
                ],
                [
                    0.0,
                    0.0,
                    0.0,
                    1.0
                ]
            ],
            "antennas": [
                0.16918112798910864,
                -0.3676850607212992
            ],
            "body_yaw": 0.0,
            "check_collision": false
        },
        {
            "head": [
                [
                    0.9919040140340813,
                    0.11883718806433224,
                    0.044767730298059166,
                    -0.00039287047136678027
                ],
                [
                    -0.11588605578196653,
                    0.9912251693005811,
                    -0.06358526417601444,
                    -0.005094287257587496
                ],
                [
                    -0.051931195040901726,
                    0.057882523079053276,
                    0.9969717972458534,
                    0.02
                ],
                [
                    0.0,
                    0.0,
                    0.0,
                    1.0
                ]
            ],
            "antennas": [
                0.16918112798910864,
                -0.3676850607212992
            ],
            "body_yaw": 0.0,
            "check_collision": false
        },
        {
            "head": [
                [
                    0.9919399812354827,
                    0.11851837962992981,
                    0.04481592703989863,
                    -0.00044629396714723985
                ],
                [
                    -0.1155806383906334,
                    0.9912804429470663,
                    -0.06327874413956976,
                    -0.005136421602774381
                ],
                [
                    -0.051924846227632854,
                    0.05758886281707022,
                    0.9969891339546649,
                    0.02
                ],
                [
                    0.0,
                    0.0,
                    0.0,
                    1.0
                ]
            ],
            "antennas": [
                0.16918112798910864,
                -0.3676850607212992
            ],
            "body_yaw": 0.0,
            "check_collision": false
        },
        {
            "head": [
                [
                    0.9919399493564741,
                    0.1184302414929727,
                    0.04504902630015178,
                    -0.0003702522348507059
                ],
                [
                    -0.1154926428937635,
                    0.991307190470562,
                    -0.06301986638175695,
                    -0.00455720614244972
                ],
                [
                    -0.05212088168948426,
                    0.05730909195997656,
                    0.9969950259006479,
                    0.02
                ],
                [
                    0.0,
                    0.0,
                    0.0,
                    1.0
                ]
            ],
            "antennas": [
                0.16918112798910864,
                -0.3676850607212992
            ],
            "body_yaw": 0.0,
            "check_collision": false
        },
        {
            "head": [
                [
                    0.9919352772950373,
                    0.11835987077925762,
                    0.045335931078282,
                    -0.00041540343209132925
                ],
                [
                    -0.11542689773612812,
                    0.9913402486844216,
                    -0.06261902759802498,
                    -0.0045919395228548165
                ],
                [
                    -0.05235491320430889,
                    0.056881036624047504,
                    0.9970072771730119,
                    0.02
                ],
                [
                    0.0,
                    0.0,
                    0.0,
                    1.0
                ]
            ],
            "antennas": [
                0.16918112798910864,
                -0.3676850607212992
            ],
